DEM/DEM19.asc
ncols 800
nrows 800
xllcenter 960150.000000
yllcenter 1520150.000000
cellsize 300.000000
nodata_value -9999
[rows 252 to 293 of 800, columns 470 to 563 of 800]
132 125 129 129 124 127 133 131 127 127 130 128 127 128 130 134 133 131 130 130 131 130 134 135 134 134 132 133 127 124 123 119 122 126 132 130 128 125 117 122 121 120 118 121 117 119 123 124 123 119 124 121 122 127 128 125 122 122 123 126 129 126 125 126 123 124 125 131 137 136 133 134 132 132 132 131 131 136 135 123 121 121 122 121 124 133 135 128 128 127 125 126 127 129
129 122 127 125 122 125 126 129 125 124 131 130 125 126 127 129 129 132 133 129 130 131 132 129 127 129 133 134 130 127 124 122 120 126 127 126 125 114 114 111 114 116 119 118 118 118 123 123 122 122 122 118 121 128 127 126 124 122 122 123 123 128 129 127 128 125 132 133 135 134 135 134 132 129 131 131 133 129 130 123 124 124 123 123 124 122 122 123 123 124 126 125 131 128
122 123 121 121 120 123 124 123 121 123 132 129 122 122 122 123 130 129 125 131 132 131 130 130 130 132 133 132 131 130 123 121 122 126 125 120 113 115 116 117 117 114 116 115 118 125 125 123 121 118 114 117 122 130 128 126 124 122 122 122 122 124 127 128 130 127 131 131 133 132 132 133 132 128 127 127 127 123 122 125 128 129 127 127 125 123 124 123 123 123 123 123 122 123
120 119 118 118 117 119 124 126 125 122 124 119 119 119 119 121 123 121 124 129 129 132 130 129 130 130 130 130 129 130 130 121 121 126 127 131 120 114 114 114 114 114 114 116 124 125 123 121 119 115 118 127 123 129 129 127 123 124 123 123 123 124 124 126 126 125 128 126 125 125 127 125 126 125 124 124 123 122 123 126 128 128 128 129 126 127 125 125 124 122 122 122 122 121
116 117 121 120 124 122 122 121 124 123 121 123 123 121 118 116 117 117 117 119 124 127 125 131 128 125 128 129 125 127 125 122 124 121 127 128 124 118 114 114 115 114 115 121 124 125 122 115 118 115 126 126 126 128 130 126 124 125 124 123 122 125 126 123 123 124 124 123 122 122 124 124 124 125 123 125 124 121 124 128 130 130 129 129 131 130 129 130 126 122 122 122 122 122
119 115 120 120 122 121 121 121 121 122 126 125 123 120 116 115 115 119 131 127 120 119 118 124 123 118 121 125 127 129 125 122 123 124 125 124 128 125 118 117 120 122 123 123 124 121 121 119 119 116 121 121 126 127 128 124 123 124 125 124 122 124 127 128 128 124 122 122 122 122 122 121 122 124 122 120 120 119 120 120 120 122 124 128 130 131 135 129 125 122 122 122 122 122
122 119 123 119 122 119 119 118 119 121 123 124 120 117 115 115 115 119 127 125 127 119 120 118 118 120 120 119 124 126 125 123 126 123 123 122 123 119 122 122 124 122 122 122 118 118 123 122 118 116 119 125 126 130 125 124 125 127 126 122 123 124 127 126 124 126 124 123 125 124 125 124 120 121 120 119 119 119 119 119 120 119 120 120 121 127 130 130 126 126 123 122 122 122
123 123 123 122 122 121 119 118 118 119 120 125 127 122 120 116 116 118 120 122 117 117 120 120 118 116 115 119 117 121 122 123 121 121 121 122 121 120 123 121 123 123 123 119 117 122 120 122 123 118 116 122 125 128 126 123 126 126 121 122 123 124 126 123 124 126 126 124 124 126 125 124 120 118 119 119 119 119 120 119 119 119 120 119 120 121 122 125 127 127 125 125 124 122
122 120 122 123 122 119 120 115 115 116 118 121 126 121 122 117 115 116 121 122 122 119 115 116 116 114 115 120 119 117 121 122 125 123 121 124 122 121 122 123 122 120 116 116 125 127 123 125 123 123 120 116 123 126 128 121 120 122 123 125 125 125 126 126 124 125 125 125 125 122 120 120 118 119 120 119 119 119 120 119 120 120 119 119 121 123 122 126 125 124 124 125 126 124
124 121 122 121 117 118 120 116 115 115 115 120 123 121 122 117 116 117 122 121 125 120 118 119 119 118 118 121 124 121 120 123 125 122 119 123 120 122 120 123 118 109 113 124 128 128 128 124 123 123 121 117 121 123 124 122 120 126 127 123 126 127 125 124 122 123 124 124 121 118 118 118 118 119 120 120 119 118 120 120 122 120 121 119 120 120 122 122 126 125 123 122 122 123
117 117 122 120 117 121 117 115 116 115 115 118 116 124 121 117 117 119 122 120 126 119 120 121 122 122 118 120 125 123 119 120 124 122 122 123 123 122 121 117 111 114 121 129 130 125 121 123 126 124 121 116 120 124 124 124 118 124 123 121 120 122 124 120 120 118 119 120 118 118 119 118 120 121 121 122 124 125 125 125 124 122 126 122 122 121 122 123 122 124 123 121 123 122
118 119 117 117 122 120 116 115 116 116 116 116 118 122 124 121 120 121 122 122 123 119 118 120 120 122 120 119 118 119 121 122 119 123 124 126 123 122 115 110 115 122 120 120 121 123 120 118 120 122 121 117 119 119 121 123 118 122 123 126 126 122 121 122 121 120 118 119 118 118 118 123 131 132 124 130 129 127 128 131 132 133 139 135 123 120 119 119 122 122 121 121 121 122
118 118 115 116 122 119 116 117 116 116 118 117 116 118 123 123 123 124 124 124 123 123 119 119 120 120 119 120 118 124 126 127 128 121 124 119 118 118 121 123 122 123 124 124 126 128 122 118 118 119 120 119 123 123 122 120 119 118 121 126 131 124 121 123 119 119 119 118 118 118 121 129 132 126 125 133 132 130 129 127 130 128 131 134 131 123 121 119 120 122 122 122 122 122
115 115 115 116 120 118 119 120 120 120 120 116 117 117 119 121 120 120 121 120 123 122 119 119 121 118 117 118 121 129 126 126 128 129 126 122 128 127 126 128 130 131 132 133 134 129 128 127 121 118 118 120 123 124 123 123 119 118 118 118 119 120 118 118 119 118 117 118 119 119 124 126 126 125 127 130 134 132 129 127 126 124 124 128 127 127 127 122 120 120 120 122 124 123
120 120 124 121 120 124 129 130 130 131 130 123 124 126 118 124 129 129 122 122 121 120 122 122 121 119 121 120 125 124 122 119 122 123 125 127 128 128 124 127 131 128 125 126 130 129 130 130 130 124 118 117 118 121 123 122 119 119 121 122 120 120 120 118 118 118 118 119 120 123 127 125 123 131 135 134 134 131 131 131 132 128 125 127 130 131 129 128 126 123 121 122 123 125
121 124 125 121 123 123 129 132 132 129 127 126 129 126 121 126 128 127 127 121 118 116 117 119 120 119 119 121 124 119 120 120 121 121 126 129 129 126 121 123 124 121 121 122 121 125 130 132 131 131 126 119 122 118 119 120 120 120 118 123 121 120 119 118 118 119 121 123 124 126 129 127 124 129 133 136 133 132 135 136 133 129 127 129 129 129 129 130 128 130 129 122 123 125
123 126 127 124 128 126 128 132 134 134 131 129 124 124 125 133 134 130 131 128 123 118 116 116 119 122 122 121 119 118 118 119 120 121 121 121 125 124 122 122 122 121 121 122 121 123 131 131 132 132 129 130 130 127 119 118 119 120 121 120 121 120 120 118 120 121 124 128 130 132 134 131 127 125 132 134 133 135 136 136 134 133 130 130 129 125 125 126 122 123 128 133 128 124
126 129 131 129 129 128 130 135 133 132 129 127 131 130 133 135 134 134 135 129 124 125 122 120 122 121 120 121 118 118 122 122 122 121 119 122 126 125 123 122 122 122 122 122 121 121 122 123 122 121 126 127 128 130 127 120 121 122 120 121 121 121 123 126 127 124 127 132 135 134 136 134 131 126 128 134 135 135 132 131 131 130 128 128 128 126 122 122 121 122 124 125 134 130
131 128 137 134 133 131 136 136 136 134 131 132 136 135 134 134 130 134 134 127 128 134 129 121 120 120 119 119 119 120 121 119 120 122 120 123 126 125 123 122 121 121 124 122 121 120 120 120 120 121 122 122 120 122 127 121 123 122 120 121 122 124 132 133 129 129 130 134 131 132 135 135 133 127 130 133 134 135 133 130 133 129 127 125 125 123 121 122 121 122 122 123 128 131
139 135 137 141 138 139 141 141 138 138 135 132 130 131 133 132 132 132 134 133 134 133 133 124 120 119 119 118 120 119 118 120 122 124 123 125 125 125 123 122 121 123 123 121 121 120 120 120 121 121 122 121 123 122 121 122 122 121 123 123 124 124 129 129 132 134 134 133 132 134 131 134 134 127 130 133 137 136 133 134 135 132 131 128 123 122 122 124 122 121 123 125 124 123
140 141 142 138 137 141 140 139 136 140 138 133 134 129 128 130 131 128 135 131 131 134 135 129 120 120 121 120 121 119 120 121 123 122 126 125 126 126 124 121 124 124 122 120 122 121 121 120 121 125 125 125 125 124 121 124 124 124 125 128 126 124 124 128 132 131 133 135 136 136 132 133 130 130 130 131 135 136 133 135 137 130 128 126 123 124 127 123 122 125 123 124 122 122
139 141 139 138 138 141 137 137 135 138 138 137 135 128 125 126 130 127 129 127 129 131 133 133 123 120 119 119 119 122 121 123 121 123 125 125 125 126 127 124 124 122 124 122 121 121 121 120 123 125 127 127 128 124 124 126 128 128 128 130 127 126 129 133 133 132 132 136 137 137 133 128 129 137 133 133 135 136 136 133 130 125 126 123 123 124 126 125 125 127 124 124 122 121
139 139 138 137 140 138 134 137 134 138 136 135 131 127 126 123 124 126 127 125 127 129 129 132 127 120 119 119 122 123 122 121 122 122 123 124 126 127 124 123 123 122 123 122 121 122 122 122 123 125 127 128 128 127 126 127 133 132 131 129 128 128 133 135 134 133 132 132 134 132 129 130 132 137 135 134 135 132 135 130 127 125 124 124 126 127 127 130 128 127 127 124 122 124
139 137 140 136 136 139 137 135 138 136 132 134 128 128 126 125 127 127 126 125 123 124 122 124 125 123 121 122 123 121 121 121 121 121 121 121 124 126 125 123 123 122 122 121 122 122 122 122 121 126 126 129 130 130 127 128 131 135 134 132 132 129 133 137 135 134 136 134 132 130 130 134 136 135 135 137 136 130 132 130 128 125 123 124 126 126 127 127 124 126 128 126 124 123
139 137 138 137 134 135 136 135 135 137 132 133 131 129 127 131 133 130 131 132 128 126 128 124 124 123 121 123 124 122 120 122 120 121 122 122 121 125 125 125 125 123 122 123 123 122 122 122 122 123 125 128 131 132 129 131 133 136 133 131 135 130 132 138 135 134 134 133 132 133 131 134 135 137 136 137 137 129 133 134 124 124 124 124 125 127 125 126 128 130 130 129 129 127
136 134 139 136 134 135 137 135 130 136 132 135 133 127 126 134 133 132 132 133 128 131 131 124 128 127 122 122 122 120 121 122 120 121 120 121 122 125 125 124 125 123 123 122 122 122 123 123 121 124 127 129 131 131 133 134 133 137 133 133 134 133 135 135 134 136 134 134 132 134 134 134 134 134 135 141 139 133 127 130 125 123 123 128 122 124 125 124 125 125 129 130 130 128
132 132 134 137 135 130 131 132 131 131 129 129 129 127 130 131 134 133 131 129 127 132 130 128 133 131 125 122 122 122 124 125 121 121 120 122 125 125 126 125 126 124 124 124 123 122 123 123 123 127 127 129 129 132 134 136 135 139 139 139 137 138 138 135 134 134 133 132 132 135 136 136 133 132 140 140 135 132 129 124 124 124 127 127 122 124 126 125 124 125 129 131 131 128
133 133 133 137 135 130 132 134 132 133 129 128 127 129 137 136 138 131 128 127 128 134 131 130 135 133 130 125 122 122 123 122 121 121 123 124 123 125 126 125 125 125 126 128 122 124 124 124 124 126 126 126 129 131 134 134 136 140 140 140 136 137 135 134 132 132 130 130 130 133 133 131 129 130 140 129 128 125 125 125 125 127 132 126 123 124 126 126 127 127 129 132 130 129
135 136 132 133 133 133 133 133 133 130 131 133 131 132 137 135 135 130 132 131 130 133 135 129 132 134 135 130 124 120 124 120 120 121 121 121 122 124 125 123 126 126 127 124 122 125 125 125 124 126 126 128 129 130 132 134 135 140 140 137 135 134 132 132 130 131 131 130 128 129 130 127 126 127 128 125 126 125 124 124 126 137 131 124 123 124 125 123 126 132 133 133 131 133
132 136 133 134 133 130 132 131 131 128 133 134 133 133 136 135 132 133 133 133 133 135 136 133 132 134 134 130 125 125 124 120 119 122 122 122 122 121 120 122 124 126 123 124 124 125 123 126 126 127 127 127 129 130 130 132 133 136 138 137 134 134 133 133 134 133 133 131 128 128 127 127 127 126 125 125 125 124 127 126 136 137 132 124 124 126 125 124 125 129 133 135 134 136
130 133 132 131 133 129 128 128 129 131 136 137 134 130 135 135 136 134 134 134 134 134 135 135 135 135 134 127 131 130 129 121 121 122 121 123 122 122 123 124 125 125 125 123 126 124 123 126 127 128 127 126 127 130 130 131 135 138 138 137 135 134 135 135 135 132 131 132 132 132 127 127 126 131 128 130 127 127 132 127 139 138 128 123 125 126 126 125 125 128 132 133 132 134
135 131 132 133 133 132 131 130 129 130 138 134 131 132 135 136 133 135 135 135 135 135 136 136 134 135 132 131 131 132 129 125 126 123 122 121 122 123 124 125 126 126 124 124 126 126 126 126 125 125 128 129 127 129 131 133 136 139 138 136 136 137 137 136 136 134 134 134 134 130 130 129 129 134 131 130 129 133 136 134 135 137 132 124 125 131 125 124 125 125 128 129 130 133
137 138 137 135 137 136 132 135 136 133 135 137 134 133 134 135 132 131 133 133 133 135 135 136 136 134 133 131 133 131 129 125 126 123 124 121 121 124 126 126 125 125 124 126 127 127 126 126 126 126 127 129 130 130 131 133 137 139 138 136 137 138 138 137 137 135 134 133 132 130 129 129 131 139 133 128 130 135 137 130 135 139 131 124 124 125 124 123 124 125 128 130 134 134
141 139 137 134 140 138 133 138 138 136 135 136 136 134 131 134 132 129 130 131 131 135 136 135 136 133 134 135 133 127 127 124 125 124 122 119 120 119 122 124 126 126 126 127 127 128 128 126 126 125 125 127 128 130 131 133 135 140 139 138 138 137 137 136 135 135 134 132 131 129 128 129 134 136 134 129 131 133 132 133 137 137 130 123 123 125 124 124 124 127 131 131 130 131
141 140 140 136 141 136 132 140 141 137 138 137 135 131 131 131 131 131 134 133 133 134 135 134 135 134 134 137 135 127 125 125 126 124 122 121 127 124 121 120 123 124 125 126 127 128 129 128 127 127 127 128 129 130 131 133 133 138 139 139 139 137 135 135 134 133 133 132 132 130 128 128 130 133 133 130 133 137 136 135 137 139 131 126 126 126 125 124 127 129 129 129 128 130
140 141 141 142 143 139 136 139 139 138 140 135 135 132 132 131 132 132 132 132 135 134 133 131 131 131 132 133 133 129 128 127 126 125 125 123 128 126 125 124 122 122 124 125 125 126 128 129 132 129 129 127 130 132 132 134 137 141 139 139 139 137 133 134 133 132 130 131 131 128 129 129 131 134 133 132 134 135 135 138 138 136 133 128 128 125 124 125 126 126 126 127 130 131
144 144 142 144 140 142 144 141 137 138 141 138 135 132 132 130 132 132 132 133 135 135 133 131 127 127 128 130 127 125 126 125 125 123 123 121 121 126 125 124 124 125 125 126 125 127 128 129 132 131 130 129 131 132 133 134 137 141 137 137 139 136 133 133 133 132 131 130 129 132 136 132 133 134 135 135 133 134 134 134 139 137 133 130 125 128 124 123 123 125 127 126 126 127
142 143 142 141 144 143 143 138 137 138 139 138 134 133 132 131 132 132 133 134 135 133 133 126 125 125 124 124 123 123 125 123 123 123 124 121 121 123 127 124 124 126 126 129 127 128 129 129 130 133 131 130 131 134 134 135 141 139 138 136 136 134 133 135 135 133 131 131 132 136 133 132 135 136 135 136 135 134 135 135 139 137 139 134 129 126 124 124 124 125 126 126 126 126
142 141 141 142 145 142 141 138 136 138 137 134 132 133 134 132 131 133 135 137 136 133 130 127 126 124 123 123 123 123 124 125 125 126 124 123 122 122 128 128 126 126 127 130 129 128 129 129 130 132 132 131 131 133 136 139 140 139 138 136 134 134 134 136 135 134 134 131 134 137 135 134 135 137 137 136 134 137 133 133 133 131 137 128 126 126 124 124 124 125 127 125 126 126
144 143 138 139 143 145 140 140 139 137 135 133 132 133 134 134 133 133 131 136 136 134 132 127 125 124 124 123 126 124 123 123 126 125 124 122 123 125 127 129 130 130 129 131 132 130 129 128 128 132 135 135 133 136 138 139 140 139 137 137 137 137 137 136 136 136 134 132 135 135 137 139 139 139 139 138 136 134 131 131 132 130 129 127 127 125 125 125 124 126 128 129 129 128
139 140 135 141 142 143 139 140 138 137 135 133 132 134 136 135 135 132 132 133 134 132 131 128 123 124 123 124 126 125 125 122 124 125 124 122 121 126 128 129 130 132 131 133 133 130 129 130 130 130 133 135 137 139 140 140 141 141 140 139 139 138 137 139 137 137 133 132 133 135 137 138 139 138 140 140 138 135 133 136 139 131 127 127 126 125 125 124 125 126 127 128 131 132
138 140 134 139 141 140 136 138 137 137 136 134 133 135 134 134 133 129 132 131 130 130 127 127 125 124 124 126 127 126 125 126 126 124 124 123 123 126 126 126 129 132 133 135 133 132 131 132 132 130 133 135 136 139 143 141 141 141 141 140 140 139 138 137 138 138 133 133 136 137 138 138 137 138 137 135 135 134 138 134 136 134 127 128 127 126 127 127 127 129 128 128 130 133
