DEM/DEM19.asc
ncols 800
nrows 800
xllcenter 960150.000000
yllcenter 1520150.000000
cellsize 300.000000
nodata_value -9999
[rows 0 to 41 of 800, columns 470 to 563 of 800]
148 147 148 151 151 154 157 160 159 157 160 164 160 160 166 162 165 167 167 168 164 164 161 160 157 157 156 161 155 159 154 156 158 156 162 157 156 156 159 163 161 157 159 165 163 160 162 167 164 160 161 162 156 154 153 152 152 157 151 151 149 152 148 153 155 154 152 154 155 157 157 160 161 163 164 166 165 164 159 154 154 154 153 153 156 159 164 169 165 165 165 164 160 163
147 148 149 150 153 153 157 161 157 154 158 159 159 158 162 161 165 168 167 168 164 165 163 162 160 156 155 155 155 158 152 153 151 155 160 157 157 159 163 164 160 158 157 160 160 160 161 165 162 159 162 158 158 156 155 152 151 155 150 150 151 155 148 151 152 158 154 153 154 156 157 158 159 162 161 162 161 159 159 157 153 154 153 153 157 157 160 166 165 164 165 165 163 165
152 152 153 153 151 150 152 155 156 152 155 157 157 156 158 161 165 166 163 163 163 160 163 163 161 157 158 156 155 154 153 156 152 151 157 157 156 161 162 164 158 157 155 155 158 159 160 163 160 157 163 163 162 161 158 153 151 149 149 148 151 152 151 152 150 154 152 152 152 155 159 159 161 162 163 164 163 162 160 158 154 153 153 156 157 161 160 162 165 165 164 165 162 162
154 151 149 150 149 149 150 151 152 150 152 154 156 155 159 160 162 163 159 162 163 159 160 162 162 160 159 157 154 156 156 157 155 152 151 153 155 159 162 163 157 155 152 156 162 158 156 156 154 157 161 163 158 156 157 156 151 149 151 148 150 149 152 149 153 155 152 153 156 156 159 161 163 164 163 162 162 161 163 161 155 152 152 155 158 161 164 165 166 166 165 165 164 158
149 149 147 148 148 148 149 149 150 150 149 152 154 155 156 156 159 162 160 158 160 158 158 161 162 162 160 157 156 157 156 156 150 153 155 158 160 158 159 159 155 155 155 161 164 161 154 152 154 158 163 161 159 155 153 152 151 148 148 148 148 152 148 150 153 148 150 154 157 160 163 162 164 164 164 164 164 162 163 159 154 150 151 154 155 159 163 165 164 167 168 162 163 163
145 146 147 146 147 145 147 149 153 153 154 155 153 152 154 159 162 160 156 156 157 153 158 160 160 162 160 159 158 159 157 155 151 153 157 158 159 156 159 157 154 156 158 161 156 161 159 153 156 159 159 156 158 154 153 152 151 148 148 149 146 151 150 149 149 149 150 151 154 157 160 163 165 163 162 163 162 162 164 161 158 154 151 154 158 157 156 158 160 164 166 167 159 162
145 144 145 146 151 153 153 152 154 155 151 150 150 154 160 168 167 164 159 154 153 153 154 159 156 159 158 159 158 157 155 152 152 155 157 155 155 154 157 159 156 155 159 158 153 159 156 153 159 163 159 154 158 159 158 154 149 148 148 147 146 151 148 144 147 149 154 155 156 155 159 164 162 161 162 161 159 158 160 160 156 151 153 152 154 154 156 161 164 164 163 165 161 157
145 143 144 144 149 156 159 161 159 160 155 148 150 161 164 164 162 161 164 159 154 153 153 155 153 154 154 154 155 155 156 152 152 155 158 155 152 154 157 157 155 155 160 159 153 155 153 154 159 159 158 154 158 161 161 155 153 147 147 145 146 151 146 145 148 154 154 156 159 161 162 161 162 160 162 161 162 158 159 159 154 152 151 148 152 153 160 163 163 165 160 161 159 156
142 144 143 143 145 150 153 158 157 157 154 146 153 161 162 163 159 160 164 162 157 152 155 157 157 149 150 153 154 156 155 152 148 150 156 153 152 157 157 152 153 157 158 158 154 151 154 158 160 159 154 153 157 159 159 157 153 150 147 150 146 148 144 143 146 149 149 154 159 161 160 160 161 159 161 162 159 156 158 158 153 153 152 150 154 158 161 162 161 163 163 163 158 156
142 143 141 141 142 144 145 152 150 148 146 146 150 154 151 154 154 156 155 155 152 151 150 150 156 149 149 149 151 151 154 157 149 149 154 152 155 154 157 154 149 151 154 154 153 148 157 160 159 157 153 153 156 157 157 157 151 149 146 153 154 150 146 144 147 147 150 155 159 162 160 161 160 159 159 160 157 158 156 155 151 148 150 151 154 157 158 159 159 164 165 159 154 153
140 141 139 139 140 142 141 143 145 144 144 146 146 148 148 149 150 153 151 151 152 151 148 148 151 148 147 148 149 148 148 150 149 148 150 152 154 153 155 154 148 149 152 149 149 148 158 160 158 156 150 153 158 156 155 156 150 148 145 152 153 150 148 145 145 149 151 154 158 162 161 161 159 159 160 161 157 154 153 151 149 148 150 149 155 153 157 156 158 165 163 163 159 153
140 140 140 139 138 139 140 140 143 143 143 145 146 146 148 151 151 150 150 151 151 150 150 147 148 147 145 146 148 146 145 145 147 148 149 153 151 153 155 152 148 148 149 149 146 152 156 157 156 152 152 157 158 152 154 155 151 147 145 151 152 145 147 146 153 153 154 160 160 161 161 160 158 158 158 158 157 155 155 154 154 150 150 150 151 152 154 153 156 162 162 163 158 153
140 138 137 140 140 139 140 141 142 143 142 142 144 148 150 152 150 149 149 148 148 150 150 147 146 146 144 145 146 144 146 148 146 146 150 150 147 150 153 154 151 148 148 148 148 154 153 155 153 147 150 152 155 151 153 155 151 145 144 147 148 146 148 148 150 153 158 163 160 160 160 161 159 157 159 158 155 156 157 155 152 147 148 149 147 151 152 151 157 162 162 163 156 153
140 139 138 139 141 141 144 145 146 144 146 146 146 147 148 155 159 156 150 148 147 148 149 148 148 145 144 145 144 145 144 148 149 148 148 147 146 147 150 154 152 146 146 146 148 151 149 153 148 145 148 152 152 148 150 154 152 146 145 143 147 145 146 149 152 153 158 161 157 159 161 159 160 159 160 159 157 156 157 157 152 152 148 149 146 153 152 150 158 162 162 162 157 156
139 138 139 139 138 142 148 150 150 150 155 156 156 154 152 153 157 156 151 148 147 146 146 148 147 144 144 143 142 144 145 145 150 150 147 148 146 146 147 148 152 148 149 148 147 149 149 150 150 145 145 147 150 147 151 156 149 147 145 146 146 147 151 153 159 158 157 158 157 161 159 158 158 155 158 158 156 156 155 156 158 155 150 147 149 150 150 152 157 156 162 162 156 153
139 138 138 137 140 144 150 154 157 155 158 160 161 160 158 160 159 159 156 152 152 150 149 148 147 151 149 145 143 146 146 145 148 148 146 146 147 147 144 146 147 148 147 146 145 146 145 145 146 145 144 146 146 145 150 154 148 144 145 147 152 154 154 155 158 159 155 152 159 160 159 157 157 155 160 158 156 156 155 157 158 160 151 145 148 148 150 154 152 155 161 159 158 150
136 138 139 138 139 141 144 152 155 155 157 159 160 160 159 160 162 163 160 156 154 149 150 148 149 153 151 146 143 145 145 147 147 149 147 145 145 146 146 145 145 144 146 145 148 147 144 143 143 142 142 142 142 145 151 152 148 148 144 147 151 152 149 154 156 158 152 154 161 160 158 157 154 156 159 158 158 157 154 157 159 159 151 146 148 145 147 150 152 157 161 155 154 150
136 138 138 137 140 143 142 145 149 151 152 155 157 156 160 161 160 159 159 157 155 153 153 153 154 150 149 147 146 145 144 147 148 148 149 148 146 144 146 146 145 144 145 145 145 145 143 141 141 141 140 140 141 147 147 148 142 141 145 147 147 148 147 149 152 149 149 153 158 162 157 160 157 154 154 158 160 156 155 159 159 159 152 148 144 147 147 149 155 159 160 157 151 147
136 136 137 140 143 145 145 147 150 149 150 153 156 158 159 160 159 159 157 155 156 156 156 156 156 155 150 152 146 142 143 144 147 150 148 149 148 146 144 144 147 145 144 145 145 143 141 143 144 141 140 140 141 141 147 147 144 143 147 143 147 144 146 146 146 149 154 158 159 158 158 159 160 159 158 154 155 152 158 156 156 159 153 150 143 145 146 151 155 155 154 159 151 146
137 136 137 139 143 146 149 148 152 145 148 153 156 157 159 159 159 158 157 158 158 157 157 155 156 153 152 149 144 142 144 143 145 146 151 148 147 146 144 143 144 143 147 145 143 141 142 142 140 140 139 139 140 141 142 142 144 144 142 145 141 143 147 149 151 153 156 158 159 159 159 158 158 158 157 158 152 152 155 156 157 158 157 150 144 146 145 150 155 150 148 155 151 145
136 137 139 144 146 149 149 145 143 141 145 152 154 157 157 157 156 155 155 157 161 159 158 156 156 152 145 144 143 143 142 144 144 145 146 147 145 145 145 142 143 144 144 144 143 142 141 140 143 140 141 139 138 141 139 139 140 141 141 141 141 140 142 146 151 157 155 156 157 158 157 157 159 158 158 159 153 148 153 156 156 157 157 154 146 144 147 152 156 156 148 149 148 144
137 141 145 147 145 147 143 139 140 143 148 151 152 152 152 153 149 150 155 163 165 164 160 156 152 148 147 149 145 141 141 144 145 145 144 144 142 144 147 144 142 142 145 145 145 146 141 141 144 142 140 138 137 140 138 138 139 139 138 139 142 141 145 146 151 153 151 154 152 154 155 156 156 157 157 158 151 147 149 153 154 152 155 149 147 145 145 150 151 153 145 144 145 146
135 142 145 146 144 141 139 139 140 141 146 151 151 150 147 146 151 156 158 165 165 162 162 158 152 150 149 148 143 141 143 143 146 143 142 141 143 144 147 147 142 143 145 145 144 143 143 143 145 146 144 140 139 137 138 137 138 138 141 138 141 139 139 146 151 149 150 152 151 151 152 152 154 156 155 157 158 150 147 150 149 151 152 144 144 145 148 151 152 152 145 144 144 146
136 143 144 143 140 138 137 137 140 141 146 152 150 145 148 151 158 163 163 163 161 160 159 158 153 152 150 146 145 143 142 143 143 142 142 140 142 145 146 144 140 143 145 144 143 142 144 143 142 142 143 144 144 142 139 140 137 146 147 140 136 138 142 142 146 148 150 150 149 151 150 150 153 154 153 155 155 155 149 146 150 148 150 146 141 144 151 153 149 149 143 142 145 143
137 141 141 137 134 134 138 139 140 139 141 144 142 148 151 153 160 162 161 158 158 158 157 154 152 154 156 153 150 146 144 140 143 141 141 140 141 143 143 141 141 143 143 143 142 143 143 142 141 142 140 144 139 138 138 137 141 145 139 139 136 136 144 145 146 148 148 149 148 149 150 152 152 152 151 152 153 155 154 151 147 144 147 145 143 144 146 150 146 150 144 143 143 141
137 139 136 134 141 139 141 141 142 141 142 141 144 145 149 153 156 158 158 154 155 156 154 155 156 154 154 153 154 149 144 139 141 140 139 138 139 140 142 138 140 140 143 144 143 146 143 142 143 144 142 137 145 146 140 135 137 139 137 140 141 144 143 149 147 147 146 148 149 149 149 150 151 151 150 150 151 154 154 153 152 144 146 147 143 141 142 147 144 151 147 141 144 144
133 133 134 137 141 144 146 145 144 146 148 147 146 149 151 146 150 154 153 151 147 149 149 151 150 150 156 152 154 153 149 140 139 140 138 138 137 137 140 138 141 142 143 145 146 146 145 144 143 143 145 143 144 143 139 136 139 138 139 143 144 146 145 146 148 147 149 147 147 147 147 148 148 147 149 149 151 153 152 151 154 147 142 144 145 143 140 143 142 147 146 143 142 148
131 134 136 142 146 149 149 147 149 146 149 154 153 149 152 151 152 148 150 148 145 148 153 150 147 145 150 144 144 152 152 146 144 140 142 139 137 137 137 138 139 142 143 147 148 147 146 143 143 143 144 143 144 141 136 138 137 138 141 139 142 143 143 142 148 146 147 145 147 145 147 146 146 148 148 149 149 151 150 148 150 153 148 143 142 141 142 142 140 144 147 141 143 143
130 135 138 143 148 150 152 151 150 152 154 156 158 157 151 150 150 149 147 144 146 149 153 153 150 149 150 147 144 146 152 147 148 145 140 141 140 140 140 136 140 143 144 147 148 149 146 145 144 145 144 143 144 143 138 136 142 137 139 143 142 139 140 141 143 145 144 144 146 145 144 144 147 148 149 148 151 150 148 146 148 152 153 146 142 141 142 140 140 142 147 148 141 142
133 139 143 149 150 152 154 155 155 155 156 158 157 157 154 148 148 147 145 144 151 153 154 154 155 154 153 151 146 142 146 151 149 144 142 145 141 143 142 139 139 144 145 144 145 148 146 147 145 145 142 141 142 138 136 135 136 137 140 141 139 140 146 142 143 143 142 143 144 144 143 145 144 145 144 147 150 149 145 145 149 147 149 150 144 139 140 141 141 143 145 149 146 144
134 140 146 149 148 150 152 156 156 157 157 160 158 157 152 149 144 142 144 149 152 154 157 159 157 155 156 156 150 143 145 150 147 143 144 145 146 145 141 139 142 141 142 143 146 145 147 146 144 145 144 143 142 138 135 135 135 141 141 141 138 140 143 141 139 141 139 140 143 143 143 143 143 143 144 146 148 148 144 145 147 145 148 150 147 142 140 142 141 140 142 145 141 142
138 143 147 145 145 149 152 156 157 153 152 154 158 154 151 147 140 145 151 153 157 156 160 161 158 154 156 154 151 144 143 148 147 146 144 146 151 147 139 137 142 140 140 144 145 145 147 145 142 141 141 142 147 142 143 136 134 134 139 139 141 141 139 139 140 139 139 141 141 143 142 141 141 144 144 144 146 146 143 144 147 144 149 152 151 145 141 139 138 141 140 142 141 143
138 142 144 143 140 146 149 150 154 149 149 156 154 152 149 143 140 147 150 154 155 157 158 156 156 155 158 152 151 144 141 146 146 145 144 147 150 145 138 136 140 134 140 144 144 147 146 143 141 140 139 139 142 144 139 136 133 134 137 135 139 142 140 138 139 139 139 140 140 141 140 141 139 140 142 142 144 145 143 143 142 145 148 150 149 148 144 140 138 138 141 145 142 140
135 136 137 139 140 143 145 151 147 146 151 156 153 150 149 140 140 144 147 148 153 156 155 153 150 153 152 152 150 142 140 144 147 145 143 146 147 143 140 137 140 136 139 145 145 144 144 143 140 140 136 136 140 142 141 138 137 135 137 133 135 139 138 138 140 138 140 140 141 142 140 139 139 140 139 140 142 142 143 142 143 145 147 149 146 149 148 145 140 138 142 139 139 139
136 138 141 142 142 143 147 150 147 144 153 154 150 150 145 137 137 140 141 148 153 155 155 149 144 151 152 154 149 142 140 143 150 145 144 144 146 151 142 137 141 140 138 142 143 144 144 142 139 136 134 134 136 140 140 140 133 135 136 137 139 139 138 138 138 138 139 140 139 139 139 137 137 139 139 139 141 140 139 140 143 144 145 145 145 149 150 143 141 139 138 137 138 138
136 137 139 141 144 144 145 149 146 142 148 149 148 147 141 137 137 138 139 147 152 154 153 145 144 149 149 150 150 145 142 141 147 145 144 144 144 148 148 144 140 137 137 142 142 141 142 141 141 137 132 134 136 139 140 140 137 133 134 137 141 141 140 138 138 139 139 139 138 138 138 138 138 136 137 140 140 138 139 141 141 144 143 144 145 149 150 145 142 138 137 140 141 144
136 137 139 140 142 144 146 146 144 141 144 148 145 142 139 136 136 136 137 146 150 150 146 142 141 145 152 154 151 145 140 137 140 142 142 143 144 144 149 146 138 135 138 141 139 144 144 140 142 137 132 134 136 141 142 139 138 132 133 137 138 140 137 138 139 140 138 139 138 139 139 139 138 136 135 137 137 137 139 141 140 139 142 145 148 149 149 143 143 140 137 138 142 144
134 136 138 138 139 141 145 145 142 142 149 146 145 138 136 136 135 135 140 144 148 147 144 139 142 148 152 153 152 147 144 137 139 140 140 141 144 143 144 145 137 137 139 138 137 140 143 139 137 140 133 134 136 139 145 138 133 136 134 142 138 136 136 136 138 137 138 138 138 138 139 139 138 135 134 135 136 137 138 140 140 141 143 146 147 148 148 148 147 141 140 136 140 137
133 135 137 138 139 141 141 140 141 144 146 144 145 135 134 135 136 138 138 143 147 144 140 138 143 147 152 153 153 147 143 135 139 140 140 139 141 142 142 140 139 141 139 139 139 137 139 141 141 139 134 137 138 138 142 138 133 133 135 139 140 138 135 136 136 135 136 136 138 138 140 140 138 136 134 134 135 135 138 137 138 139 141 144 144 144 146 148 148 142 139 136 138 136
135 135 135 137 135 136 136 141 143 144 144 144 139 133 135 137 134 135 139 142 146 142 138 140 143 145 149 152 151 146 138 135 137 140 139 137 139 140 141 142 141 138 135 135 138 134 136 139 142 146 140 138 139 135 138 141 135 132 137 136 140 135 134 136 135 134 136 135 137 136 138 140 140 138 135 133 134 133 135 135 138 137 140 140 143 144 145 145 147 142 142 142 139 137
133 133 132 132 133 136 138 140 144 144 141 141 135 132 134 135 132 136 138 138 138 138 137 144 142 145 149 151 151 142 134 134 137 138 138 137 140 140 140 142 137 136 136 139 147 138 134 138 140 144 146 139 136 135 136 140 137 132 132 134 136 134 134 134 134 135 135 134 134 135 135 137 138 140 138 134 134 134 134 134 137 137 139 140 141 142 143 144 146 148 146 139 138 138
131 133 135 134 136 141 140 142 146 143 141 138 132 130 133 132 133 138 140 139 135 134 136 141 141 139 143 147 146 138 133 134 137 138 136 137 139 139 142 139 136 134 134 139 147 142 138 141 142 140 141 139 137 134 137 136 138 133 132 135 134 135 137 135 133 134 134 134 135 136 134 136 138 137 137 133 133 133 133 133 134 136 138 138 138 139 142 142 144 147 144 141 138 134
