DEM/DEM19.asc
ncols 800
nrows 800
xllcenter 960150.000000
yllcenter 1520150.000000
cellsize 300.000000
nodata_value -9999
[rows 378 to 419 of 800, columns 470 to 563 of 800]
143 141 140 143 149 151 143 140 132 136 138 139 140 141 140 139 137 133 133 134 135 139 141 142 140 137 137 138 140 142 143 140 141 141 144 144 145 147 148 147 150 151 148 146 144 144 145 145 144 147 146 147 148 147 149 151 153 153 155 155 157 157 157 162 166 164 167 170 168 171 171 172 176 181 180 178 180 172 170 171 168 169 168 166 165 165 167 167 167 168 168 167 162 161
143 142 140 142 144 142 140 140 132 135 139 139 139 140 140 142 138 132 134 133 134 140 142 141 142 140 136 140 142 143 143 142 141 142 144 143 145 147 148 147 148 149 148 144 143 143 144 145 144 146 145 148 149 150 149 150 153 154 156 156 157 159 158 158 160 163 167 168 171 175 177 175 178 179 180 179 179 173 174 174 171 172 169 168 166 165 168 170 169 167 163 163 162 159
142 143 141 139 140 136 136 133 133 133 137 136 139 141 141 138 135 134 134 135 135 136 137 140 142 143 140 138 141 144 143 142 142 145 144 143 145 147 147 148 146 145 146 144 143 144 145 148 147 148 148 151 150 151 151 151 151 151 152 154 155 159 160 162 163 162 167 171 173 175 178 178 178 177 178 176 179 176 175 174 173 173 171 170 168 167 167 168 169 168 165 162 161 159
138 140 138 136 135 135 138 137 134 133 137 139 139 140 140 140 137 137 136 136 135 135 138 142 143 145 143 140 140 143 142 143 144 145 144 141 143 145 144 145 145 144 143 143 141 141 144 145 149 151 150 148 150 149 152 153 153 152 153 156 156 157 158 160 166 168 166 169 172 176 176 175 177 177 177 177 179 175 174 174 174 172 171 169 169 166 165 168 166 164 165 163 160 159
137 136 136 134 136 140 141 140 138 133 138 141 140 140 141 143 142 137 135 139 138 135 135 141 143 144 144 142 140 141 141 144 144 145 143 142 144 144 143 146 144 141 142 142 143 146 147 146 146 148 146 148 150 151 152 155 153 154 158 156 160 159 159 159 166 169 172 172 173 177 173 175 174 175 176 176 174 171 174 174 171 169 168 170 170 165 164 168 163 162 165 162 160 157
137 136 136 138 140 140 140 140 136 133 137 140 140 142 142 141 140 138 137 136 138 136 135 138 143 142 142 143 141 141 142 145 145 144 144 142 142 144 143 142 141 141 142 142 147 148 147 147 145 147 148 150 150 152 153 154 155 156 159 160 162 162 162 163 163 167 171 173 175 175 171 170 172 172 175 175 177 172 168 170 170 167 165 165 165 165 162 162 160 160 160 158 157 156
137 137 137 140 141 141 140 138 136 136 135 138 140 142 141 140 141 139 140 136 136 137 134 136 141 143 145 144 143 141 143 142 144 145 146 142 142 142 140 139 141 140 141 143 144 147 148 147 147 149 151 150 152 153 153 155 157 160 161 162 162 163 163 165 165 168 170 170 170 172 173 167 169 171 172 173 176 171 166 169 169 167 164 163 161 161 159 159 158 157 157 155 156 157
140 140 142 141 141 139 137 136 135 134 137 137 139 141 142 143 142 139 139 135 134 135 135 134 140 142 141 144 145 142 145 147 147 146 149 150 146 141 140 140 140 141 141 144 147 146 146 147 150 150 151 151 153 153 154 157 157 159 159 160 162 162 161 162 164 168 166 168 171 172 172 166 166 171 169 172 171 170 167 171 172 168 165 164 162 161 159 160 160 159 158 158 156 159
142 142 142 142 142 139 137 136 136 135 138 138 140 142 141 142 142 141 140 135 137 136 135 137 138 135 138 139 143 144 145 146 146 146 147 149 147 140 139 141 146 146 142 145 146 148 149 150 151 152 152 153 154 154 154 157 159 158 158 159 160 159 158 157 160 164 165 169 169 169 170 171 166 164 167 169 167 167 164 168 172 171 168 165 165 165 162 160 161 160 159 159 158 159
142 141 140 143 140 138 136 136 136 136 137 139 139 141 142 141 141 140 137 137 138 136 135 134 135 135 136 140 144 144 145 148 142 145 144 143 142 138 142 146 145 145 144 143 145 147 147 150 152 152 151 152 152 154 156 157 157 159 158 159 157 154 156 157 161 161 165 168 168 169 170 167 163 162 167 166 163 163 163 165 166 168 170 170 169 165 164 163 163 161 161 161 159 164
142 141 139 141 140 137 139 138 137 138 137 138 138 140 142 144 141 141 138 138 139 135 136 137 137 136 136 141 144 142 144 144 140 137 139 141 139 138 143 143 145 144 147 146 147 146 147 151 151 152 152 154 153 155 155 157 156 155 154 154 154 155 158 159 163 164 167 166 166 168 167 165 162 162 164 162 162 166 168 166 165 165 169 172 171 168 168 165 162 162 162 163 158 161
144 142 139 139 139 137 138 134 138 141 138 136 138 140 141 142 144 145 143 138 139 135 136 141 140 137 136 138 139 135 137 140 137 137 141 141 139 138 142 143 141 144 147 146 146 146 148 149 150 153 151 153 154 154 155 156 158 158 154 152 154 156 159 162 166 168 169 163 164 166 165 164 161 161 162 162 164 167 170 170 170 168 168 172 172 174 170 168 165 164 166 162 159 160
148 146 141 140 140 137 136 135 136 137 137 138 137 139 140 141 143 146 146 139 141 137 136 137 138 139 138 138 137 139 136 136 140 144 140 140 141 146 144 148 144 145 145 147 147 148 149 150 149 150 149 152 153 154 152 154 155 158 153 156 157 159 160 161 166 169 168 164 161 162 163 160 158 161 165 166 169 168 170 173 175 171 169 172 173 175 170 172 167 164 167 166 164 160
149 146 144 142 139 136 136 136 135 139 137 137 138 140 140 139 140 144 143 139 144 140 138 137 138 140 140 139 137 144 145 141 145 145 145 142 143 147 143 144 145 147 146 147 147 149 150 151 150 149 151 152 150 151 149 151 150 152 153 158 160 163 163 162 164 166 168 165 163 160 160 158 159 165 167 168 173 172 168 174 174 176 172 170 173 175 175 175 168 165 167 166 162 160
148 146 144 142 138 136 136 136 135 135 139 137 139 140 140 139 139 140 137 140 141 141 139 139 140 138 139 139 138 144 145 146 150 147 146 145 145 147 147 146 143 146 148 148 147 147 149 149 151 149 146 148 148 147 151 152 150 152 154 161 161 161 165 168 168 167 166 163 161 158 158 157 161 166 172 172 175 177 174 171 174 179 173 172 174 175 177 175 170 168 168 165 161 162
148 145 143 143 137 137 136 137 136 136 135 137 140 138 139 140 138 137 137 138 140 139 141 141 142 139 136 137 137 139 143 146 147 147 146 147 147 145 147 145 143 148 149 148 147 147 148 148 149 149 147 149 151 151 153 157 155 154 153 158 157 160 166 170 167 165 164 162 159 158 158 163 162 168 173 174 178 181 178 176 175 176 174 175 177 178 176 175 174 170 168 164 162 165
147 145 142 142 138 139 135 136 137 136 136 136 137 138 139 140 139 138 138 139 140 141 142 141 141 139 137 140 139 138 139 143 147 146 145 144 146 144 145 141 146 148 148 147 146 146 150 146 146 145 146 149 154 154 152 157 159 156 156 157 159 160 165 167 165 161 161 161 155 158 163 165 165 169 173 175 178 180 180 177 177 178 177 176 177 179 178 176 174 171 169 165 162 166
143 142 143 140 136 141 136 138 138 137 137 136 136 137 138 138 139 140 142 143 141 141 140 140 138 137 138 139 141 138 138 138 142 146 144 142 140 142 139 140 144 145 146 147 146 143 145 143 145 148 147 151 156 156 155 157 161 157 159 162 164 164 164 163 164 160 158 158 156 159 165 170 171 173 174 176 175 180 181 178 177 177 177 177 178 181 181 175 173 171 171 167 166 167
137 138 137 135 136 143 138 138 137 137 137 138 137 137 138 138 139 139 140 143 140 142 141 139 141 138 137 141 141 140 138 138 139 142 139 137 137 138 142 139 140 143 144 142 141 141 142 143 148 149 152 154 154 156 159 160 161 160 158 164 166 168 165 160 159 159 156 155 156 160 166 169 172 175 176 178 180 181 181 179 180 177 177 179 180 181 182 177 175 172 168 167 169 166
139 137 136 137 135 140 138 140 138 138 137 137 137 137 138 138 139 139 141 143 142 142 141 141 140 141 136 140 143 142 138 138 139 139 139 139 138 139 139 141 141 141 142 141 142 146 146 148 147 148 152 152 153 156 160 157 160 159 160 165 170 167 165 162 156 156 155 161 161 158 165 172 172 176 176 178 180 183 181 179 180 178 178 178 180 181 180 180 176 173 171 172 170 168
139 140 145 138 137 138 139 140 140 140 139 139 139 139 138 138 139 141 142 141 141 144 140 140 142 143 139 138 144 145 142 138 138 140 139 143 146 149 145 141 141 142 142 145 145 144 147 147 147 149 150 150 153 156 154 156 160 159 164 166 164 161 161 158 154 153 161 166 165 162 162 166 169 173 174 176 176 180 181 180 179 179 181 181 181 181 181 184 183 178 174 173 173 170
140 144 144 137 136 138 140 141 140 143 140 139 140 140 138 139 140 142 144 143 142 142 141 141 142 141 138 141 144 145 140 139 139 139 139 140 144 149 147 144 144 143 142 144 145 146 147 147 149 149 150 150 151 152 154 156 156 155 160 165 164 159 158 154 153 158 165 169 169 169 167 162 163 166 168 169 171 176 179 179 181 180 182 182 181 181 183 187 187 182 177 173 174 173
142 142 140 137 137 139 142 145 142 141 140 139 139 139 139 139 140 140 143 142 145 142 141 139 139 139 143 143 144 142 140 139 141 139 141 138 138 140 147 151 149 144 143 144 144 145 145 148 148 148 148 149 148 152 152 154 155 157 159 163 163 159 158 153 155 162 166 170 173 172 171 170 167 168 169 170 169 173 177 179 180 182 182 181 181 181 183 187 186 181 176 176 177 175
142 144 139 137 137 138 141 144 144 142 141 141 140 139 140 140 141 143 142 144 146 146 143 140 138 141 145 146 148 145 139 140 141 142 141 140 141 139 141 151 149 146 145 145 146 144 146 147 147 147 148 147 151 153 150 151 153 153 156 160 163 157 153 153 157 159 165 171 173 174 174 173 171 175 173 174 174 176 177 180 181 181 182 181 183 183 183 185 186 185 182 180 182 183
140 139 137 138 137 141 143 144 144 143 143 140 141 143 142 140 141 143 144 143 145 146 145 139 140 143 146 149 146 141 139 140 140 141 140 142 142 148 145 137 139 143 143 146 145 146 148 146 145 145 145 147 148 146 149 155 157 158 156 159 162 159 153 153 159 164 166 170 172 172 174 176 174 176 177 177 179 178 178 178 180 180 180 180 183 182 181 183 185 186 186 186 184 184
143 140 138 137 138 140 143 145 144 143 144 145 145 146 144 141 142 145 144 144 144 143 143 141 140 142 145 146 145 142 139 141 141 141 141 143 144 155 150 139 139 139 141 142 143 144 145 142 144 144 147 147 147 147 151 152 153 158 159 161 162 157 153 152 155 160 165 170 171 172 173 174 175 176 176 177 179 179 178 175 179 181 182 183 183 182 183 181 181 183 183 189 188 184
148 142 138 137 137 139 143 142 143 144 146 150 148 147 149 148 147 148 146 145 145 144 143 142 141 140 144 146 148 142 139 140 141 141 142 142 147 155 151 144 141 140 140 141 142 143 143 145 148 148 150 151 152 151 152 156 158 159 159 160 161 157 151 151 153 157 162 166 168 171 173 176 175 178 177 175 176 176 177 175 179 180 182 184 186 184 183 181 184 184 184 187 189 188
144 140 139 138 138 137 139 140 143 146 147 153 156 155 153 155 155 153 150 147 145 144 144 142 140 140 143 141 144 143 144 140 142 141 141 141 148 153 149 146 144 140 140 142 145 147 151 146 149 151 150 151 155 156 155 155 159 159 159 159 156 155 151 150 152 156 160 164 166 172 172 175 175 178 177 175 174 174 172 177 181 181 182 184 185 185 183 184 186 188 187 187 188 184
146 142 139 139 138 139 138 140 144 150 146 150 160 162 159 161 161 158 155 152 146 147 147 145 140 142 143 143 143 145 143 141 143 144 142 141 142 145 148 148 146 143 141 142 144 148 149 148 151 152 152 153 156 156 156 153 155 157 156 158 153 151 151 151 153 154 157 159 163 167 173 175 174 173 169 172 173 171 173 177 180 178 179 180 182 181 182 186 188 190 191 191 193 192
146 147 143 140 138 140 141 144 148 152 148 149 157 164 168 169 169 163 160 156 151 153 152 147 143 142 143 142 143 145 142 142 146 147 144 141 142 144 147 147 147 146 143 141 141 145 149 149 149 152 152 155 157 155 152 149 150 152 152 153 150 150 151 155 159 160 162 162 169 169 174 173 171 167 168 170 171 170 173 176 178 178 178 180 180 179 183 184 187 189 191 191 194 197
145 143 140 140 139 139 141 144 151 154 149 151 157 168 172 174 172 171 165 161 155 152 150 148 144 142 141 145 146 144 142 141 149 147 143 141 144 143 146 146 146 145 145 143 142 143 145 147 146 151 153 155 155 150 151 147 147 147 150 149 150 150 151 156 161 167 167 166 169 172 172 170 169 167 173 173 174 175 176 175 175 177 178 179 179 181 182 182 180 183 186 189 190 191
146 144 139 138 140 141 143 144 152 154 152 156 160 170 175 178 176 175 171 163 155 150 147 144 146 143 142 146 146 145 142 143 148 148 144 141 143 143 143 147 147 146 147 145 145 142 142 143 147 150 150 151 150 147 146 146 145 147 147 148 149 151 153 157 164 169 170 169 172 171 169 169 167 170 171 173 175 175 175 173 174 174 176 179 178 181 183 180 176 181 182 183 184 185
145 143 140 139 139 141 144 149 154 156 154 160 169 175 181 181 180 178 175 167 157 150 148 146 149 148 142 144 146 142 143 144 147 147 146 141 143 144 144 144 146 149 148 147 146 143 146 146 145 148 149 148 146 146 147 150 148 149 151 154 152 152 158 161 166 169 171 172 172 171 171 167 167 171 172 174 175 177 178 175 175 176 177 177 177 176 178 177 174 179 177 177 179 180
144 143 140 141 143 146 146 151 152 157 159 166 175 179 185 186 184 180 177 169 158 152 150 149 148 146 144 146 151 146 143 144 147 149 147 145 143 143 145 144 143 146 150 147 146 144 144 143 145 147 148 146 146 148 149 151 151 156 158 159 153 156 162 164 167 170 171 171 170 167 167 165 168 171 170 173 176 179 176 173 173 177 179 177 174 171 174 172 171 174 177 177 176 181
143 149 141 131 139 143 147 149 150 157 165 168 174 182 187 190 189 183 179 171 161 156 152 151 148 145 145 145 144 150 146 143 146 147 147 146 146 143 144 144 144 144 148 148 148 145 142 144 144 144 145 145 148 148 150 150 153 157 160 159 154 157 162 164 167 169 170 169 169 168 165 165 169 169 173 174 177 175 170 171 170 173 175 175 175 169 169 173 177 177 180 179 181 187
143 143 141 142 142 145 145 148 150 155 164 173 176 180 180 184 186 183 181 171 161 155 154 151 147 145 144 146 148 146 145 144 147 150 150 148 145 142 148 146 145 143 147 153 148 144 143 147 147 145 144 147 148 150 152 153 155 161 160 161 156 156 159 161 164 166 169 170 170 167 164 167 167 169 171 172 174 173 171 168 169 172 173 172 170 170 175 178 180 180 181 183 185 185
144 144 142 142 142 144 149 151 154 159 172 169 173 178 181 181 183 182 177 170 159 155 158 152 147 145 147 146 152 152 145 146 146 149 150 149 146 146 148 145 144 141 144 153 150 145 143 144 147 147 145 145 148 152 154 155 157 159 159 159 158 155 157 160 163 163 167 169 169 165 164 167 166 170 171 172 174 174 170 166 167 169 173 172 169 169 174 177 177 179 182 181 179 179
145 144 145 144 144 147 153 155 156 159 173 173 175 176 175 177 180 176 172 165 158 158 160 153 149 148 148 146 149 149 145 148 148 150 151 149 145 144 146 146 144 141 143 151 149 146 146 147 146 147 147 147 148 148 150 154 157 158 159 159 159 158 157 160 163 164 165 165 166 167 165 167 168 169 170 173 171 169 165 165 167 166 168 172 171 169 174 172 176 181 181 178 175 175
146 147 147 143 144 145 148 150 156 162 172 176 173 171 172 173 174 174 170 163 165 166 165 158 154 150 147 146 148 145 145 146 149 151 149 150 147 149 145 145 144 146 145 147 150 146 148 148 149 149 150 149 149 149 149 152 157 158 158 159 158 159 159 159 160 163 162 163 166 165 162 164 167 166 169 170 166 163 163 164 163 163 165 166 169 168 174 175 176 177 180 175 169 172
143 146 147 144 142 143 144 149 154 157 162 168 169 169 164 164 170 172 171 168 169 169 168 165 157 150 148 146 149 145 145 145 146 150 151 148 148 144 146 145 147 147 149 141 142 148 149 148 150 151 151 152 151 152 152 156 158 158 159 157 158 158 158 158 158 158 159 161 163 163 163 165 165 166 166 165 162 161 161 163 162 163 165 168 166 165 175 176 176 179 181 175 165 169
143 147 159 144 129 137 140 145 148 153 156 159 162 161 158 161 169 173 173 171 171 170 169 164 157 153 151 149 146 146 146 145 147 150 149 152 147 143 146 146 146 146 148 144 141 143 148 147 149 152 153 155 154 155 155 155 157 156 157 157 157 157 157 157 156 157 158 158 160 161 162 163 163 164 163 161 159 160 161 163 163 163 165 166 163 166 170 173 173 177 179 174 165 167
144 144 149 145 142 142 141 144 147 151 157 158 155 157 160 167 172 173 175 173 170 170 171 167 160 154 152 151 148 146 145 145 145 149 150 147 143 144 145 144 146 146 148 146 144 143 144 151 154 155 156 155 156 158 155 154 156 157 156 157 157 157 156 156 157 155 156 158 159 162 160 159 160 161 160 159 159 161 163 162 162 164 166 165 162 169 170 167 169 175 178 176 165 162
