DEM/DEM19.asc
ncols 800
nrows 800
xllcenter 960150.000000
yllcenter 1520150.000000
cellsize 300.000000
nodata_value -9999
[rows 420 to 461 of 800, columns 564 to 657 of 800]
166 169 178 184 183 173 170 174 178 183 181 180 176 174 176 178 176 172 172 172 172 172 172 173 173 169 166 164 162 163 162 164 165 162 157 156 153 152 152 152 153 155 153 155 155 156 155 157 160 161 154 153 154 153 151 148 145 147 148 146 150 153 158 150 140 142 140 147 146 141 141 144 144 143 141 141 143 145 143 144 144 146 148 145 149 155 155 151 148 146 146 145 148 152
166 171 175 184 181 173 167 171 172 177 180 179 174 168 172 176 176 171 169 171 175 174 173 173 174 170 167 162 164 164 163 160 160 159 155 154 154 155 156 158 158 157 156 156 157 158 157 161 161 161 159 156 152 152 151 150 150 153 152 151 151 152 153 152 152 151 140 141 142 142 140 143 143 142 144 144 143 144 147 144 145 145 148 146 151 152 150 149 146 146 145 147 151 155
166 168 172 179 179 173 164 166 169 171 174 174 171 164 168 173 172 170 165 168 173 173 174 175 176 174 172 169 167 167 165 163 159 160 161 157 159 160 160 159 160 159 159 160 160 161 163 164 165 162 159 156 153 153 153 152 152 153 155 152 153 152 154 156 156 153 141 141 142 142 140 141 142 141 145 146 146 147 146 147 144 144 145 146 152 152 150 148 148 147 150 152 156 158
165 164 172 174 173 169 162 163 167 169 169 170 168 163 167 171 171 165 161 160 165 173 172 173 174 175 174 173 170 169 169 165 163 162 161 160 161 161 160 161 162 163 162 161 160 159 163 167 166 161 156 155 154 152 154 153 154 155 156 156 155 153 154 158 155 152 146 141 140 139 141 141 138 140 142 148 148 146 147 149 148 147 148 147 153 153 150 149 149 151 155 155 155 156
162 162 166 168 164 163 161 160 164 163 164 169 169 161 165 168 170 165 158 156 161 170 170 168 167 171 173 173 171 171 171 167 165 166 161 161 162 162 162 164 165 165 165 157 154 154 161 165 161 158 156 155 154 154 152 156 155 154 154 154 154 154 155 153 153 149 144 142 143 142 143 140 145 144 140 144 147 148 149 151 150 149 149 149 155 153 149 149 148 149 154 156 157 158
157 160 164 163 159 157 156 158 158 160 166 168 163 157 159 164 170 171 166 156 155 163 166 162 159 165 172 172 172 173 173 173 168 171 164 163 166 166 165 164 166 167 162 154 149 155 160 159 157 152 152 154 154 153 152 153 158 157 154 154 154 151 154 154 154 156 150 146 146 142 142 141 143 143 141 145 147 149 149 152 150 150 151 153 154 153 150 150 151 152 152 153 158 157
155 158 160 157 155 153 153 155 155 158 167 167 163 156 157 165 170 173 170 160 159 156 159 157 157 164 170 168 170 172 174 172 168 168 166 168 166 167 165 165 166 165 158 154 148 152 153 152 153 152 148 152 152 150 153 154 158 154 154 153 151 150 150 153 150 147 153 150 149 143 140 145 143 146 146 146 147 150 152 154 155 154 155 154 155 155 152 153 154 157 157 153 155 159
154 156 160 159 157 156 154 154 155 157 164 166 160 154 157 166 171 174 172 165 161 159 153 153 157 163 167 164 164 171 170 170 169 168 168 171 166 162 160 166 168 165 161 157 151 149 146 145 150 152 146 149 149 149 154 157 154 153 152 152 150 146 151 150 148 147 147 149 148 142 140 140 141 145 147 147 151 155 157 154 156 156 157 157 158 158 153 155 158 159 161 157 157 159
152 156 157 159 162 159 155 150 152 155 165 166 161 155 160 166 171 170 171 168 162 162 159 154 154 160 161 163 166 166 165 166 162 163 165 172 166 154 156 162 166 165 161 157 153 149 146 143 147 153 152 147 143 146 151 153 152 151 149 147 149 144 148 146 149 150 143 144 147 141 140 139 141 143 144 148 152 154 153 156 155 154 158 160 161 160 156 158 162 162 161 159 160 160
152 153 153 159 160 161 153 149 151 157 163 164 161 154 157 162 168 166 165 162 159 163 164 162 153 156 159 163 165 161 159 159 153 156 164 169 165 155 150 156 159 157 156 154 152 151 150 145 142 145 145 145 143 145 145 149 149 149 149 149 146 143 146 145 143 141 139 141 140 139 137 138 139 140 143 147 148 147 153 153 153 153 158 161 163 161 157 160 167 166 162 161 160 161
152 153 155 156 154 158 155 149 151 155 161 163 158 152 152 158 164 163 161 155 156 162 165 162 153 155 157 158 161 158 152 151 152 159 159 163 163 157 150 149 155 152 155 152 149 153 153 149 144 142 143 144 145 146 145 146 146 145 145 146 145 141 142 143 142 142 141 141 141 139 137 138 139 141 143 144 144 147 152 153 150 152 154 160 161 161 157 164 168 168 164 160 161 157
153 152 152 154 151 155 156 149 148 153 161 163 157 151 151 155 158 158 156 153 160 166 166 159 154 152 151 153 156 153 151 148 154 157 155 157 159 155 150 147 147 149 152 151 147 149 150 148 147 144 144 146 147 147 143 143 143 143 143 143 144 143 144 141 141 141 142 141 142 141 139 139 141 141 140 141 142 145 148 147 148 149 151 153 157 161 161 165 168 166 165 164 160 159
151 150 151 150 150 151 157 150 150 151 155 155 155 151 148 151 158 158 157 152 157 161 164 162 161 158 151 149 152 149 148 146 147 151 153 156 157 158 153 145 143 143 143 144 144 145 145 146 146 144 148 153 152 149 141 141 144 144 141 142 143 143 143 142 141 141 141 141 143 147 144 140 145 145 141 141 141 142 145 146 148 151 155 155 161 166 167 167 166 164 163 160 159 160
148 151 150 151 151 151 157 154 150 148 150 150 152 152 152 149 155 158 156 150 152 157 161 163 164 160 157 150 154 154 151 145 149 147 150 155 156 154 148 148 144 143 143 145 144 144 144 145 145 144 146 152 149 143 141 142 144 150 144 142 141 143 144 142 142 141 144 143 144 148 148 142 145 145 142 140 142 146 146 147 152 155 158 158 162 167 168 167 164 163 160 161 163 161
152 148 149 150 151 151 153 151 151 150 149 149 150 153 153 150 148 148 150 149 153 153 154 159 159 160 157 153 149 150 149 145 146 147 152 155 155 153 154 154 148 145 145 147 146 148 149 149 147 152 153 154 149 146 144 144 151 148 144 141 143 147 142 139 141 145 148 147 146 147 144 142 144 145 144 142 145 148 146 151 154 159 162 163 165 166 165 165 163 161 157 159 161 165
149 149 150 151 151 150 152 152 151 154 151 150 150 149 151 151 150 147 150 148 151 152 154 152 150 156 157 155 149 145 145 147 145 154 155 154 155 154 155 154 148 145 148 147 146 150 152 153 153 155 155 152 148 149 145 148 158 154 147 144 147 147 141 140 141 143 149 150 149 146 144 143 145 143 144 143 143 147 147 150 152 158 164 164 167 166 163 162 162 159 160 163 163 167
153 153 152 151 151 152 153 151 154 157 153 149 150 149 149 151 149 148 150 152 146 148 155 155 148 152 155 154 152 149 147 146 146 154 155 155 157 150 151 152 149 144 148 149 146 152 155 155 155 155 154 149 146 145 144 155 161 159 152 149 149 147 143 143 148 143 146 148 148 146 147 145 146 144 145 146 143 146 149 150 151 155 158 159 166 165 164 166 166 164 166 169 166 167
155 154 153 151 151 157 157 156 157 159 153 150 154 152 149 150 149 149 148 152 152 147 150 151 146 148 150 149 150 154 152 148 149 148 148 151 156 150 148 149 147 145 148 152 149 148 152 154 155 155 150 147 146 144 146 153 157 159 157 154 150 144 143 147 150 149 146 148 149 149 150 150 147 143 145 147 144 144 147 147 147 150 152 156 160 160 164 168 170 167 167 168 165 164
158 158 155 151 151 155 156 157 156 156 154 155 155 154 154 154 152 150 148 150 151 148 147 146 146 147 146 147 147 149 148 147 149 149 147 148 149 147 146 149 148 146 150 152 151 152 148 153 155 151 147 148 150 147 147 147 151 155 158 150 145 144 143 149 149 151 147 149 151 152 155 154 150 145 146 148 150 144 145 146 146 148 152 154 154 157 167 171 170 169 165 164 163 162
159 158 153 152 156 158 156 155 156 159 156 155 157 155 155 153 151 148 148 150 149 148 147 147 147 148 148 148 147 147 154 151 150 148 148 146 146 146 148 147 149 151 151 151 152 152 148 152 156 152 148 150 152 154 153 148 151 154 154 149 147 146 143 144 145 149 149 148 152 153 155 155 152 146 145 148 149 146 144 147 147 148 151 154 156 160 167 174 175 169 164 167 166 168
156 155 152 152 157 157 156 158 158 159 157 158 155 153 151 149 153 152 150 152 149 149 148 148 152 152 150 151 152 156 162 159 159 154 150 145 146 149 149 143 149 153 154 154 152 153 150 152 155 151 147 150 156 157 156 153 152 153 156 153 150 148 145 147 146 146 148 149 151 153 154 153 148 145 145 146 152 150 148 150 149 150 152 155 158 160 164 171 174 169 166 168 168 177
152 153 155 154 153 159 159 158 157 160 160 157 154 154 150 152 154 153 153 152 147 147 153 154 154 152 153 155 158 159 163 157 151 146 146 147 149 152 147 144 149 154 155 156 155 153 150 153 155 152 148 149 152 156 157 159 157 153 153 153 152 149 146 149 148 147 148 151 151 154 154 152 148 145 146 147 149 151 152 152 151 152 154 158 163 164 161 164 168 171 170 169 170 184
154 155 156 158 154 162 161 157 158 159 157 155 153 150 151 154 154 153 150 147 149 152 156 157 156 153 154 153 154 154 157 147 146 148 154 153 150 149 144 147 153 156 158 157 156 152 149 154 158 155 150 151 156 158 158 160 160 154 151 153 155 152 150 153 150 147 148 149 151 154 153 152 150 148 150 149 150 150 151 151 153 153 154 161 164 170 168 165 167 172 173 171 174 181
153 155 156 159 158 159 159 160 159 157 156 154 150 152 156 156 156 155 152 146 150 155 157 156 157 157 156 155 154 151 146 147 151 148 152 154 154 153 148 148 153 155 158 157 155 154 152 156 155 156 151 149 152 154 156 159 160 158 152 152 157 157 157 158 154 149 152 150 152 154 157 156 151 151 153 151 150 150 150 153 154 156 158 164 168 174 177 172 166 171 175 175 178 183
154 155 157 159 160 157 158 154 153 154 153 154 154 154 156 158 156 156 152 148 156 155 156 156 158 158 154 152 153 147 146 147 152 151 153 155 157 158 156 150 149 152 159 157 156 154 151 155 156 157 159 151 153 152 155 160 160 161 154 156 160 162 164 163 157 152 150 153 152 152 156 155 152 151 152 153 151 152 151 153 156 162 164 167 175 177 178 174 168 170 177 179 183 184
157 155 157 159 161 158 156 156 154 157 157 155 157 157 158 158 155 155 151 152 159 158 157 159 160 156 154 150 147 147 146 150 152 151 150 156 158 158 158 156 153 154 155 155 159 155 152 155 156 157 157 151 150 149 154 158 162 158 156 158 161 162 165 166 160 152 150 152 155 155 155 154 151 150 153 156 153 153 154 155 157 167 170 169 178 180 177 173 168 171 175 178 180 181
156 157 159 159 158 156 158 156 156 158 159 158 159 159 158 160 155 153 148 150 158 157 161 162 163 160 158 150 149 148 148 149 152 152 149 151 157 159 161 160 158 158 163 161 161 156 152 155 156 156 156 153 150 151 151 158 163 160 159 159 160 162 163 159 154 153 153 153 156 155 155 156 154 151 155 159 154 155 156 161 164 171 177 178 181 181 176 173 173 175 174 177 181 179
153 154 158 158 157 157 159 157 157 159 158 158 159 158 159 167 156 157 152 152 156 157 160 164 165 162 160 153 150 149 152 150 152 157 151 148 154 157 157 161 163 164 167 164 162 157 155 156 158 158 158 155 151 155 153 158 161 161 158 161 161 162 162 156 154 153 154 152 152 153 154 157 155 153 154 157 156 155 157 160 164 172 180 184 187 186 184 178 180 181 177 179 182 178
155 155 155 158 158 159 160 158 157 159 158 160 160 157 157 156 155 155 151 156 151 156 160 167 169 164 157 155 153 151 153 153 154 156 151 149 155 155 156 158 163 167 165 164 159 155 158 157 158 159 158 158 153 155 157 160 162 162 163 161 162 165 164 161 158 155 154 153 153 153 154 156 158 155 154 154 156 156 158 164 168 176 183 187 193 194 194 187 186 185 180 177 176 178
156 157 156 158 159 160 158 160 156 159 158 158 159 159 155 155 157 154 155 156 159 158 159 164 169 166 161 157 155 157 157 157 159 159 158 153 154 158 160 163 166 167 165 164 157 157 158 160 160 159 158 156 154 153 158 162 164 163 162 160 163 165 163 163 159 157 156 158 157 155 155 155 157 155 154 155 156 158 161 165 172 181 188 194 198 201 200 195 191 189 184 178 176 177
160 161 160 159 158 161 162 160 157 158 159 158 158 155 155 157 159 156 153 159 161 162 161 158 165 165 162 160 159 161 162 160 161 162 160 156 153 161 167 166 169 167 160 157 155 158 161 160 158 156 153 154 153 152 158 163 165 165 164 165 163 163 163 162 157 156 157 159 162 160 158 155 157 158 159 159 157 159 160 165 172 183 192 199 204 202 201 197 195 190 185 179 176 177
158 160 159 159 157 160 159 157 159 159 160 158 157 156 154 160 158 156 153 157 159 159 160 161 164 164 165 162 160 162 164 165 164 163 158 156 155 164 166 168 167 164 160 156 157 161 162 159 160 155 156 155 152 151 158 165 166 166 165 165 162 163 163 158 157 159 161 162 164 163 160 158 158 159 162 160 160 162 162 167 174 184 194 200 203 202 198 193 191 191 186 180 175 174
155 155 160 160 157 157 157 157 159 159 161 161 157 153 159 160 157 157 153 157 160 162 163 163 166 165 166 165 165 166 167 169 170 170 167 159 155 166 170 170 168 163 161 157 160 162 160 159 158 155 156 158 154 154 154 159 164 166 167 168 165 161 159 160 162 164 164 165 167 164 160 163 162 160 160 160 162 165 167 167 173 182 193 200 199 196 192 188 185 189 186 183 175 174
154 153 154 159 158 157 157 155 157 161 161 158 158 156 159 156 152 152 153 156 160 163 163 167 169 169 169 171 170 172 173 171 172 172 169 159 155 163 171 171 169 164 159 158 159 158 162 157 159 160 156 159 158 161 157 155 158 162 167 169 166 162 159 160 166 165 165 167 166 166 162 164 167 162 161 164 164 165 170 172 176 186 194 197 194 188 185 181 179 176 174 174 174 173
156 154 155 159 160 158 158 160 159 160 161 161 156 160 159 155 156 154 154 157 161 167 168 168 168 171 171 173 174 176 173 166 164 164 161 156 157 163 171 170 164 160 157 161 161 159 160 157 158 157 155 160 159 162 159 156 156 157 161 167 169 165 164 160 165 167 167 168 168 168 166 165 167 161 162 164 166 170 175 180 185 189 191 193 189 183 181 180 177 174 171 172 172 172
158 156 157 159 162 159 158 159 161 159 159 158 158 158 158 159 155 152 155 159 160 163 166 165 168 171 173 176 178 177 173 167 160 157 154 155 161 165 170 172 170 163 157 160 161 159 160 161 159 156 158 160 163 163 163 160 158 157 161 168 172 168 170 162 165 166 167 168 169 170 167 168 165 163 165 167 168 173 180 186 191 195 193 188 184 178 176 175 173 173 175 176 175 170
161 156 155 157 159 160 159 160 160 160 160 158 158 157 157 161 154 152 154 156 160 160 163 163 167 170 173 177 178 175 172 168 165 157 154 154 158 165 166 169 170 165 159 158 162 162 164 162 160 158 163 160 163 166 168 165 162 160 165 168 170 170 170 166 164 167 170 171 171 171 169 169 165 167 166 171 171 174 181 188 194 196 189 185 182 176 174 176 178 181 183 184 182 177
162 156 155 157 159 160 159 160 161 160 157 157 157 160 161 160 153 153 155 154 154 157 160 162 168 173 172 177 179 176 171 162 159 156 154 154 156 162 165 169 169 164 159 160 164 164 165 164 161 158 164 162 163 167 170 168 167 162 168 169 171 170 170 166 163 167 170 171 173 174 172 170 166 167 168 173 172 177 184 191 194 194 189 182 178 175 176 183 185 188 190 190 186 180
161 155 161 158 160 161 161 161 161 161 159 160 159 157 155 154 155 154 157 157 155 160 160 162 167 168 170 176 176 176 170 163 160 157 157 156 156 161 168 165 164 161 159 162 165 166 166 162 159 159 166 166 164 166 169 170 169 166 169 171 171 172 170 167 165 166 169 174 178 176 175 172 168 169 172 173 176 181 188 190 190 188 186 182 177 178 180 186 192 193 192 190 187 183
159 156 162 162 161 162 162 161 162 162 161 159 157 156 156 158 159 160 157 157 158 157 157 162 165 168 169 171 172 172 171 168 163 160 162 160 159 158 163 163 160 160 159 165 166 166 165 162 159 161 163 164 164 169 171 172 174 169 169 172 173 172 173 169 169 166 168 171 175 176 177 177 171 171 173 175 177 185 187 187 188 187 186 182 178 179 182 190 194 192 188 185 183 181
156 158 161 164 162 162 162 161 162 159 158 157 158 157 157 162 163 162 160 160 160 157 156 164 169 170 170 170 172 173 174 171 169 165 165 161 160 160 164 164 160 166 164 167 167 165 165 159 164 167 163 167 168 170 171 171 172 170 172 171 174 176 176 174 173 168 168 172 178 182 178 179 173 175 175 179 179 189 187 188 186 183 181 179 177 182 186 191 194 193 185 181 179 177
157 158 163 165 164 163 163 163 162 162 158 160 161 161 160 164 163 164 164 163 162 158 159 164 169 172 173 174 173 175 175 175 173 169 166 163 161 162 167 166 163 166 167 168 168 164 162 160 166 170 167 168 170 171 171 172 173 174 173 174 176 179 178 179 175 170 171 171 176 183 178 181 176 180 185 181 186 191 191 189 187 185 183 180 182 184 188 191 191 188 182 178 176 174
