DEM/DEM14.asc
ncols 800
nrows 800
xllcenter 960150.000000
yllcenter 1760150.000000
cellsize 300.000000
nodata_value -9999
[rows 741 to 779 of 800, columns 352 to 439 of 800]
159 158 157 154 156 164 163 157 155 153 154 150 153 154 158 157 159 160 159 155 146 142 146 151 148 147 147 152 156 157 150 147 148 150 153 149 149 152 155 157 154 154 162 167 166 165 163 170 174 182 189 182 172 174 174 167 165 162 158 155 161 158 156 155 152 158 157 161 155 150 148 150 153 146 144 143 145 140 140 141 140 142 146 145 139 139 137 136
157 159 156 154 159 162 161 159 158 155 154 152 155 158 156 158 160 157 149 144 145 146 147 154 150 147 148 154 154 151 146 146 153 160 158 154 151 152 158 161 160 154 159 160 164 169 169 174 177 181 187 181 172 169 170 165 167 169 162 153 161 162 158 155 150 152 155 159 157 150 147 146 149 148 144 142 143 142 142 141 137 136 140 139 142 140 137 134
155 158 157 151 157 161 162 158 155 154 150 150 153 155 155 157 158 157 155 146 145 144 148 152 146 144 150 157 149 146 148 145 152 157 154 152 152 154 158 163 161 157 156 161 167 172 172 173 174 178 185 180 170 167 166 164 160 165 163 155 159 167 161 155 156 151 150 156 159 153 145 144 147 146 144 140 140 142 143 141 137 137 138 142 144 142 141 135
153 157 158 151 154 161 161 160 160 157 152 150 156 156 160 158 158 158 153 145 146 145 148 146 145 147 154 154 147 146 151 150 147 149 149 150 152 154 158 163 160 161 158 163 168 170 168 170 171 175 181 185 171 170 170 168 160 161 164 156 159 166 165 159 158 153 150 155 157 154 146 145 144 141 143 143 139 139 142 139 137 136 141 145 143 138 135 134
150 154 157 151 156 160 157 158 157 155 152 150 152 153 157 157 160 157 149 146 145 147 146 144 150 153 155 148 147 143 149 146 144 146 148 150 151 153 159 165 162 165 164 165 163 166 173 174 177 179 185 186 174 166 168 171 167 157 155 154 155 163 167 163 153 153 149 151 150 153 154 146 142 142 144 147 142 137 139 141 141 133 135 139 137 136 137 135
152 151 155 151 152 154 151 149 148 149 151 149 149 154 156 156 157 158 155 143 141 146 149 153 154 149 148 148 144 141 142 144 144 148 150 150 151 155 158 161 164 165 168 168 168 168 171 171 174 180 184 185 175 165 163 166 161 153 151 154 151 154 163 165 155 157 150 151 148 147 156 148 143 140 143 141 144 137 136 140 140 133 134 134 134 133 135 138
152 149 150 151 150 152 150 150 149 146 146 144 143 151 155 154 158 158 153 144 143 145 151 154 153 147 148 146 144 141 144 145 145 151 155 152 155 158 159 165 169 165 166 164 168 168 167 171 176 178 182 186 177 165 159 156 160 157 156 158 159 151 158 166 158 157 152 155 154 143 150 149 144 139 142 142 142 137 135 133 135 132 131 132 137 135 136 138
150 150 151 149 149 149 150 151 151 148 147 146 145 145 150 155 154 156 153 147 145 142 149 153 153 147 144 143 142 144 149 146 149 149 155 154 158 162 163 165 164 164 163 163 165 166 168 172 174 176 177 182 180 165 160 160 165 161 160 159 158 150 152 165 160 153 148 149 152 149 145 146 148 143 138 138 137 137 133 131 132 131 132 134 135 134 133 136
153 147 150 147 149 150 151 151 153 152 149 151 151 147 147 151 155 158 153 146 144 142 145 151 144 143 142 144 146 152 153 152 157 153 155 155 158 163 163 161 159 161 164 165 167 170 172 171 172 173 174 178 178 167 164 167 172 171 161 156 156 153 148 154 157 151 143 145 147 149 155 147 141 141 141 137 138 134 138 135 135 134 135 135 134 138 143 141
154 150 149 146 148 149 152 153 152 155 153 151 153 147 145 153 156 160 159 152 142 141 145 144 140 140 141 150 152 156 159 156 156 157 158 159 159 161 163 158 160 161 167 168 171 172 170 168 166 169 173 176 178 172 164 167 173 177 169 163 159 159 151 146 149 150 147 145 143 142 148 154 151 144 140 138 136 138 141 135 136 137 136 136 137 144 151 147
155 152 151 148 149 146 149 150 155 155 153 152 150 146 143 150 157 157 156 148 144 142 142 139 138 140 139 147 150 153 156 156 153 155 157 159 160 160 158 155 163 164 166 166 167 169 167 164 170 168 173 179 183 177 165 165 169 176 176 165 164 165 159 149 148 150 154 154 148 144 143 153 152 145 138 139 138 137 136 136 139 145 139 140 139 142 153 155
150 151 150 152 151 146 146 151 155 154 150 149 146 146 143 152 158 158 158 150 140 139 143 140 140 142 146 146 145 150 150 150 150 152 154 156 158 156 156 156 163 163 165 163 168 169 163 163 167 170 176 181 183 183 174 168 169 170 169 162 158 155 154 150 150 154 158 157 152 148 143 146 150 153 144 135 134 133 133 135 143 147 145 150 148 147 146 149
148 150 148 147 148 147 147 149 153 152 150 150 145 143 145 150 154 158 159 155 142 140 147 144 141 146 144 147 149 153 157 155 155 152 154 156 157 154 158 156 162 161 164 165 166 166 160 164 169 174 177 180 180 183 181 171 166 165 173 165 163 161 157 151 151 155 159 154 147 144 142 142 140 142 138 140 140 139 133 135 136 141 144 150 142 142 141 141
144 146 146 144 145 145 145 144 151 153 150 146 143 141 141 146 152 158 154 150 144 143 145 144 145 143 143 147 146 146 153 157 160 157 157 160 160 155 157 154 161 163 163 164 164 162 160 166 168 172 170 171 173 180 182 177 166 162 169 169 162 159 156 154 157 155 155 157 154 146 144 142 142 141 145 148 148 146 139 135 139 142 136 140 135 137 138 140
145 145 144 143 143 146 146 149 152 152 149 145 142 140 141 146 147 151 154 146 141 141 140 142 143 141 141 145 148 146 152 156 160 157 161 163 159 156 152 155 158 158 158 161 162 159 162 165 166 169 164 166 170 177 182 179 169 161 161 160 156 156 154 158 159 161 154 155 159 153 145 144 141 147 151 153 148 142 136 135 139 136 133 135 136 135 138 138
150 147 146 145 143 143 144 151 154 153 149 146 144 145 141 140 141 152 153 143 141 141 145 139 139 140 145 151 152 153 147 151 158 162 159 159 158 156 152 157 157 158 158 163 159 157 162 166 167 170 162 168 170 170 176 176 171 168 160 159 161 157 157 160 160 160 155 148 154 155 151 146 149 151 154 154 153 143 136 135 134 133 135 137 140 140 137 140
152 152 152 146 142 143 146 149 152 154 151 146 143 140 139 139 150 152 150 141 139 143 142 144 143 141 144 149 151 158 157 154 154 158 159 157 155 154 151 154 156 160 160 159 155 159 163 164 166 162 160 167 165 163 170 177 178 176 168 162 161 163 160 164 163 154 152 149 152 152 153 152 146 146 148 147 146 144 137 139 146 146 142 138 145 141 140 140
149 148 150 150 146 143 142 148 153 152 149 145 143 139 138 141 149 152 144 138 142 138 147 153 149 148 150 152 151 158 156 158 154 153 156 162 159 154 150 156 156 158 157 153 155 159 159 162 167 165 157 158 159 165 172 173 176 176 173 171 168 165 165 168 181 155 149 146 148 153 152 152 148 139 142 141 141 145 142 137 145 142 141 139 141 144 145 145
148 145 143 144 145 143 144 152 154 153 152 148 144 138 136 143 152 148 140 138 138 138 144 155 152 152 154 154 154 154 156 154 156 153 151 157 160 156 150 154 156 160 156 154 158 158 161 162 162 164 157 156 162 167 169 169 174 173 169 170 168 163 166 177 186 156 150 146 142 150 155 150 147 147 141 138 139 143 140 136 139 145 149 146 143 148 150 150
147 146 145 142 144 144 142 147 150 153 151 147 144 138 135 140 148 145 139 140 138 147 149 153 154 153 155 152 153 155 155 154 155 152 152 154 156 158 151 150 154 153 151 157 160 159 159 159 163 162 156 159 161 164 164 167 165 168 166 168 170 158 158 164 164 155 150 144 140 141 150 151 144 144 144 132 141 141 140 138 136 143 145 145 144 147 154 151
148 147 145 143 143 144 140 144 152 154 146 144 140 139 141 136 142 138 140 140 140 151 155 155 157 153 149 154 153 151 153 152 150 150 159 158 154 154 154 149 151 149 151 154 159 159 156 161 163 161 154 153 155 161 162 162 161 167 163 171 177 162 154 154 153 148 143 146 147 143 139 144 148 144 141 134 136 137 135 137 132 131 135 137 143 150 153 144
148 145 146 145 141 140 142 148 150 153 145 140 138 138 139 139 139 140 139 148 148 152 155 152 151 154 150 150 150 150 150 150 149 149 156 159 156 151 148 148 150 151 156 155 160 156 156 161 160 161 158 150 155 160 157 157 161 163 160 173 177 166 157 151 151 152 154 154 148 143 141 136 139 143 145 138 134 135 138 136 133 138 135 139 140 144 145 143
148 146 144 142 140 141 142 147 151 149 145 142 138 138 138 137 145 151 151 152 152 153 156 151 152 152 151 152 152 148 149 150 150 152 154 156 154 152 150 148 148 152 154 150 152 156 158 158 162 158 158 150 155 159 155 154 162 162 156 162 167 162 160 155 147 148 158 166 150 147 143 138 133 133 137 136 130 136 137 136 136 140 138 140 139 139 145 143
148 147 150 149 144 140 138 145 149 150 150 144 137 137 137 143 145 148 156 156 152 153 153 152 154 152 152 149 147 145 147 151 153 151 154 154 154 154 152 152 147 152 147 152 157 159 157 156 159 157 156 147 151 158 160 150 156 159 156 155 160 158 163 167 154 143 147 146 152 150 143 138 137 134 133 134 134 133 136 138 141 146 143 145 144 142 148 146
151 153 151 149 145 141 140 140 143 150 148 143 138 138 142 139 148 152 154 155 151 154 153 154 153 152 152 151 147 146 149 151 154 151 151 152 153 153 152 153 148 149 148 156 156 158 156 157 156 154 153 147 146 156 157 151 153 159 151 157 155 155 166 166 157 142 138 139 144 150 146 143 135 133 134 134 136 138 134 135 137 145 150 149 148 143 147 150
155 153 150 148 144 145 141 139 138 146 148 143 136 138 138 139 148 151 150 150 151 150 151 153 153 150 151 149 146 145 150 150 153 151 152 152 152 154 153 153 145 144 150 156 154 156 153 156 156 157 153 147 143 151 154 152 152 158 157 150 149 151 159 165 159 149 139 136 139 141 139 138 136 132 134 139 143 141 138 134 135 138 144 154 154 153 150 152
154 154 154 149 148 149 145 139 139 149 151 143 137 137 138 138 148 146 145 151 154 149 151 153 153 149 150 146 143 146 153 156 153 152 154 154 151 149 150 152 149 146 146 151 155 151 155 153 155 155 155 151 145 145 148 147 151 161 158 151 145 149 150 156 161 155 144 135 134 134 140 130 133 133 135 144 142 145 147 140 137 135 136 145 152 157 161 158
150 155 154 149 150 148 145 140 139 146 148 144 143 137 136 140 146 141 151 152 152 147 154 153 152 151 151 149 145 147 149 154 157 156 153 152 149 150 149 149 148 148 147 148 148 153 155 153 155 154 150 146 141 143 144 145 149 159 155 154 147 147 147 150 152 155 147 142 137 131 136 135 134 132 143 161 149 149 149 146 139 137 138 142 149 152 157 159
148 152 154 149 146 146 141 139 141 148 152 147 139 136 137 144 140 139 144 150 150 140 148 154 153 154 150 149 144 148 152 152 157 156 156 150 148 146 145 147 146 145 147 152 154 152 151 151 156 157 154 151 143 140 143 148 151 151 155 157 149 143 145 143 145 143 149 151 143 132 132 133 136 137 140 149 151 152 149 144 139 144 140 141 140 146 149 154
149 150 151 147 146 147 142 139 145 148 150 146 145 138 139 141 140 137 135 138 141 137 144 150 154 155 148 146 142 146 149 149 154 156 155 153 151 144 145 143 143 145 146 148 149 151 151 151 154 155 154 150 144 140 147 146 152 148 150 153 150 147 141 145 145 141 139 140 146 141 133 135 135 140 142 141 147 153 148 148 143 143 147 145 139 142 148 150
148 147 149 150 149 147 146 139 141 146 153 151 144 140 138 140 140 140 138 136 134 143 155 155 151 151 148 141 142 144 148 149 151 154 155 151 150 148 146 142 143 146 149 147 150 148 150 150 150 147 150 152 146 139 146 144 152 144 145 148 148 147 141 143 148 145 145 138 137 135 139 144 143 144 144 141 144 155 155 154 146 150 151 144 139 144 145 143
146 144 144 148 147 144 142 139 144 150 151 152 152 150 141 141 144 142 141 140 137 146 154 153 145 149 148 140 138 141 146 148 150 152 153 151 151 151 149 143 142 144 147 146 150 151 150 148 147 146 151 149 142 141 139 143 152 149 140 145 150 144 142 140 145 143 143 136 134 139 141 148 152 155 154 151 151 169 155 151 146 157 158 148 147 144 141 141
141 141 143 142 145 142 138 142 141 150 150 147 152 154 148 149 148 150 148 142 137 141 153 149 144 149 146 137 137 140 141 143 151 152 151 148 150 154 151 143 141 143 145 149 154 151 151 152 150 145 152 149 144 140 136 141 147 144 138 144 143 140 138 141 144 140 135 134 134 140 145 148 154 158 159 157 157 159 155 147 147 153 151 150 153 149 142 146
143 142 143 139 143 143 138 141 141 147 146 143 152 157 155 149 145 146 147 138 140 146 151 147 144 148 143 139 137 141 142 144 144 147 147 150 149 149 148 143 142 142 146 152 150 147 146 152 152 149 148 151 151 143 135 138 140 137 138 144 139 142 136 137 144 139 133 136 137 140 137 143 151 155 157 156 158 164 164 159 153 153 152 154 150 147 149 149
154 147 145 140 139 140 137 138 140 140 142 147 152 153 149 147 147 142 143 138 140 151 153 149 142 141 138 140 142 141 144 146 147 146 148 149 149 148 146 142 141 141 142 147 149 148 143 150 149 152 144 147 152 147 136 135 132 134 139 139 136 144 141 134 135 133 135 137 135 140 141 142 148 148 149 150 155 161 162 164 164 162 158 151 147 147 153 157
157 151 144 137 137 136 137 137 138 141 146 149 147 151 149 144 140 134 138 138 142 150 150 146 140 137 138 140 143 146 144 145 147 152 150 151 147 146 147 147 143 140 138 146 147 145 142 144 149 151 144 146 148 140 137 137 134 132 131 136 135 143 137 136 129 133 136 133 135 144 147 146 145 145 147 145 149 156 154 160 163 164 163 155 152 152 154 156
153 150 147 137 136 137 138 138 138 142 147 151 145 146 151 152 142 142 137 140 144 151 149 141 136 136 139 140 140 145 146 149 149 151 152 149 149 149 146 144 142 141 138 141 145 143 141 145 152 150 144 147 150 144 139 139 137 134 131 132 134 139 139 136 134 133 133 135 136 138 145 147 141 143 143 140 143 149 148 154 162 164 165 163 162 162 158 160
148 146 142 137 136 135 135 136 136 139 145 147 143 148 153 152 148 143 139 139 148 149 147 143 137 144 144 144 142 143 145 147 148 150 150 147 147 147 145 141 140 139 138 139 141 140 135 143 145 149 145 143 147 144 141 143 139 137 135 131 130 130 135 137 133 136 135 134 130 132 137 138 137 140 142 147 144 142 145 152 157 159 159 163 169 167 166 165
141 138 142 139 138 135 135 134 134 135 142 142 143 147 151 150 149 137 138 141 146 147 143 139 137 142 147 151 150 149 150 147 149 155 155 151 149 145 142 140 139 139 140 139 137 137 137 135 140 149 149 142 143 144 145 141 141 137 135 135 130 129 130 134 134 136 134 132 131 129 130 132 135 141 149 147 139 141 145 147 147 148 153 158 166 166 171 173
