DEM/DEM17.asc
ncols 800
nrows 800
xllcenter 480150.000000
yllcenter 1520150.000000
cellsize 300.000000
nodata_value -9999
[rows 392 to 440 of 800, columns 672 to 767 of 800]
131 175 255 231 200 182 172 158 215 256 202 184 162 137 117 108 100 101 135 128 109 101 93 88 88 88 87 86 86 84 82 83 82 83 82 81 80 81 83 83 82 83 84 84 83 82 81 80 80 77 79 81 78 76 78 79 78 79 81 81 80 83 81 78 74 76 76 73 70 67 68 66 66 63 61 62 64 65 63 64 62 63 59 58 57 58 56 59 60 59 61 63 60 55 54 54
186 179 258 229 236 263 285 190 142 186 249 304 249 200 154 110 99 96 92 89 87 87 86 85 85 84 83 82 81 80 80 79 78 79 79 79 78 80 84 82 81 81 82 82 84 84 81 80 82 79 81 83 81 79 82 80 80 81 85 83 82 82 83 81 80 80 82 76 74 72 70 68 65 63 60 61 61 64 61 62 59 61 58 57 56 59 56 56 59 59 59 57 57 53 53 55
118 125 177 255 287 281 280 209 113 122 202 329 354 333 253 155 106 97 92 87 83 83 81 83 82 81 79 79 81 80 79 78 77 76 76 76 76 76 81 81 79 80 80 82 82 83 82 81 81 79 81 82 81 81 85 86 83 85 89 87 86 86 84 81 81 82 81 77 75 73 71 69 66 63 61 60 60 62 61 61 58 56 59 57 56 57 54 56 61 59 54 54 53 50 51 53
109 86 178 270 265 224 203 203 105 92 108 153 241 300 306 261 232 173 120 93 85 82 80 80 79 79 79 78 82 81 78 79 79 78 76 73 77 76 78 79 77 76 79 81 82 85 85 85 84 82 85 86 85 84 85 87 87 87 88 86 87 86 84 83 83 86 83 81 80 79 74 73 71 66 64 64 58 59 60 61 57 56 57 56 57 55 56 56 57 54 52 52 51 50 50 50
69 72 174 240 245 197 190 206 87 80 77 80 106 187 203 289 355 337 253 158 150 101 83 82 81 81 82 79 77 79 77 76 74 74 74 74 72 74 77 77 77 77 78 80 83 85 86 85 84 82 83 84 83 86 85 88 88 89 91 91 89 86 87 87 87 91 87 86 85 83 79 77 75 72 69 68 66 62 59 60 58 58 56 56 57 55 54 53 52 51 51 51 50 51 49 49
51 66 164 195 166 152 166 115 74 72 70 68 72 92 107 179 236 329 324 218 256 215 161 182 107 78 77 76 76 76 75 72 73 74 71 71 72 74 78 75 75 76 78 79 81 84 86 86 85 85 86 87 86 87 86 92 89 90 93 89 89 88 90 89 91 93 90 89 88 88 84 81 81 76 74 73 71 66 65 66 62 61 60 60 60 57 57 54 54 53 52 51 50 50 49 47
47 57 77 97 139 132 84 64 64 64 64 62 65 69 80 94 119 180 256 169 147 162 151 161 150 82 73 75 78 101 78 71 71 71 70 68 69 71 74 72 72 73 74 78 80 84 86 86 87 88 88 87 89 89 90 91 90 90 91 91 90 89 94 93 96 96 94 95 95 94 91 89 86 81 78 78 73 73 72 72 69 69 67 65 64 62 58 57 55 53 54 53 52 50 50 49
44 51 70 122 183 86 62 61 57 57 57 58 58 60 62 68 84 179 246 163 134 149 168 132 120 79 70 72 72 72 71 71 68 70 69 69 68 70 72 74 74 81 81 80 82 85 84 86 87 89 90 89 92 92 91 92 92 91 95 95 93 92 95 97 101 99 100 103 102 102 102 97 94 91 88 83 80 76 76 77 73 72 70 67 66 65 64 59 58 57 56 55 54 54 53 51
40 46 82 163 165 64 57 57 54 53 53 54 52 53 54 59 61 110 169 164 163 126 139 101 73 69 67 70 72 71 71 71 70 70 70 69 69 70 71 73 74 85 87 82 82 83 85 85 87 90 92 94 94 94 94 94 94 93 95 96 96 96 98 102 106 107 105 105 103 106 106 104 102 96 89 84 83 80 80 83 79 76 75 72 70 68 65 63 60 60 57 57 55 55 54 52
36 46 119 213 162 56 51 51 49 49 48 49 52 52 53 55 54 57 63 67 80 86 71 67 66 67 65 65 68 70 73 71 71 70 70 70 70 70 71 74 76 81 81 83 83 84 86 89 91 94 96 96 98 98 99 99 97 97 99 99 100 97 100 102 106 107 103 103 104 103 103 105 106 101 90 88 90 86 87 90 88 85 83 78 75 71 69 66 63 61 61 60 57 57 55 55
43 78 100 206 171 53 45 45 46 44 44 45 49 52 54 52 50 49 51 51 55 59 61 62 63 64 65 64 66 67 69 70 69 71 69 71 72 73 74 78 79 82 80 83 84 86 90 93 97 99 100 100 101 103 103 101 101 101 101 101 100 98 100 102 102 101 103 102 103 103 104 105 103 104 96 93 96 93 95 99 97 93 86 84 79 74 68 68 65 64 64 63 61 60 58 56
36 86 147 210 157 52 42 42 43 43 44 45 47 49 52 51 48 46 48 50 52 56 59 62 62 63 60 61 63 64 66 73 71 73 79 105 77 77 80 79 80 82 85 88 92 88 91 96 98 100 103 101 102 104 105 102 106 104 103 105 103 102 102 104 102 102 105 104 104 104 107 104 105 107 102 98 98 99 100 106 101 94 88 83 79 74 71 70 66 67 70 66 67 64 62 60
32 38 81 161 146 51 43 42 42 38 42 45 45 45 46 46 45 44 46 48 52 55 57 58 60 59 59 62 61 60 64 80 61 74 94 111 81 77 80 80 83 82 96 99 107 144 142 116 102 104 105 104 105 107 106 106 109 108 108 108 106 104 102 105 104 104 106 104 105 104 105 105 106 106 106 106 103 105 107 108 102 95 90 88 82 77 76 73 70 72 72 71 70 68 64 62
36 32 32 74 162 78 45 40 42 42 40 43 43 41 42 42 42 42 44 46 49 52 54 56 56 57 58 62 61 61 65 77 67 81 93 79 78 78 79 81 87 97 113 132 127 160 184 152 108 109 109 106 107 107 109 110 113 113 110 111 109 107 105 103 105 107 109 114 107 106 106 107 106 108 108 108 107 107 107 107 102 95 90 86 82 79 76 73 73 75 76 76 75 74 70 66
29 28 30 38 99 126 51 40 39 38 40 40 39 38 39 40 40 43 44 46 49 49 53 52 53 56 56 59 60 63 90 96 77 76 77 80 96 81 82 82 100 151 150 164 165 189 230 186 118 119 124 118 113 114 128 119 117 115 115 117 114 111 108 105 106 105 109 125 110 109 107 107 106 107 107 105 107 107 107 106 104 99 93 88 87 83 80 78 76 79 81 81 79 77 73 69
27 27 28 29 35 67 78 38 37 37 37 37 40 39 39 42 43 46 46 47 49 48 51 52 54 55 58 65 65 66 110 154 89 79 82 88 156 90 81 83 106 186 181 222 213 248 257 214 156 171 180 207 199 221 255 186 127 121 122 120 115 114 110 108 108 109 111 113 110 109 107 107 106 109 109 110 109 108 108 108 109 105 97 94 90 85 81 79 80 82 86 86 85 83 77 73
28 28 29 31 33 37 47 39 33 35 37 40 39 41 42 43 47 48 49 53 55 56 55 55 56 85 71 81 69 75 77 81 80 84 91 81 83 81 81 84 91 102 130 174 190 196 175 175 162 165 163 172 184 248 300 209 156 128 164 174 118 114 110 107 109 111 113 112 122 121 111 110 111 112 112 113 111 111 111 110 109 106 98 95 91 86 82 84 84 85 89 90 87 83 78 73
27 28 28 32 34 49 37 34 33 36 39 39 39 39 41 41 43 49 50 52 56 54 55 55 56 69 81 77 71 98 84 80 79 80 79 79 80 80 80 83 89 94 109 122 136 147 163 173 162 166 167 179 173 196 252 236 174 150 178 170 117 113 112 110 110 115 115 114 121 141 140 116 114 119 136 117 115 114 114 111 109 106 98 94 91 86 84 86 87 87 88 88 85 82 78 74
27 32 50 31 34 31 32 32 36 36 36 35 38 36 37 39 41 46 47 50 53 54 56 55 57 63 93 163 144 142 99 89 88 85 81 86 81 81 81 84 90 136 142 143 143 141 154 174 189 179 173 179 178 184 217 252 192 186 209 165 125 116 115 112 114 117 115 134 137 148 172 170 138 128 130 121 118 116 113 111 110 106 100 97 92 90 87 91 91 91 89 86 84 83 79 76
27 36 37 36 31 30 33 34 32 33 35 35 35 35 36 39 43 47 48 50 54 55 58 56 57 67 61 118 85 93 123 97 91 112 109 122 93 79 78 94 94 128 145 132 121 128 184 193 189 174 170 167 183 198 231 230 206 182 212 190 144 122 114 111 115 116 119 190 207 207 196 164 140 129 125 123 122 117 117 116 113 110 103 102 99 96 91 93 92 90 88 85 83 80 79 77
27 29 30 31 31 33 32 32 33 33 36 45 34 34 36 40 46 49 50 51 52 55 58 56 59 57 58 72 63 65 72 75 76 78 79 82 95 77 77 107 90 92 101 99 119 135 192 228 203 188 181 160 178 197 215 232 246 198 197 219 196 145 120 113 116 116 123 194 220 228 197 188 155 131 128 127 124 122 119 114 114 111 106 103 102 99 97 96 94 90 87 86 85 84 82 78
24 27 29 32 31 30 30 30 31 32 32 46 33 34 34 40 47 48 46 48 51 55 56 57 58 64 76 83 64 59 65 71 75 76 77 78 79 80 80 82 80 79 81 89 95 123 182 215 198 203 186 164 201 242 262 245 229 211 238 234 217 183 128 117 116 118 122 181 227 230 220 217 189 140 132 128 127 124 122 116 114 113 108 106 105 103 100 98 96 91 89 89 88 87 85 79
24 28 31 28 29 40 49 30 31 31 31 30 30 33 38 41 39 42 45 45 48 49 55 56 77 75 56 50 51 57 62 68 72 76 77 78 78 79 76 77 78 77 78 81 84 86 112 178 226 238 183 148 142 167 201 200 157 154 233 273 255 245 170 117 117 119 123 157 194 182 199 194 147 138 135 132 128 125 123 118 116 113 111 107 106 106 102 99 96 93 93 92 89 86 83 81
24 28 27 26 26 34 40 28 28 29 29 29 29 31 31 33 33 34 37 41 44 48 53 51 55 52 50 50 51 52 55 61 68 71 74 76 73 71 71 71 75 73 75 78 80 81 89 101 144 211 179 136 132 134 138 142 135 135 154 219 220 261 162 117 118 120 123 130 142 138 149 145 141 137 133 131 129 126 122 119 116 114 111 108 108 107 105 100 97 97 95 93 90 86 85 84
26 26 27 25 26 28 28 28 27 28 28 30 30 31 30 30 33 33 36 36 38 43 44 47 48 49 49 49 47 47 48 53 55 60 65 68 65 64 65 69 70 70 74 75 79 83 90 96 100 115 132 143 127 127 128 127 126 128 130 136 158 201 135 117 120 123 125 130 147 152 168 145 142 139 134 130 128 125 123 119 117 115 111 109 107 107 106 104 101 100 98 94 91 90 90 88
25 27 27 26 25 26 27 26 26 28 30 29 28 31 30 29 30 31 43 33 34 37 39 43 44 43 47 46 44 47 47 48 52 53 57 59 62 63 63 65 66 67 68 73 76 79 87 94 97 105 112 116 117 118 120 121 120 121 124 126 126 126 120 119 123 126 128 135 166 223 248 187 162 144 137 131 127 126 124 118 118 114 111 110 110 111 111 112 108 101 98 96 93 90 91 90
23 25 25 27 26 25 29 28 27 28 28 29 30 30 29 30 30 31 31 31 32 34 36 36 40 39 42 42 39 42 46 47 48 50 54 57 58 60 63 63 66 67 67 71 72 79 85 88 93 101 108 110 113 117 118 118 119 122 124 125 125 122 121 120 124 127 129 160 241 256 269 276 231 159 153 134 129 125 122 121 116 114 111 109 111 110 110 108 107 101 98 95 90 90 93 93
23 23 26 27 31 32 29 28 27 31 29 27 29 29 29 28 30 31 30 30 31 33 33 35 36 36 37 38 38 40 42 44 46 47 51 54 56 58 62 63 65 68 70 71 72 76 85 87 92 95 100 104 107 110 113 116 121 127 124 123 125 125 122 123 125 137 138 165 238 275 272 275 287 225 191 165 149 126 121 118 117 113 112 112 112 110 110 109 108 105 102 100 93 93 95 95
23 24 25 30 32 31 30 29 27 27 26 27 27 31 28 27 27 29 29 29 29 30 31 33 33 34 36 38 39 39 42 42 43 45 48 52 53 58 63 61 61 65 69 72 75 80 88 89 91 92 96 98 104 105 107 111 116 121 129 129 127 124 123 124 145 153 145 145 165 183 233 245 247 253 237 223 230 195 128 118 118 117 115 116 114 112 112 109 107 104 103 102 97 96 98 99
23 22 25 29 30 30 30 33 31 30 27 27 30 28 27 27 28 28 28 28 29 30 30 32 32 33 35 36 38 39 42 45 43 44 47 51 53 56 55 57 59 61 65 71 77 82 90 89 91 91 94 98 103 105 106 110 113 117 124 143 134 126 125 124 128 132 136 146 184 224 233 268 292 231 196 177 195 255 194 125 121 119 124 124 145 139 117 110 108 105 104 102 102 100 101 103
24 23 24 26 28 29 27 30 33 30 29 30 34 28 28 29 29 29 30 28 29 29 30 31 34 34 35 35 38 41 42 46 46 45 47 50 53 52 53 57 60 64 67 71 78 80 85 89 90 92 95 101 107 111 110 111 113 117 119 128 138 136 126 127 127 133 182 194 254 307 315 275 297 279 196 163 168 213 201 138 125 133 165 153 157 174 129 116 120 107 104 104 105 102 102 104
25 22 23 25 25 26 27 29 30 28 30 34 34 30 29 30 30 29 32 31 28 29 30 31 33 35 36 37 43 41 44 43 45 46 47 49 54 52 54 56 60 66 65 72 75 77 83 89 89 94 100 106 110 114 113 115 116 118 122 132 131 132 131 130 130 133 143 140 152 174 213 234 226 239 211 162 169 183 161 164 130 127 132 156 166 172 147 137 160 109 108 108 111 109 107 108
25 26 23 27 24 24 25 24 26 28 30 29 33 32 30 33 32 30 31 30 32 31 31 35 33 33 36 36 40 40 41 43 45 45 46 49 49 51 55 54 58 62 65 71 72 77 83 87 90 94 104 112 113 116 116 117 119 120 125 143 136 133 136 143 135 131 134 144 165 190 216 223 227 180 162 156 154 170 150 175 159 155 135 139 152 206 184 198 210 134 111 110 114 113 124 167
25 23 22 25 25 27 27 27 26 27 30 31 33 30 33 35 34 29 30 30 32 32 30 34 34 37 35 36 38 41 43 44 45 46 47 50 47 50 55 57 59 64 70 73 75 81 86 88 92 95 102 107 112 116 116 118 119 122 123 126 124 128 132 151 153 140 137 137 138 144 169 203 243 176 155 147 149 148 148 170 191 193 198 169 156 188 204 213 203 131 123 120 119 122 140 199
19 22 22 22 25 24 27 25 25 30 32 31 34 28 31 30 33 34 29 27 32 30 29 30 31 35 35 36 38 40 40 44 46 43 49 49 49 49 53 59 60 62 70 71 76 81 86 89 91 96 102 103 108 114 116 118 118 119 120 127 123 124 132 143 151 133 137 144 171 155 147 146 155 153 145 140 142 144 155 168 201 186 195 238 231 192 224 234 249 195 202 164 134 184 227 247
24 22 23 23 25 21 23 21 23 27 28 29 29 29 30 29 30 32 28 28 27 27 28 28 30 34 36 38 39 39 42 43 44 45 49 47 50 53 55 58 61 64 70 70 75 80 85 89 93 99 99 100 105 110 112 118 117 119 119 121 123 124 127 130 135 134 151 159 192 254 225 209 164 149 145 143 140 158 167 150 167 164 175 204 226 216 238 228 240 261 221 164 183 195 206 214
23 20 19 20 21 18 20 19 21 25 27 28 30 28 29 31 30 29 26 25 27 27 29 32 32 32 35 35 39 40 40 40 40 43 46 48 52 55 56 57 61 65 66 69 77 79 81 85 90 93 95 99 104 111 115 118 119 119 118 122 123 126 127 131 137 138 232 302 336 373 365 341 315 241 159 161 149 142 146 141 154 170 179 216 205 221 229 233 217 209 210 217 237 246 268 273
23 22 17 16 17 15 15 17 20 24 24 25 27 28 28 27 30 30 27 25 25 27 30 30 31 31 34 35 36 38 39 38 40 44 44 48 51 55 57 57 62 63 63 66 69 76 77 80 84 87 92 94 101 109 114 116 118 118 119 121 123 129 135 179 169 136 179 293 330 327 372 404 423 310 171 177 157 131 139 138 136 148 182 223 245 241 267 260 273 287 251 253 248 227 268 260
21 18 13 13 14 13 15 16 18 21 23 24 24 26 28 25 27 26 26 25 24 25 25 30 31 32 33 34 34 35 35 41 49 41 44 49 51 52 55 57 62 61 63 66 67 72 75 80 81 85 92 93 97 104 111 114 118 116 117 122 140 177 150 193 245 143 141 183 234 348 364 377 367 246 161 147 140 136 141 129 125 126 147 191 222 233 238 243 275 301 291 314 268 216 228 224
14 14 13 14 13 12 13 16 17 19 21 21 22 23 25 25 26 24 21 21 20 22 24 26 28 31 33 34 34 34 37 37 40 41 46 50 52 52 54 58 60 61 64 69 67 69 72 77 80 86 92 94 97 102 108 115 116 115 122 174 193 200 163 181 250 176 144 172 249 369 382 351 312 229 208 190 185 172 162 126 126 148 134 187 202 242 213 227 228 260 283 274 237 195 194 209
10 13 12 12 12 11 13 16 17 17 18 19 20 22 25 23 20 21 21 21 21 24 25 27 29 31 30 31 32 32 35 37 39 42 46 50 50 54 55 57 57 61 63 66 68 67 73 74 79 86 89 92 97 101 105 110 112 115 118 126 163 231 217 171 224 302 279 224 166 203 238 288 300 279 196 187 252 228 166 139 133 146 124 127 169 171 138 146 151 199 206 203 195 197 222 237
10 12 13 14 11 14 12 14 17 18 17 18 19 24 20 22 20 20 21 20 23 22 23 25 26 28 29 30 30 32 34 36 42 44 48 49 51 52 55 56 56 59 64 65 66 67 73 75 79 84 86 90 94 98 102 105 109 112 117 123 132 204 279 243 177 242 318 313 170 132 138 175 187 249 178 151 224 150 162 154 138 162 149 138 125 138 133 134 138 161 159 196 218 199 216 230
11 12 11 12 12 10 11 13 16 15 15 17 18 18 17 18 19 21 20 20 21 22 23 25 24 27 28 28 31 32 32 36 40 45 48 49 50 51 52 54 57 63 69 62 66 67 76 77 81 84 86 88 93 96 99 101 105 106 144 191 170 143 203 230 234 236 249 293 200 148 124 135 156 237 178 136 164 135 110 162 141 155 170 158 114 107 130 158 189 225 231 217 207 168 188 189
10 9 10 10 10 11 10 13 15 14 14 16 16 16 17 18 18 19 20 21 21 21 25 26 24 25 29 28 30 32 36 35 38 42 45 49 50 52 53 53 56 69 104 65 67 72 72 75 78 80 84 89 91 96 97 97 100 107 206 263 283 213 208 223 234 207 183 251 260 202 127 118 129 191 138 111 215 158 99 121 157 165 176 122 106 103 133 178 167 218 253 252 164 134 148 191
9 9 8 11 9 9 11 12 13 13 14 14 15 17 16 17 17 19 18 19 20 22 24 23 24 27 28 28 30 33 33 34 37 39 43 45 48 50 53 54 57 67 108 72 69 73 75 75 77 79 82 86 90 94 95 96 101 108 146 219 273 304 343 311 190 148 141 159 238 284 205 116 103 112 102 98 167 115 98 127 194 195 185 132 153 112 153 150 163 270 258 286 237 145 125 195
9 9 8 8 11 9 10 11 13 12 14 16 14 15 16 16 18 18 18 19 20 22 22 23 23 26 28 28 29 32 33 35 39 41 42 46 47 49 52 56 60 64 80 78 76 76 77 75 76 79 82 85 88 91 95 96 100 112 158 200 248 287 306 288 250 187 137 152 149 182 204 168 105 95 91 88 101 93 98 95 118 139 140 138 128 106 140 120 187 228 172 254 212 144 106 119
8 8 8 8 10 10 11 11 12 13 13 14 14 15 16 17 17 19 18 20 20 20 21 23 24 27 28 28 31 31 31 34 36 38 40 44 44 52 56 55 58 63 70 77 80 81 80 79 78 79 82 84 88 88 90 95 99 117 219 213 203 237 297 224 226 171 137 118 127 154 114 106 97 90 89 88 87 93 126 99 126 125 113 125 118 108 118 114 135 126 124 152 144 108 95 102
8 8 9 9 11 11 12 12 12 13 13 13 13 15 16 17 17 16 18 19 21 21 21 25 25 25 25 28 31 34 33 34 36 34 37 44 69 60 51 54 62 66 71 77 82 83 83 82 82 83 82 84 86 87 90 93 98 110 156 217 226 192 278 197 169 179 185 154 130 116 104 95 92 87 83 85 86 99 114 102 111 119 110 118 111 104 94 95 93 93 97 90 88 88 92 93
8 7 8 11 11 11 9 11 12 12 12 14 13 14 17 16 17 17 19 21 20 22 23 24 24 25 27 34 31 31 31 33 34 34 36 37 44 38 54 127 101 70 75 82 83 85 86 86 84 84 84 83 87 88 89 92 95 97 102 183 193 144 196 167 158 215 208 267 240 210 149 99 91 86 84 83 82 84 90 94 99 101 97 96 99 95 89 90 87 85 84 86 81 83 86 83
