DEM/DEM18.asc
ncols 800
nrows 800
xllcenter 720150.000000
yllcenter 1520150.000000
cellsize 300.000000
nodata_value -9999
[rows 84 to 125 of 800, columns 475 to 569 of 800]
183 185 190 193 197 202 199 195 192 195 193 195 196 194 195 197 203 207 208 210 213 218 220 218 217 214 214 212 211 207 207 203 202 199 192 188 187 187 185 186 184 186 187 188 190 194 198 202 204 201 201 200 201 196 197 196 201 206 203 202 205 200 195 196 199 196 192 193 196 200 202 204 202 200 203 200 195 190 192 190 191 187 185 179 185 192 194 190 183 178 181 181 174 174 172
182 183 184 187 195 200 197 191 191 191 190 191 194 195 197 201 208 210 208 209 215 217 216 221 216 212 214 215 210 204 198 197 196 194 189 186 188 194 191 183 185 186 186 187 191 196 198 201 198 196 196 199 199 194 194 197 203 207 203 197 199 197 196 195 196 195 191 192 198 202 202 200 198 198 199 196 197 197 196 194 195 189 187 182 179 185 190 190 179 183 184 180 174 175 173
181 183 183 185 187 190 189 188 188 188 190 193 197 204 202 203 209 214 213 213 212 210 212 216 219 209 207 209 209 207 205 199 192 192 190 191 196 197 189 184 184 185 187 192 192 192 191 193 192 192 197 201 197 193 192 197 199 198 203 202 199 195 195 194 192 191 189 192 195 197 196 196 197 192 192 194 200 197 192 190 187 185 183 180 180 178 180 184 179 188 187 181 176 179 175
180 181 183 184 184 186 186 186 188 188 192 199 202 204 207 206 206 210 213 214 208 208 211 216 215 211 208 206 202 206 207 199 194 192 196 199 197 192 186 184 183 185 187 189 190 190 191 196 190 190 199 201 197 191 191 192 193 194 200 204 200 195 192 193 190 189 188 188 189 191 191 192 191 192 196 198 200 197 192 191 189 186 186 185 187 179 177 177 177 187 185 178 178 178 177
179 181 183 183 184 188 185 187 189 194 200 200 202 207 214 210 210 208 213 214 208 207 211 220 216 217 212 206 204 200 200 196 193 196 202 201 197 192 190 184 183 183 183 185 187 187 191 196 190 189 195 195 194 190 190 191 194 193 197 200 197 195 192 191 190 188 188 187 187 188 190 189 190 194 201 202 198 194 190 191 188 186 185 185 183 179 177 176 176 181 180 175 176 176 177
179 180 182 184 184 186 186 186 193 195 200 204 204 208 211 208 206 208 210 209 207 205 206 211 211 212 211 208 207 200 200 201 200 201 202 198 196 192 193 184 183 184 183 184 185 184 191 195 190 186 189 192 191 189 190 188 191 191 192 194 192 194 195 194 189 187 187 187 186 184 186 187 190 191 197 198 193 195 189 186 183 183 182 180 180 177 177 176 176 174 173 174 174 175 175
178 181 181 181 183 183 186 189 192 194 198 203 202 208 207 204 202 205 209 210 209 203 205 208 205 207 214 212 208 205 208 207 208 203 197 191 191 187 184 182 182 183 184 181 184 184 190 191 184 187 187 188 188 188 188 187 188 188 191 192 190 192 196 194 190 188 187 187 185 183 185 186 189 193 197 195 191 194 189 188 184 183 185 187 181 178 178 177 175 173 174 174 172 172 173
179 182 180 181 182 185 189 189 193 198 202 201 200 205 202 202 199 202 206 205 206 201 201 208 208 203 207 208 204 208 208 205 201 201 194 187 186 187 185 185 182 183 182 182 180 183 186 187 185 186 184 185 186 187 187 186 186 188 189 190 189 190 193 191 191 187 185 187 186 184 185 184 190 194 197 196 189 192 194 189 186 188 190 184 180 182 183 180 175 177 175 174 171 172 171
183 181 180 181 181 183 185 190 193 197 199 198 199 202 199 196 196 200 203 204 201 199 200 205 204 201 200 198 201 205 200 198 195 193 193 193 193 191 193 191 187 183 182 182 180 182 184 183 182 184 184 185 185 185 185 184 186 188 187 189 187 188 191 190 188 186 185 185 183 183 183 186 187 188 190 193 188 189 191 193 192 193 191 184 178 179 176 174 175 175 174 172 171 173 172
181 180 179 181 182 181 186 193 193 191 194 196 195 195 194 196 198 199 200 204 202 198 198 203 203 200 196 197 201 201 200 200 200 199 198 195 194 195 191 188 187 188 182 181 179 180 183 185 181 183 184 184 185 185 182 186 187 184 184 184 185 187 187 187 185 183 184 183 183 184 182 184 185 186 186 193 189 184 187 194 194 192 188 181 180 178 176 177 176 174 173 171 172 173 170
183 180 179 180 180 183 186 190 189 187 194 194 193 193 193 194 198 196 199 206 202 196 198 199 201 197 192 196 199 198 199 199 196 201 200 196 190 191 187 184 182 185 181 181 182 180 182 184 181 181 183 182 185 187 183 184 184 183 184 184 187 188 184 185 184 183 183 184 184 183 181 184 184 185 185 191 190 185 186 193 194 192 186 181 180 181 180 177 177 174 174 171 172 170 170
181 178 178 180 179 182 184 187 185 185 190 191 191 191 192 196 196 195 196 201 200 198 195 193 193 192 194 197 194 195 194 192 191 196 195 194 190 188 185 184 183 181 180 180 179 179 178 178 179 180 182 184 184 183 182 182 182 183 184 186 186 186 183 182 182 182 182 183 184 180 182 183 183 186 184 185 187 183 185 191 191 188 183 187 187 186 185 181 178 177 175 173 171 170 172
177 178 179 177 178 179 184 181 182 184 187 188 186 190 194 197 196 192 193 196 195 195 192 192 191 191 193 191 189 191 190 188 192 192 193 190 187 187 185 184 183 183 181 180 178 176 177 177 176 177 180 181 184 181 180 182 184 185 187 187 187 184 183 181 180 180 180 181 181 181 181 182 183 185 185 182 183 182 184 188 189 183 182 190 192 186 186 183 179 178 178 174 171 168 168
176 177 176 177 179 184 183 180 186 190 188 186 187 189 192 192 194 192 193 192 189 190 192 192 190 189 189 188 188 187 187 188 189 189 191 193 189 191 187 186 185 184 181 180 178 178 177 176 176 178 181 181 180 179 181 184 184 187 188 186 184 184 182 182 182 179 179 179 180 179 181 180 180 185 187 182 182 181 181 186 185 179 182 191 192 184 180 181 180 178 177 175 172 168 168
175 177 176 175 180 180 177 182 191 191 187 184 187 188 192 191 191 189 190 191 189 188 190 191 190 189 188 188 187 186 187 187 185 186 189 194 192 189 188 185 189 191 184 179 178 177 176 177 176 181 178 179 178 179 180 181 185 187 184 184 184 184 182 181 181 179 178 178 178 178 179 180 179 183 185 184 180 180 181 184 180 178 184 190 189 182 178 179 178 178 175 174 171 169 167
174 175 176 174 175 174 176 179 186 186 183 182 184 188 189 190 191 186 187 187 187 188 189 192 191 188 188 188 186 187 185 186 183 188 191 195 193 192 187 186 184 192 187 180 178 176 174 176 176 176 177 176 177 178 180 182 184 184 182 184 184 183 182 183 180 178 178 177 177 177 177 176 180 183 185 180 179 178 179 180 178 179 187 191 192 184 179 176 176 176 173 172 171 169 167
173 173 173 172 174 175 175 187 191 188 181 182 186 189 186 188 191 186 185 186 185 187 186 191 190 186 185 185 183 186 185 184 186 189 189 193 195 190 190 186 182 185 184 181 178 176 176 176 173 177 176 177 177 180 179 181 183 183 182 183 182 184 179 179 178 178 177 176 176 176 176 179 180 183 185 179 178 179 179 178 177 178 184 187 189 180 179 176 175 175 174 173 172 171 169
171 171 173 171 172 174 176 181 185 186 180 182 188 186 185 192 188 184 184 184 185 184 184 186 186 184 183 184 182 184 184 182 186 187 189 192 194 193 191 189 184 181 180 180 177 175 175 174 176 175 175 177 179 179 180 181 183 181 181 180 180 182 180 176 177 177 175 178 177 176 177 177 179 182 180 177 177 178 179 182 180 177 178 182 182 178 177 175 175 173 173 176 175 174 171
170 171 172 171 172 175 177 181 186 183 177 182 185 181 186 187 186 182 184 182 183 183 184 184 185 188 183 182 180 182 182 181 187 189 193 200 197 195 197 195 189 183 178 177 176 175 174 173 174 174 175 176 179 178 179 181 178 179 180 179 180 181 180 177 175 175 174 174 174 174 175 173 175 176 175 177 178 177 183 186 184 181 176 176 178 177 174 175 174 172 173 173 174 174 173
171 170 170 171 170 174 176 180 184 181 177 178 179 181 184 185 187 181 181 182 180 182 181 181 184 188 185 182 178 180 179 186 190 194 199 200 196 190 197 194 190 180 177 177 177 174 175 176 173 173 175 175 176 176 179 179 178 177 178 178 177 180 179 179 175 174 173 171 173 174 174 174 173 174 175 176 176 179 186 188 188 184 176 174 175 175 173 173 172 172 169 170 173 175 172
172 171 170 169 171 171 174 178 179 181 176 176 179 180 183 185 185 180 180 182 181 181 181 180 180 183 183 181 178 179 183 189 192 190 196 193 192 188 189 185 181 178 178 176 176 175 173 174 173 172 173 173 174 177 179 181 177 177 176 177 175 177 176 178 175 175 174 171 174 173 171 173 175 174 175 176 175 182 187 186 184 181 176 173 174 175 175 173 171 170 169 169 174 172 173
172 173 170 169 169 168 169 173 178 179 176 177 179 183 186 185 184 180 181 179 180 178 180 180 178 179 178 178 176 182 187 188 185 185 193 192 192 189 181 180 178 175 173 175 173 175 174 177 173 172 174 173 171 175 177 180 177 176 175 173 174 174 173 172 175 175 172 172 173 172 171 172 173 172 174 174 177 181 184 181 177 178 177 174 173 176 177 173 170 170 169 169 171 171 171
172 173 171 170 169 167 169 171 175 178 176 179 180 187 185 182 180 178 177 179 179 180 177 179 177 177 178 177 177 184 191 190 184 187 189 188 185 186 181 179 177 174 173 174 174 175 172 172 171 171 171 173 171 173 176 177 176 174 175 173 173 174 173 172 172 172 171 172 173 170 171 170 172 173 173 176 179 181 181 183 181 176 176 172 172 175 179 176 171 171 168 167 168 168 167
171 171 171 169 170 168 169 173 177 174 172 176 182 189 184 181 179 178 177 178 178 178 176 175 174 176 178 175 179 185 187 185 180 183 185 183 182 180 180 177 174 173 174 171 172 172 173 171 170 170 170 171 172 173 179 178 176 173 173 172 172 172 170 171 171 169 169 171 171 170 170 170 172 173 174 178 179 176 177 181 181 178 174 173 172 174 179 176 174 174 172 168 167 166 166
173 170 169 168 168 168 168 171 172 171 172 178 181 185 185 180 178 177 176 177 176 174 173 172 174 176 175 176 178 181 180 179 179 186 188 185 185 181 180 178 174 174 176 174 174 174 174 172 172 172 170 171 171 171 174 173 175 173 172 171 170 171 168 167 169 168 170 170 169 170 171 171 171 173 176 177 178 174 176 179 179 178 173 172 170 171 174 178 176 175 171 170 167 166 165
175 170 170 172 170 167 165 170 170 171 171 176 180 183 183 179 178 176 175 175 176 172 172 171 174 175 175 177 182 184 181 179 178 183 187 181 179 178 178 175 177 177 179 177 177 176 175 173 172 170 171 172 171 170 174 174 175 177 175 174 173 170 168 169 167 168 169 169 169 169 169 170 172 175 177 178 176 174 175 176 178 177 172 171 169 170 174 177 177 175 172 171 169 167 165
174 172 172 169 170 168 167 170 171 171 171 172 177 180 181 178 177 175 174 174 174 170 171 173 171 174 179 184 187 191 187 184 177 178 182 175 176 178 174 176 177 178 181 179 180 178 178 175 171 171 170 171 171 171 173 175 179 178 178 177 175 173 170 170 168 167 167 168 169 169 167 169 171 174 176 178 177 175 171 173 173 173 173 171 170 169 174 174 174 174 173 172 169 166 163
175 172 170 172 171 167 167 168 169 170 172 170 175 180 176 177 176 174 173 172 171 170 168 170 171 179 185 188 188 193 193 188 179 173 176 172 175 172 174 176 179 179 179 180 178 177 179 178 174 170 170 169 171 169 170 173 174 174 178 180 178 179 174 172 171 167 167 168 168 167 167 168 172 174 173 173 176 175 172 172 171 171 173 172 168 168 170 171 173 171 170 169 167 166 162
175 170 170 171 172 168 167 168 168 167 168 169 172 174 173 177 174 173 171 170 172 170 171 171 175 178 180 184 190 191 192 186 178 171 173 173 171 170 174 175 178 177 178 179 178 177 175 176 176 173 171 170 170 168 170 172 173 175 177 179 179 178 175 172 170 170 166 168 167 167 167 169 171 173 172 171 174 174 173 170 168 170 174 172 170 167 170 170 172 169 168 166 164 163 161
170 170 168 168 168 167 166 167 168 167 165 167 170 171 172 172 171 171 172 169 170 168 171 172 175 180 183 182 183 184 186 182 174 169 170 172 169 171 175 177 178 176 177 179 179 176 175 174 172 173 170 169 169 168 170 172 170 176 181 181 178 175 173 170 169 168 167 167 166 166 166 168 171 172 170 171 174 173 172 169 169 167 168 172 171 168 168 168 169 168 165 164 162 161 161
170 169 169 167 167 168 166 166 166 166 165 165 165 168 168 170 167 172 171 169 168 169 170 171 174 178 179 178 178 176 178 177 170 168 169 167 168 171 178 177 175 173 175 177 178 176 174 172 171 172 170 170 168 167 166 171 174 177 180 176 177 173 170 169 166 167 165 164 165 165 166 168 170 168 168 170 172 169 172 172 172 169 168 170 171 168 168 169 169 166 163 162 160 160 159
169 169 169 168 167 167 167 165 164 165 166 164 164 165 166 167 165 167 167 167 168 167 169 170 174 178 175 174 175 174 172 172 168 169 168 168 169 172 176 175 173 172 172 176 176 173 174 173 173 170 169 168 168 167 168 175 180 179 182 176 172 169 170 169 168 167 165 165 164 163 165 166 167 166 169 170 169 168 171 172 171 169 166 168 170 169 165 168 167 165 163 161 161 160 159
168 168 173 173 171 168 167 166 165 165 166 164 164 164 165 163 163 163 164 166 166 166 168 169 172 173 172 174 174 171 170 168 167 166 168 170 167 168 172 172 171 170 172 176 178 178 177 174 173 171 169 168 168 167 169 176 178 177 178 173 169 168 169 168 166 166 165 165 164 163 164 166 166 168 170 170 169 166 168 170 168 166 164 165 166 165 165 167 166 163 163 161 160 160 158
171 169 171 168 167 167 168 167 166 166 165 165 163 164 164 163 163 162 166 167 165 166 165 167 168 171 173 171 170 168 168 168 165 166 170 164 165 166 171 172 171 170 175 177 177 176 175 177 178 171 168 166 167 166 168 171 173 174 174 168 168 168 166 166 166 165 165 165 163 163 164 165 165 168 170 169 167 166 167 167 166 164 164 162 163 165 163 166 164 164 164 164 162 162 162
169 172 169 167 168 168 168 167 167 167 165 163 163 165 167 163 165 163 163 164 163 166 166 165 168 168 168 167 167 167 168 164 166 168 167 163 164 167 170 172 171 169 172 175 175 174 175 173 173 168 167 167 166 166 167 168 170 171 171 167 169 168 165 166 166 166 169 164 163 163 162 163 166 169 170 167 167 162 163 164 163 164 163 162 163 163 165 164 165 162 164 168 165 166 163
174 174 169 168 169 173 172 171 170 171 170 166 165 161 166 163 162 161 162 164 166 164 165 166 166 167 169 166 168 167 166 164 165 166 164 164 164 168 170 170 168 169 171 172 173 172 175 171 171 168 168 168 167 167 166 166 170 173 173 173 173 171 168 167 164 168 169 164 163 163 161 162 167 168 169 167 164 163 163 162 164 163 163 162 162 162 163 163 163 161 166 170 166 164 162
173 170 170 169 171 175 177 177 172 170 170 170 166 164 164 165 162 161 161 163 163 163 165 165 164 164 165 163 167 165 164 163 163 163 162 163 165 168 170 169 168 169 171 171 176 176 172 171 169 165 168 167 167 168 166 167 175 177 178 174 175 172 168 167 165 167 164 162 164 162 161 162 167 168 167 163 162 163 162 162 163 162 163 163 160 161 163 161 162 161 167 169 163 161 161
171 171 170 172 175 178 177 178 173 174 172 172 169 166 167 166 164 162 163 163 163 165 166 164 163 167 164 167 164 164 163 163 163 161 160 161 164 168 168 167 167 168 168 171 177 175 172 169 169 166 166 168 167 165 165 168 174 172 176 176 172 172 169 166 166 164 162 161 162 160 161 161 164 166 164 161 161 160 160 162 162 162 162 161 160 160 161 160 162 163 164 164 159 161 160
172 172 175 172 177 182 180 180 177 175 174 173 171 169 168 167 164 164 163 161 162 164 165 162 162 167 168 169 164 162 165 164 162 161 161 160 161 164 167 166 166 167 167 170 172 170 170 170 170 165 166 166 164 167 167 167 169 171 172 172 170 171 167 166 164 162 161 161 161 161 160 161 162 161 159 159 160 161 164 165 163 164 161 160 160 160 162 162 160 160 163 161 162 160 158
172 172 175 171 174 178 179 181 182 182 179 172 169 170 170 165 164 162 162 160 162 163 160 160 160 162 161 162 161 160 160 160 160 160 160 161 162 163 164 166 166 166 166 167 167 166 167 170 167 164 165 163 165 167 167 167 166 167 169 168 168 168 165 164 162 162 164 161 160 161 161 160 160 159 159 159 160 163 164 165 162 161 159 158 158 160 165 169 165 163 164 160 157 157 156
173 174 172 171 172 173 174 177 176 180 177 175 169 173 171 165 163 161 161 162 161 161 160 158 159 162 164 159 160 162 162 161 161 160 161 160 162 163 164 164 164 167 167 166 165 167 166 166 166 163 163 163 165 164 165 163 163 163 166 166 166 165 162 163 162 164 164 160 160 159 158 161 160 159 159 159 161 163 164 163 162 161 159 158 159 162 170 167 163 158 158 157 156 155 158
174 173 173 171 170 170 171 172 173 175 173 169 168 171 167 163 162 161 161 160 159 161 161 159 160 159 160 159 160 162 166 166 164 162 160 161 162 162 164 163 162 164 165 163 165 164 162 162 163 163 163 164 165 163 165 164 161 163 164 165 166 164 162 164 163 164 166 164 161 161 160 160 159 158 161 159 160 162 163 165 164 162 159 157 159 166 170 165 159 157 156 156 158 159 160
