DEM/DEM11.asc
ncols 800
nrows 800
xllcenter 240150.000000
yllcenter 1760150.000000
cellsize 300.000000
nodata_value -9999
[rows 455 to 489 of 800, columns 711 to 789 of 800]
186 193 198 197 199 194 194 198 195 190 193 194 199 199 193 195 200 207 215 221 234 264 311 328 370 451 447 393 434 476 569 556 569 603 600 652 594 533 549 565 545 616 697 754 712 649 593 561 455 398 458 514 548 581 487 422 450 514 596 554 456 376 432 440 431 368 328 308 298 256 254 274 282 284 323 329 319 373 429
187 188 191 193 198 194 192 196 195 192 191 195 197 197 198 204 208 215 224 233 250 274 312 333 403 443 452 431 411 468 501 544 568 581 599 654 586 521 549 527 533 556 602 686 671 603 566 539 519 408 413 483 539 606 551 469 444 532 602 527 443 394 453 485 430 407 339 343 322 262 257 264 264 283 292 290 291 336 380
190 189 187 188 192 190 193 193 195 195 191 192 194 196 201 206 210 213 227 242 267 297 333 381 386 439 461 458 409 446 507 537 591 651 659 669 598 532 516 494 493 488 507 561 566 548 573 555 483 427 366 434 478 559 591 536 464 509 579 531 445 436 431 464 415 359 332 378 347 297 250 251 253 256 264 269 280 305 342
189 191 194 188 190 192 195 188 189 195 190 193 196 197 199 203 208 214 223 241 258 303 360 408 384 384 452 466 431 435 468 519 559 616 708 683 636 596 561 519 541 527 489 441 425 423 492 516 544 450 358 432 538 547 586 574 500 531 614 553 468 395 400 419 432 379 370 406 380 321 261 248 251 255 252 254 266 280 296
185 190 196 197 189 190 188 188 187 194 188 191 194 196 200 204 213 223 225 240 258 298 337 369 365 355 399 416 433 412 506 552 604 698 725 670 626 616 587 563 580 532 510 496 472 420 398 429 501 417 372 425 539 608 606 627 549 546 552 524 454 366 370 392 388 391 394 451 461 375 299 255 255 253 251 256 264 273 284
183 188 195 194 191 190 190 192 192 191 189 195 198 201 206 212 217 214 229 245 260 298 309 318 314 356 340 361 400 395 468 505 563 649 724 672 639 628 614 592 575 556 538 570 543 536 481 402 381 366 388 382 445 533 602 647 568 524 446 430 411 350 330 345 363 353 342 366 437 424 333 270 256 252 253 261 268 273 282
186 185 194 189 193 192 191 190 195 193 194 196 195 197 202 208 207 213 231 241 274 307 296 347 371 344 340 357 355 396 434 491 568 651 724 665 614 617 606 587 585 601 566 594 639 585 519 448 469 386 332 377 379 395 496 601 548 477 469 395 364 349 320 300 315 354 345 312 336 358 330 285 259 253 257 261 269 279 286
189 187 187 187 193 199 196 195 195 197 194 201 202 199 202 207 209 216 226 259 288 287 296 315 381 425 360 394 384 399 451 518 586 650 696 693 602 577 576 562 520 555 540 529 607 657 605 568 485 409 348 356 349 355 424 579 554 439 464 421 360 343 311 282 296 327 324 316 296 306 296 301 273 255 260 260 271 281 296
187 187 188 188 189 191 197 199 200 199 200 198 209 210 207 207 215 215 227 256 267 265 320 365 383 401 414 414 395 394 444 492 542 574 636 687 651 600 591 557 479 521 508 515 580 646 654 628 552 447 364 340 347 339 373 496 484 422 381 361 327 315 310 297 295 294 292 291 281 281 276 263 276 258 259 265 274 283 306
194 190 190 189 189 191 192 194 195 195 200 206 208 216 214 209 217 221 229 262 260 300 311 326 355 375 410 397 387 391 444 476 498 539 614 679 715 657 574 516 479 462 487 459 450 535 541 534 490 454 381 317 321 334 320 362 464 419 347 316 310 307 300 286 289 288 276 273 267 266 269 251 261 290 270 267 276 285 308
194 193 191 194 193 191 191 193 194 194 200 201 204 217 219 212 221 228 232 255 252 284 330 351 379 415 410 384 373 386 435 494 548 579 659 726 763 669 564 530 589 489 428 414 407 418 418 390 369 404 396 321 301 301 305 327 401 445 383 345 320 304 297 283 276 265 262 261 262 258 259 261 296 352 307 273 277 292 308
200 198 199 194 191 192 193 195 197 199 199 202 210 214 220 219 223 230 236 238 249 265 287 336 401 432 398 363 374 393 426 492 564 624 675 731 736 668 582 533 606 560 467 438 464 449 462 472 405 357 345 321 337 326 309 301 316 374 417 401 344 309 293 278 264 259 263 263 258 266 262 261 320 390 325 286 278 290 304
210 202 205 198 193 195 194 198 200 202 204 206 209 214 216 221 225 230 249 258 283 289 294 340 394 405 366 366 400 390 415 512 598 592 625 678 719 632 560 554 643 633 541 503 535 523 494 481 506 455 401 325 340 346 316 296 289 307 370 355 315 282 279 271 263 258 260 263 262 270 262 265 301 368 361 326 284 285 298
211 205 203 199 194 196 197 198 200 201 202 203 208 207 211 216 224 234 248 281 282 327 325 366 378 356 369 387 385 379 415 472 531 562 595 645 691 643 587 549 628 668 591 570 532 531 519 570 519 417 384 374 325 359 349 347 317 290 313 329 287 274 272 265 262 257 262 265 264 272 265 268 286 315 372 347 317 285 297
207 201 197 197 194 197 198 197 201 201 201 202 203 207 210 214 233 242 262 285 301 299 326 360 340 339 352 363 364 404 468 527 568 588 600 626 668 625 584 580 642 707 676 595 559 564 558 536 503 507 462 400 328 357 387 340 311 290 284 283 276 269 265 260 262 262 264 265 266 275 267 270 279 295 329 317 334 300 305
206 201 201 195 195 195 196 198 202 201 202 203 207 207 212 216 223 239 257 293 301 328 327 345 327 332 369 375 404 406 448 464 482 525 581 601 656 672 622 588 657 725 740 642 602 582 579 566 532 496 412 375 337 362 403 371 340 325 280 274 274 266 263 262 267 276 272 271 278 287 269 275 285 291 297 300 331 345 305
207 205 200 196 196 196 196 198 200 204 203 203 209 213 212 216 236 237 247 272 304 320 354 322 353 365 395 388 386 412 414 436 477 503 524 555 649 704 645 602 666 730 723 641 581 554 513 509 461 429 414 347 363 349 395 366 346 316 307 288 274 271 269 265 267 283 281 276 278 281 271 276 280 283 289 306 320 349 337
208 202 199 197 196 200 198 200 200 205 206 205 208 215 219 223 233 248 254 262 284 320 326 313 341 367 355 381 404 409 425 472 539 581 545 544 629 652 648 622 654 683 713 623 568 575 557 548 489 405 362 383 392 353 370 373 346 364 348 311 284 269 268 267 271 288 291 292 286 277 274 277 286 288 295 301 320 348 341
212 213 206 198 196 201 200 202 202 210 211 207 217 221 223 227 237 241 251 269 284 298 302 327 352 349 355 371 386 387 428 452 532 633 624 587 671 636 645 634 607 612 680 626 525 542 520 486 437 407 429 412 375 392 391 404 391 364 365 327 294 267 270 269 275 305 306 308 289 284 276 277 287 302 305 305 321 344 331
212 204 202 201 197 200 204 207 206 212 211 214 217 218 219 223 241 249 257 266 275 293 309 321 325 373 413 427 455 449 463 507 564 611 603 631 674 645 639 601 582 574 619 623 526 474 465 476 433 473 519 424 401 405 442 441 417 375 353 353 314 272 269 280 289 294 303 303 288 290 279 280 290 296 298 302 314 327 322
212 209 214 207 199 202 204 210 214 215 212 212 215 216 219 226 248 260 265 279 276 289 302 314 355 366 397 424 445 459 473 496 550 566 565 577 635 681 651 599 602 571 546 540 497 519 533 527 440 512 569 468 426 455 503 489 428 369 340 346 314 302 274 278 287 286 291 302 303 289 281 280 286 291 294 296 298 303 324
211 214 215 207 200 208 207 211 218 218 212 215 216 216 217 229 250 269 286 309 287 289 315 328 345 407 412 449 469 479 525 533 523 538 522 565 600 647 655 601 560 544 563 601 553 540 516 476 507 561 610 551 479 470 492 543 479 401 350 328 338 352 304 282 307 298 301 308 304 297 286 286 282 287 291 295 301 308 321
218 213 218 209 207 214 212 216 220 219 218 217 218 221 218 225 246 268 287 287 281 286 312 357 355 419 451 439 473 514 544 571 514 513 544 535 568 607 612 595 584 551 589 601 536 497 474 503 547 630 620 551 457 429 472 578 576 457 359 317 308 343 321 299 299 299 306 319 324 304 300 294 295 297 302 298 305 305 313
216 217 215 206 211 219 223 215 220 226 226 216 218 224 224 231 253 268 276 272 276 291 317 356 363 391 410 416 452 501 543 595 593 539 529 537 553 564 601 622 629 586 577 582 540 505 505 520 593 657 591 495 432 423 427 487 525 514 411 348 300 279 299 338 375 366 336 334 326 314 310 309 310 307 313 297 298 304 306
215 216 213 206 207 218 223 225 226 233 228 226 222 225 233 248 268 273 272 269 271 285 313 343 380 417 399 396 453 485 509 523 567 587 575 574 560 564 566 619 611 580 522 510 505 510 525 564 591 649 565 482 417 396 389 396 411 460 409 336 300 277 287 300 359 427 415 390 371 339 334 332 317 309 311 304 298 299 302
210 212 218 208 213 220 217 222 223 230 232 233 231 230 239 253 267 267 263 266 271 284 317 341 370 399 382 394 458 506 504 512 569 654 661 624 618 615 586 606 626 586 558 532 515 528 542 579 646 663 560 473 403 400 434 423 378 368 349 339 339 289 279 297 330 418 469 459 430 384 361 396 355 322 320 312 300 300 301
213 219 222 212 213 216 224 228 228 229 235 239 241 244 243 253 285 297 273 274 272 279 308 334 361 361 362 390 449 492 495 571 616 606 609 617 640 630 597 637 639 630 618 541 540 521 563 551 597 580 540 459 409 427 479 495 444 425 429 469 368 308 281 301 356 437 498 521 498 454 422 434 408 371 337 317 313 310 306
214 221 220 218 225 229 231 234 236 236 241 238 244 244 245 256 275 267 268 273 282 284 301 317 339 348 382 395 461 512 527 583 560 553 599 582 563 575 586 651 724 648 637 613 568 562 566 521 508 499 467 434 431 444 493 545 467 484 507 533 421 337 286 283 312 373 472 517 526 499 495 480 499 456 390 328 313 319 313
210 216 223 224 227 230 226 226 227 235 243 236 240 244 246 253 269 268 268 270 274 281 291 305 323 355 384 395 440 475 511 548 507 564 554 546 564 587 597 677 694 662 648 631 613 583 543 509 523 517 483 491 428 426 474 538 483 507 537 489 447 350 302 286 282 326 452 493 494 483 500 503 533 498 485 352 320 317 325
215 217 219 220 219 218 221 224 228 230 234 235 243 249 251 265 292 300 290 288 282 282 295 310 329 345 365 403 430 504 517 483 496 552 611 601 585 668 627 632 650 667 745 684 654 605 541 545 556 536 509 522 460 446 455 547 526 531 561 508 478 441 338 287 281 294 384 477 461 462 446 466 494 531 479 393 346 330 331
210 213 212 213 215 221 226 232 234 237 246 241 243 259 258 264 286 293 293 296 297 292 293 308 330 354 387 420 436 462 494 480 487 565 637 671 629 653 644 631 642 663 806 735 683 615 564 577 556 570 554 544 515 486 478 539 583 571 599 559 491 470 390 310 295 281 335 424 429 407 411 452 444 526 477 401 346 339 332
219 219 217 219 223 228 230 231 237 238 248 247 244 264 268 276 280 286 296 295 295 305 299 315 365 367 394 427 435 456 500 511 494 571 661 728 703 665 652 647 641 654 694 691 705 629 564 545 533 526 512 514 547 513 492 518 586 584 598 574 498 412 393 364 311 282 293 332 384 314 356 407 398 473 431 394 357 361 334
214 216 219 224 227 227 226 230 235 236 242 249 247 257 275 263 271 279 287 293 295 304 302 317 358 370 394 400 403 458 507 511 505 545 629 719 762 719 688 681 665 657 681 743 716 653 612 586 571 567 555 517 514 514 481 483 481 510 539 524 527 489 462 390 322 291 293 292 316 340 327 372 365 399 399 397 379 357 342
213 218 218 221 222 223 225 228 237 240 243 239 244 256 268 259 266 292 299 297 301 305 308 312 326 346 365 380 390 423 473 485 487 546 610 653 744 799 770 696 705 680 702 804 784 690 649 665 605 593 543 516 512 533 475 476 446 463 518 499 512 492 409 333 312 292 290 291 317 420 360 322 397 446 474 430 387 373 351
216 219 220 220 221 225 226 229 232 236 237 238 243 253 263 262 279 282 285 286 294 297 303 318 339 365 370 373 381 401 445 464 492 571 652 670 729 804 777 692 676 697 734 761 782 749 702 731 675 629 567 511 495 550 510 458 446 441 474 508 471 476 396 341 363 329 315 315 336 402 389 350 335 440 469 457 407 370 369
