DEM/DEM11.asc
ncols 800
nrows 800
xllcenter 240150.000000
yllcenter 1760150.000000
cellsize 300.000000
nodata_value -9999
[rows 245 to 279 of 800, columns 553 to 631 of 800]
208 200 347 420 382 274 347 417 341 365 359 607 660 726 794 788 712 734 675 532 563 632 492 419 486 496 396 421 532 614 673 644 543 398 317 391 406 379 372 371 460 464 468 517 539 582 598 668 768 704 731 797 874 1008 1039 1074 1104 1023 1039 1129 1216 1192 1099 1060 1071 1145 1250 1220 1133 1173 1213 1233 1299 1367 1290 1210 1230 1235 1273
190 254 308 320 365 266 281 380 319 298 340 468 549 599 733 687 574 600 592 483 420 556 576 456 402 419 362 405 442 522 601 476 406 321 338 505 542 495 502 351 370 397 465 490 574 543 528 623 703 642 647 760 841 890 936 1018 1015 1025 1044 1092 1148 1158 1139 1158 1153 1161 1276 1245 1185 1186 1250 1299 1362 1393 1298 1195 1205 1206 1275
214 187 204 255 295 247 248 262 270 316 365 341 438 578 715 594 465 485 483 389 348 426 573 557 472 439 413 325 403 559 558 420 316 388 397 562 685 648 619 470 413 385 405 442 495 500 505 503 569 544 601 675 713 747 861 929 940 969 1017 1063 1111 1154 1219 1250 1259 1249 1263 1247 1246 1274 1275 1298 1375 1388 1269 1184 1165 1187 1243
233 218 184 176 202 187 222 264 215 254 286 290 418 549 575 520 422 389 435 312 277 340 398 426 486 438 357 339 396 484 480 470 332 390 506 599 779 799 663 633 512 426 443 404 414 420 429 467 499 573 628 636 638 686 765 839 848 894 934 1022 1122 1170 1216 1271 1287 1303 1254 1245 1254 1263 1253 1239 1314 1341 1238 1174 1143 1180 1231
264 251 210 165 171 193 185 185 196 213 238 260 353 451 381 345 305 318 333 292 231 250 241 290 365 383 283 310 401 338 369 395 343 314 427 571 729 851 736 671 572 456 489 465 455 488 470 523 518 621 729 762 719 707 724 761 851 933 994 1021 1164 1263 1259 1229 1227 1248 1224 1228 1214 1209 1210 1192 1241 1272 1218 1154 1131 1204 1223
275 308 288 237 248 267 252 191 183 196 191 197 228 319 279 234 229 249 236 243 316 356 301 339 290 286 386 297 372 287 287 306 297 385 463 518 633 777 847 731 638 500 501 492 470 520 510 524 541 588 669 814 848 764 761 772 869 943 1035 1093 1171 1268 1299 1215 1196 1200 1195 1188 1180 1162 1158 1148 1171 1187 1184 1136 1124 1189 1169
251 320 366 334 371 347 244 214 210 195 183 175 176 200 277 230 285 320 329 323 373 439 454 501 395 378 463 325 314 361 300 287 362 495 613 629 706 750 929 831 711 578 497 520 515 475 594 606 573 594 667 779 813 808 783 803 885 951 1012 1072 1113 1142 1180 1241 1201 1168 1158 1164 1173 1165 1133 1120 1124 1133 1121 1101 1133 1137 1135
259 305 397 437 472 386 298 258 253 290 264 203 207 182 222 247 321 454 463 462 418 547 615 635 457 462 562 433 367 417 383 347 351 487 583 719 815 876 966 848 751 631 531 572 517 480 572 641 603 597 659 694 694 801 829 813 861 934 974 1017 1061 1058 1118 1233 1241 1208 1177 1158 1153 1140 1136 1110 1093 1094 1104 1083 1119 1089 1083
241 302 368 379 443 426 378 316 333 311 256 233 278 206 188 247 349 410 487 510 482 566 720 700 523 601 648 502 441 463 441 372 345 475 561 652 738 799 941 867 799 699 601 573 546 489 495 582 582 568 587 614 683 787 884 878 904 911 902 951 988 1015 1099 1143 1206 1269 1235 1199 1158 1142 1119 1132 1131 1125 1088 1071 1080 1060 1063
236 243 357 311 348 353 450 410 388 303 251 231 292 279 210 209 248 341 501 536 560 575 694 740 640 807 779 639 548 568 482 404 356 411 480 596 699 820 904 845 762 725 658 562 522 497 550 581 560 550 561 611 685 808 936 982 908 860 873 919 992 1054 1115 1161 1188 1288 1313 1254 1215 1165 1141 1159 1142 1121 1083 1152 1155 1104 1136
229 250 279 282 302 321 408 497 445 326 247 232 285 272 281 311 248 279 387 457 553 634 600 730 782 840 824 735 617 599 498 436 416 390 454 622 681 813 923 888 783 678 590 544 523 510 605 622 593 572 579 597 646 736 918 982 897 848 885 908 976 1055 1202 1271 1264 1311 1371 1329 1260 1225 1195 1153 1116 1101 1102 1184 1174 1153 1166
201 218 232 284 307 348 393 399 434 340 319 265 224 247 276 341 364 301 354 446 574 594 521 681 854 899 876 835 760 649 587 520 459 451 438 570 684 797 920 928 803 770 664 568 532 560 678 683 652 622 629 641 619 718 907 890 814 870 882 914 982 1056 1167 1245 1334 1372 1345 1337 1318 1328 1268 1202 1142 1130 1123 1177 1231 1225 1168
199 176 213 264 312 331 298 349 431 445 407 347 272 267 258 289 340 340 327 412 529 512 467 599 802 933 960 932 876 767 675 568 503 525 472 514 662 695 793 914 935 835 714 607 568 600 670 695 703 694 686 659 666 691 842 817 786 881 880 922 992 1049 1136 1198 1294 1312 1255 1273 1379 1371 1337 1284 1211 1178 1150 1182 1255 1258 1214
182 171 192 211 287 290 251 325 388 374 428 408 314 320 305 270 277 336 349 364 410 443 509 577 712 836 872 899 895 825 715 666 609 552 531 480 559 634 762 934 920 815 735 679 607 647 687 679 739 765 707 654 671 687 791 770 810 820 842 898 1011 1061 1140 1233 1254 1224 1206 1319 1375 1399 1389 1373 1304 1241 1179 1178 1229 1225 1193
163 150 163 204 217 225 260 275 328 355 362 413 422 419 386 384 378 296 344 327 346 432 464 529 659 765 749 796 819 866 829 786 731 647 616 543 649 720 777 963 933 864 835 800 723 697 719 701 714 779 693 643 654 668 692 698 752 823 857 898 994 1013 1133 1173 1143 1137 1199 1286 1314 1370 1445 1467 1414 1329 1246 1209 1211 1192 1193
152 175 179 177 202 247 244 283 340 300 357 386 453 442 439 485 516 361 290 312 335 364 403 499 580 615 685 720 819 838 905 907 840 753 739 633 691 811 856 964 1024 1001 935 890 843 809 737 728 719 750 717 624 635 635 656 746 810 909 968 1010 966 959 1096 1109 1076 1104 1187 1291 1283 1383 1442 1478 1463 1380 1314 1244 1211 1207 1192
132 157 175 189 192 231 227 310 361 266 300 391 422 385 427 403 506 448 323 358 353 342 363 429 508 527 567 682 755 812 871 893 943 870 804 753 750 826 899 842 876 957 987 967 909 866 781 726 706 683 687 623 613 628 650 675 776 906 989 976 869 901 1015 1102 1059 1111 1194 1280 1275 1386 1431 1460 1490 1430 1351 1286 1234 1194 1183
119 120 139 160 194 188 236 276 282 250 293 289 327 314 361 379 458 442 376 374 440 359 429 423 418 468 473 614 709 745 769 809 881 971 913 765 684 731 789 769 753 789 840 963 997 965 834 721 685 684 704 614 636 718 754 718 687 789 889 847 836 939 987 1043 1024 1104 1218 1223 1250 1355 1403 1475 1492 1460 1400 1313 1284 1224 1162
110 121 143 146 167 185 172 193 219 272 328 249 231 259 296 383 368 402 442 399 466 405 387 462 408 386 427 549 624 605 649 719 833 945 893 814 646 677 701 701 679 702 737 825 1007 1061 922 774 682 652 659 597 628 732 772 789 694 710 791 789 772 845 880 930 973 1109 1193 1135 1295 1374 1426 1477 1439 1410 1383 1366 1307 1262 1222
128 117 138 145 154 165 170 173 191 250 249 239 200 213 239 298 321 379 399 464 496 436 393 413 397 427 464 466 512 530 637 721 809 856 911 838 641 631 634 620 637 674 735 780 912 973 1006 824 703 651 629 585 611 699 722 766 761 690 692 722 790 832 879 925 973 1075 1112 1087 1234 1315 1391 1467 1401 1356 1339 1325 1327 1269 1202
159 151 131 143 141 145 146 158 173 189 226 213 203 237 243 252 295 344 401 473 539 486 440 400 378 428 477 380 421 502 592 621 708 713 819 819 669 590 583 619 679 734 772 808 814 870 928 874 756 707 660 603 609 672 711 759 836 820 757 737 760 842 856 842 884 978 1025 1077 1185 1268 1388 1482 1431 1366 1313 1280 1267 1241 1198
138 178 139 123 134 136 153 159 171 175 190 187 194 206 268 317 311 359 431 531 600 561 502 412 340 332 370 437 374 383 493 547 601 656 780 869 698 622 573 624 668 705 712 722 733 763 760 800 847 756 664 610 616 729 736 742 779 871 917 800 747 812 797 822 895 1012 1041 1123 1196 1244 1363 1430 1395 1370 1316 1279 1270 1263 1209
167 183 176 135 138 143 145 145 164 199 213 204 224 206 241 324 344 381 432 518 637 631 542 449 389 312 410 432 398 329 414 465 586 653 747 851 774 694 599 561 606 638 672 742 691 797 751 690 792 790 696 587 632 728 782 790 830 923 991 879 791 770 785 828 854 957 1012 1067 1096 1189 1304 1350 1312 1354 1338 1311 1320 1296 1237
224 171 172 181 144 136 143 151 154 160 201 233 236 218 237 248 287 335 378 442 558 646 565 466 355 303 371 357 328 331 313 401 522 597 701 685 661 693 638 554 549 603 708 755 664 722 776 669 677 712 636 614 603 664 753 819 849 969 1090 997 954 859 811 792 829 867 940 1022 1040 1174 1197 1246 1253 1339 1368 1363 1359 1324 1270
259 222 195 224 184 146 144 139 152 165 169 212 228 207 213 218 250 292 355 424 466 543 496 412 316 308 382 288 276 357 286 309 427 542 574 506 514 565 601 528 552 635 674 740 644 674 721 613 558 568 629 729 622 662 737 824 871 944 1082 1117 1113 1005 885 825 822 869 931 938 1024 1108 1103 1140 1200 1234 1360 1417 1376 1318 1281
313 307 226 260 217 171 163 137 149 151 154 173 211 221 187 211 234 279 332 378 376 404 440 362 288 358 382 316 250 297 285 298 384 468 479 385 408 451 471 469 566 564 551 671 665 590 656 594 561 555 613 754 692 641 717 774 854 914 969 1076 1193 1133 986 888 830 831 889 944 987 1009 1035 1076 1135 1187 1290 1399 1390 1337 1310
269 349 260 276 224 206 170 146 154 161 168 166 186 191 217 228 243 252 251 291 332 325 379 349 273 362 346 242 206 212 231 272 255 341 346 373 464 512 508 546 509 512 478 558 629 605 569 553 654 650 603 733 787 728 679 708 790 904 963 1022 1058 1104 1124 1016 919 871 877 944 938 968 987 1023 1080 1143 1233 1316 1370 1359 1338
323 352 318 347 273 250 210 164 144 163 173 157 158 171 206 219 217 234 227 279 312 281 276 264 278 338 361 238 241 253 211 209 226 304 392 463 527 633 656 594 516 521 534 488 501 531 521 573 617 717 673 692 739 849 776 710 800 842 882 935 974 1041 1111 1172 1062 948 863 881 928 1027 1072 1067 1095 1102 1137 1223 1289 1302 1261
286 316 331 322 340 261 219 197 173 139 149 155 161 170 199 210 207 222 216 245 276 264 237 245 302 340 286 220 288 339 283 237 239 274 343 421 522 596 685 635 629 602 607 544 513 532 548 635 597 669 683 747 790 831 812 740 854 899 884 922 979 1027 1074 1148 1174 1022 924 887 955 1018 1056 1100 1124 1148 1152 1202 1254 1247 1217
361 401 363 261 340 339 260 252 207 172 145 151 177 178 173 191 199 203 228 237 254 239 223 213 247 305 231 215 264 348 371 322 258 245 307 360 442 554 664 742 740 727 677 639 614 645 636 654 672 649 708 766 794 824 781 795 809 834 886 957 1011 1046 1090 1132 1153 1113 1001 940 946 964 992 1069 1133 1143 1171 1220 1234 1178 1136
229 375 365 254 266 387 347 261 275 206 171 145 157 172 182 181 223 214 218 272 268 231 213 210 206 241 245 228 271 290 385 429 335 256 276 327 418 492 599 709 812 821 784 717 664 677 705 712 762 726 741 858 865 860 849 834 895 883 897 1034 1097 1067 1081 1116 1110 1124 1152 1064 987 962 994 1039 1115 1154 1217 1273 1230 1144 1090
148 238 284 239 274 318 415 341 292 255 212 162 144 164 179 179 199 239 225 238 275 269 222 200 210 191 197 241 243 297 326 404 395 296 268 319 384 477 533 618 701 765 789 745 721 706 718 789 838 804 792 895 961 929 920 904 895 954 968 1036 1174 1129 1145 1136 1106 1122 1206 1218 1048 1002 1018 1068 1096 1167 1238 1313 1261 1149 1068
133 144 248 327 354 365 384 421 355 269 245 211 155 151 161 176 185 219 231 225 243 274 258 195 201 177 192 225 233 256 289 362 422 380 310 307 390 456 578 611 622 658 757 775 774 736 761 803 860 833 863 949 959 945 966 995 989 984 946 1014 1135 1192 1204 1174 1093 1118 1198 1209 1151 1118 1070 1085 1146 1154 1218 1265 1255 1183 1142
126 127 168 291 261 403 433 356 452 405 294 235 203 170 163 167 181 190 207 224 228 243 278 234 180 173 172 208 217 250 279 279 359 440 404 356 393 416 482 512 566 620 707 778 805 788 745 799 837 889 921 931 920 900 911 958 991 937 868 912 1022 1118 1138 1105 1069 1116 1194 1233 1274 1310 1234 1133 1128 1168 1160 1225 1302 1257 1169
128 125 136 160 158 227 389 399 434 484 373 277 228 179 166 166 173 190 190 218 213 232 248 265 209 178 168 210 263 247 253 269 308 386 442 405 393 398 425 449 525 591 626 687 732 766 693 803 886 939 918 895 901 878 900 983 947 866 832 873 957 994 1054 1127 1072 1130 1147 1152 1212 1330 1324 1252 1171 1170 1187 1231 1284 1257 1177
