DEM/DEM16.asc
ncols 800
nrows 800
xllcenter 240150.000000
yllcenter 1520150.000000
cellsize 300.000000
nodata_value -9999
[rows 210 to 244 of 800, columns 720 to 799 of 800]
705 770 758 766 790 854 883 866 885 869 864 825 783 789 788 720 711 793 776 777 779 831 825 831 906 874 854 846 877 904 994 1077 1081 1042 946 853 850 806 795 834 789 771 792 868 853 811 836 920 947 867 771 769 751 764 805 825 835 837 834 869 885 894 901 923 905 914 918 913 918 918 939 955 954 945 930 921 919 922 939 951
692 718 764 806 812 862 902 907 892 865 856 845 809 810 818 774 701 762 800 765 778 841 856 848 892 933 935 853 863 902 996 1013 1054 1022 967 953 872 856 864 833 831 802 769 824 799 796 839 920 931 950 818 760 758 753 797 831 845 848 844 858 878 897 892 910 908 904 913 902 915 919 934 943 965 961 935 931 922 924 934 949
680 686 747 794 813 827 889 989 986 901 847 821 833 816 804 766 713 732 786 813 789 831 884 869 925 941 954 928 874 888 979 1004 1055 1029 1029 981 889 898 885 875 869 841 768 785 826 855 849 914 943 962 931 787 778 757 766 819 846 843 848 859 873 902 902 898 903 902 914 902 901 918 940 943 958 964 961 941 929 925 928 932
701 668 724 756 791 801 934 1049 1041 935 873 882 863 824 813 797 743 750 747 822 816 824 886 874 952 942 973 984 899 871 944 1054 1024 1032 1070 987 1007 954 915 912 874 831 789 771 835 908 849 868 937 971 951 869 782 769 756 786 815 830 846 859 894 915 897 892 882 898 901 895 893 907 933 948 957 967 960 952 955 979 951 939
713 657 698 762 776 822 917 1018 1065 997 895 910 872 862 850 778 786 799 731 770 810 812 865 896 942 963 953 995 955 873 925 1062 1046 1052 1067 1020 1050 984 925 903 877 870 817 779 801 837 821 839 938 976 979 941 818 775 766 772 795 817 832 858 914 932 913 895 890 881 885 896 889 910 927 947 959 959 955 960 971 993 1007 964
683 651 682 754 832 921 917 959 1013 1053 996 982 912 868 838 819 819 826 800 753 777 806 837 868 954 968 964 997 1006 979 941 1038 1091 1107 1059 1052 1049 1022 991 901 917 856 837 794 782 801 853 910 956 984 986 992 929 821 787 766 785 810 830 856 907 926 892 890 898 886 877 882 881 908 922 933 941 946 950 960 974 987 1002 1007
646 637 656 770 910 991 964 910 958 1063 1069 1042 971 879 877 839 813 848 833 795 753 766 828 869 918 976 949 951 1018 1015 1008 1039 1125 1159 1117 1066 1065 1037 1027 942 886 861 842 845 839 806 819 884 960 979 994 1009 1016 920 835 777 780 809 827 872 909 876 884 902 923 916 879 876 882 903 917 930 938 947 949 962 1002 995 1008 1034
652 637 658 761 868 977 961 924 919 991 1056 1054 999 895 888 874 844 818 853 832 810 765 784 833 877 971 961 973 1017 1019 1003 1041 1121 1162 1149 1077 1042 1045 1000 914 921 911 835 873 888 826 874 889 948 984 991 990 1016 1020 913 812 789 807 829 851 892 890 911 922 909 899 875 868 885 907 920 931 941 943 948 968 996 1015 1009 1049
648 631 649 718 817 907 912 974 965 952 967 999 999 922 918 892 903 848 844 859 822 802 811 788 847 976 983 977 1005 1036 1013 1009 1022 1081 1140 1115 1066 1038 974 983 1005 924 851 895 928 863 831 869 927 983 995 995 1011 1025 958 851 855 819 830 844 907 922 953 936 926 912 877 871 890 913 922 936 954 953 950 962 983 1005 1024 1014
627 612 628 679 738 808 889 949 949 968 978 993 1014 974 942 908 881 883 924 894 882 838 902 846 833 947 973 972 987 1007 1003 974 987 1050 1148 1133 1070 1023 1068 1035 1005 922 862 923 956 928 844 868 879 942 1048 1049 1006 996 927 863 897 894 833 837 897 917 917 914 906 924 891 876 900 925 937 942 964 973 958 962 978 999 1021 990
618 604 612 646 677 769 886 892 897 928 929 947 1010 1028 987 931 912 959 1006 972 937 901 971 886 849 841 882 963 1004 1014 1025 1000 960 1020 1112 1071 1038 1030 1089 1045 1028 927 868 948 958 951 911 933 912 926 1025 1101 1020 957 917 873 909 962 912 881 892 909 920 925 948 920 903 877 899 946 983 1003 1003 972 972 973 987 1006 1008 933
624 604 603 615 658 717 848 844 841 870 915 973 1006 1031 1025 984 1030 1023 1070 1052 986 992 1024 991 977 913 854 948 1013 1036 1032 998 963 978 1025 1057 1124 1119 1078 1033 1013 971 879 883 880 920 951 991 1011 990 1004 1046 1003 944 946 888 904 956 1018 968 948 972 953 954 996 916 902 865 878 903 941 955 999 1023 1000 1007 1012 1020 1009 910
611 600 595 588 651 708 778 819 816 904 949 993 994 1023 1042 1067 1123 1092 1111 1075 1037 1068 1122 1106 1055 931 854 982 1078 1100 1070 1022 1007 982 994 1051 1163 1145 1072 1062 1032 929 911 982 934 883 962 993 986 1022 1059 1064 1039 1005 934 927 986 969 1054 1099 1033 1055 1028 970 931 913 895 890 858 874 938 967 993 1003 1039 1065 1043 1019 995 878
619 592 586 583 607 663 727 801 819 877 941 941 877 945 1027 1090 1113 1127 1128 1121 1111 1135 1222 1144 1003 903 895 1006 1111 1146 1149 1103 1048 1014 1033 1033 1104 1124 1047 1004 1026 924 942 1007 934 913 944 965 1041 1086 1116 1130 1080 1018 928 945 1040 1048 1052 1067 1052 1052 1001 976 908 906 918 876 852 860 917 983 1002 981 1005 1049 1023 963 938 849
640 608 575 565 566 609 695 773 859 839 861 834 807 860 912 998 990 1022 1102 1163 1177 1205 1252 1158 1041 943 901 974 1079 1147 1205 1195 1121 1055 1033 1068 1100 1131 1051 975 921 905 935 1011 958 969 992 1055 1132 1143 1140 1170 1098 1006 977 1001 1035 1082 1093 1138 1069 1026 997 988 1005 977 951 906 869 844 878 955 1000 985 964 948 954 849 811 798
685 640 599 558 549 578 697 789 791 730 738 734 803 866 906 930 930 965 1035 1072 1088 1127 1193 1166 1064 983 949 973 995 1074 1178 1225 1191 1144 1079 1083 1075 1067 1026 966 949 1009 1028 1020 970 979 1100 1200 1228 1172 1191 1199 1085 1070 1052 1056 1096 1141 1155 1172 1132 1047 1002 1040 1020 987 944 911 880 847 851 900 946 970 949 871 825 802 776 748
700 668 609 555 541 571 651 700 671 625 628 690 810 892 863 888 915 961 992 1017 994 1066 1133 1154 1086 1040 1023 959 955 1017 1044 1148 1252 1239 1162 1134 1152 1142 1090 997 1003 1081 1108 1036 976 970 1084 1242 1270 1186 1209 1193 1089 1131 1100 1069 1108 1185 1221 1152 1112 1065 1031 1095 1021 970 957 938 895 865 846 857 901 948 944 890 773 747 738 724
700 664 594 559 542 557 594 592 602 634 658 722 766 795 804 825 846 872 903 924 941 1011 1081 1146 1150 1101 1104 1049 969 982 1017 1052 1163 1274 1257 1215 1241 1176 1110 1040 1058 1093 1135 1064 1041 999 1096 1214 1286 1207 1218 1150 1143 1179 1206 1169 1117 1186 1262 1189 1132 1107 1104 1115 1067 1030 985 973 938 892 855 840 889 939 921 845 756 712 692 695
646 654 632 618 600 554 570 606 673 719 747 724 779 841 872 926 933 950 974 996 965 980 1083 1132 1190 1202 1164 1070 994 1032 1077 1034 1086 1257 1359 1347 1280 1173 1102 1058 1090 1140 1160 1126 1069 995 1088 1197 1280 1255 1225 1179 1247 1269 1343 1272 1179 1253 1274 1261 1174 1121 1146 1146 1140 1127 1039 982 950 919 860 810 836 892 861 803 702 684 672 678
614 635 623 594 614 582 575 622 693 758 821 788 835 917 974 1015 1007 1016 1016 1034 1041 1014 1050 1104 1197 1265 1173 1092 1026 1049 1126 1084 1088 1219 1326 1395 1323 1207 1148 1120 1075 1149 1215 1179 1095 1013 1111 1234 1256 1293 1269 1256 1304 1350 1371 1337 1246 1247 1307 1319 1241 1188 1177 1146 1154 1123 1072 1000 973 955 902 837 752 767 761 784 695 664 658 674
573 590 632 582 548 544 569 612 698 783 853 852 896 962 1024 1052 1073 1095 1093 1094 1100 1128 1163 1184 1239 1306 1231 1134 1086 1080 1150 1166 1148 1167 1249 1349 1346 1254 1234 1172 1118 1146 1231 1191 1107 1031 1084 1116 1144 1256 1360 1369 1348 1374 1406 1399 1275 1254 1295 1301 1306 1256 1224 1172 1177 1163 1083 1015 986 970 940 910 837 789 740 710 696 664 648 660
543 561 606 529 497 558 558 622 672 755 764 781 839 884 957 1062 1136 1174 1172 1158 1177 1198 1238 1282 1270 1326 1296 1188 1127 1117 1186 1251 1262 1251 1265 1352 1365 1293 1230 1158 1181 1201 1263 1231 1131 1053 1054 1125 1180 1293 1384 1437 1371 1377 1440 1470 1329 1275 1289 1263 1309 1259 1237 1187 1204 1184 1112 1049 1025 997 969 919 874 874 857 723 677 642 647 644
517 530 613 519 495 587 607 628 693 721 757 815 835 852 897 986 1094 1166 1216 1233 1252 1293 1324 1340 1345 1349 1311 1208 1200 1197 1201 1242 1318 1316 1345 1369 1383 1287 1204 1197 1257 1267 1303 1254 1176 1130 1082 1125 1202 1353 1417 1464 1398 1397 1435 1490 1374 1302 1279 1263 1293 1267 1224 1196 1222 1207 1128 1097 1062 1023 998 956 914 909 918 799 662 638 639 632
456 500 525 460 508 591 697 722 762 806 840 885 944 946 933 939 1005 1099 1215 1249 1285 1368 1404 1391 1404 1394 1350 1270 1276 1269 1287 1278 1324 1384 1427 1441 1421 1302 1226 1264 1361 1364 1385 1312 1276 1191 1113 1160 1225 1401 1469 1471 1413 1417 1449 1517 1440 1382 1323 1287 1256 1280 1252 1224 1217 1168 1137 1122 1100 1060 1022 986 947 946 952 873 729 679 638 615
524 471 488 486 533 622 714 780 841 945 959 987 1010 1037 1031 1025 997 1063 1161 1259 1306 1385 1448 1460 1467 1458 1439 1358 1363 1358 1386 1373 1367 1406 1497 1556 1466 1376 1301 1309 1450 1476 1456 1395 1329 1239 1202 1222 1292 1476 1526 1485 1443 1431 1483 1535 1464 1413 1367 1300 1258 1262 1265 1248 1206 1158 1161 1165 1160 1135 1050 1008 953 927 940 939 842 740 649 604
521 552 595 618 623 670 739 798 867 1009 1026 1049 1094 1104 1126 1081 1060 1047 1083 1134 1235 1379 1465 1507 1518 1540 1503 1463 1442 1413 1391 1422 1459 1478 1515 1570 1539 1472 1384 1375 1454 1521 1509 1433 1372 1333 1310 1293 1383 1502 1586 1513 1454 1398 1443 1466 1390 1334 1320 1333 1283 1245 1218 1228 1235 1183 1161 1165 1137 1130 1083 1010 973 939 916 941 835 719 643 633
551 596 577 585 638 696 759 836 933 1072 1089 1089 1180 1229 1204 1158 1120 1145 1120 1147 1232 1389 1503 1546 1566 1582 1596 1566 1471 1435 1378 1402 1415 1462 1529 1582 1584 1557 1508 1483 1547 1604 1557 1489 1461 1473 1407 1407 1424 1455 1532 1505 1478 1397 1343 1398 1324 1256 1237 1247 1278 1259 1165 1148 1195 1178 1170 1202 1154 1088 1050 1001 933 856 802 739 686 634 611 611
626 698 681 597 626 695 755 861 1000 1124 1177 1178 1241 1297 1313 1264 1240 1248 1222 1242 1318 1429 1509 1550 1557 1564 1597 1539 1465 1428 1361 1339 1384 1484 1525 1574 1582 1559 1583 1568 1615 1655 1630 1572 1533 1533 1448 1406 1355 1407 1431 1439 1496 1412 1304 1317 1300 1210 1154 1151 1209 1225 1129 1019 1071 1140 1195 1211 1128 974 854 757 686 649 670 717 741 739 663 641
650 737 717 659 638 682 770 888 1005 1142 1203 1144 1183 1235 1306 1318 1330 1322 1323 1359 1423 1467 1466 1494 1528 1564 1605 1518 1444 1417 1354 1321 1394 1431 1446 1488 1522 1550 1564 1595 1645 1677 1732 1700 1648 1525 1434 1377 1327 1337 1346 1411 1505 1422 1313 1220 1257 1187 1098 1057 1062 1076 1015 883 932 1032 1093 1087 959 834 698 694 714 662 931 929 902 836 728 707
645 749 827 725 683 713 810 907 982 1088 1114 1031 1090 1176 1225 1268 1263 1275 1336 1373 1392 1419 1434 1471 1531 1584 1610 1548 1471 1417 1377 1313 1328 1361 1411 1442 1488 1569 1603 1605 1605 1619 1724 1765 1659 1518 1441 1379 1327 1279 1287 1376 1452 1468 1357 1237 1185 1158 1071 983 932 911 856 763 773 895 950 985 896 730 739 842 869 843 992 990 970 902 797 765
651 762 837 817 754 800 870 913 870 925 930 866 962 1055 1114 1133 1215 1332 1393 1362 1348 1368 1408 1447 1485 1550 1595 1584 1488 1436 1347 1267 1233 1362 1473 1513 1539 1612 1628 1577 1553 1573 1638 1723 1604 1456 1402 1364 1322 1293 1249 1293 1359 1383 1292 1239 1171 1056 1020 938 841 774 736 810 744 742 797 805 791 699 871 993 1011 897 971 995 976 955 882 826
674 715 811 725 711 755 809 853 778 782 783 802 900 984 1022 1123 1239 1298 1414 1452 1411 1395 1383 1412 1487 1564 1621 1611 1533 1456 1396 1274 1199 1305 1411 1397 1489 1561 1561 1519 1541 1586 1636 1686 1609 1475 1376 1350 1298 1230 1248 1220 1248 1272 1190 1124 1068 1018 917 863 752 747 1004 1021 857 771 732 741 724 806 1025 1088 992 924 1062 1051 984 979 951 901
712 736 744 597 619 662 716 754 697 689 712 779 893 980 1041 1142 1218 1298 1394 1521 1505 1469 1448 1413 1467 1530 1607 1562 1447 1382 1320 1277 1180 1246 1336 1352 1448 1430 1420 1439 1544 1557 1604 1650 1640 1526 1387 1328 1294 1225 1169 1163 1162 1192 1161 1199 1150 1037 916 821 747 1181 1204 1112 1029 961 910 893 923 1005 1083 1052 946 1056 1123 1104 1023 996 1000 978
712 680 639 520 537 547 633 674 632 669 757 848 924 1015 1069 1201 1274 1330 1436 1498 1484 1521 1460 1426 1475 1547 1578 1464 1441 1393 1310 1230 1154 1183 1244 1343 1353 1341 1378 1486 1616 1605 1586 1547 1619 1557 1436 1419 1310 1209 1156 1096 1070 1095 1146 1207 1249 1136 922 774 819 1185 1221 1154 1133 1080 1042 1060 1083 1115 1035 980 1030 1151 1154 1110 1061 1029 1022 1051
701 624 511 456 481 536 588 617 674 755 834 883 975 1083 1178 1240 1282 1335 1413 1407 1394 1467 1467 1453 1467 1531 1513 1389 1352 1342 1298 1230 1154 1142 1212 1244 1265 1370 1422 1511 1641 1612 1549 1525 1593 1611 1530 1476 1347 1265 1187 1086 1033 1062 1109 1122 1169 1039 846 869 938 1192 1228 1194 1175 1158 1140 1160 1132 1087 1022 1028 1099 1164 1112 1081 1086 1088 1049 1070
