DEM/DEM13.asc
ncols 800
nrows 800
xllcenter 720150.000000
yllcenter 1760150.000000
cellsize 300.000000
nodata_value -9999
[rows 714 to 755 of 800, columns 188 to 281 of 800]
245 244 242 242 245 243 243 244 246 241 240 237 238 239 233 233 233 234 233 232 233 233 234 232 230 233 235 239 242 239 238 235 233 236 237 238 239 237 236 241 241 241 246 245 245 247 251 251 253 256 256 258 261 258 259 257 258 261 266 268 270 273 277 321 343 338 341 327 295 280 283 290 296 288 285 292 299 295 285 275 272 273 277 270 268 265 265 263 260 261 262 262 267 266
247 250 251 249 245 246 243 249 255 245 241 244 240 238 235 237 236 234 233 231 232 232 232 231 235 240 239 239 241 238 236 234 233 236 236 237 237 238 239 239 243 243 243 246 245 250 253 254 255 255 254 257 258 260 258 255 257 260 260 263 265 268 269 273 294 300 300 303 283 280 281 278 281 280 274 286 290 291 285 275 273 271 271 270 265 262 261 261 259 260 260 266 266 265
259 255 248 243 246 244 242 245 247 244 241 250 252 245 237 242 239 236 234 233 233 234 233 233 233 235 239 241 239 238 234 233 232 235 235 235 237 240 240 237 240 243 246 255 253 252 252 252 252 252 253 257 257 255 255 255 258 258 259 261 262 265 263 266 271 281 285 279 290 289 291 286 277 275 271 279 280 281 283 281 277 271 268 269 264 261 260 261 258 258 260 266 263 263
252 249 247 246 249 243 244 246 246 242 246 249 249 243 239 244 241 238 239 235 235 238 238 235 233 234 234 240 236 234 232 231 232 233 234 236 238 238 242 241 239 242 245 247 250 250 249 251 251 251 254 256 255 252 250 256 257 256 259 258 259 263 262 265 268 275 282 281 291 311 308 296 285 278 267 269 274 275 279 283 273 265 265 269 264 260 258 258 256 259 263 261 260 261
249 251 251 250 247 248 246 247 247 243 245 245 241 240 240 249 250 243 240 239 237 237 236 234 232 232 233 235 233 232 230 231 232 234 234 237 237 238 242 242 243 242 244 246 248 246 246 247 249 253 254 254 252 251 251 252 253 254 257 258 261 264 263 264 266 268 271 273 275 298 309 299 292 288 266 266 271 273 271 274 274 264 263 265 266 261 257 257 255 256 261 259 259 262
251 254 257 251 248 249 253 252 248 245 247 244 242 240 244 250 254 246 238 239 235 234 231 230 229 233 232 232 231 230 230 231 231 233 236 238 240 240 242 240 242 244 245 246 246 245 246 248 250 252 251 254 253 250 250 250 253 254 256 258 259 259 260 262 264 266 267 268 268 268 269 273 272 275 267 263 264 268 269 264 271 265 261 261 264 259 255 255 255 256 260 255 258 264
254 256 257 251 251 250 252 252 248 247 250 247 243 240 244 249 251 248 240 238 237 230 233 232 232 230 230 231 230 230 230 231 232 235 235 239 240 238 240 240 242 244 241 244 244 243 246 249 251 252 249 250 251 249 250 251 252 253 256 255 257 257 260 261 263 266 267 265 265 265 263 264 265 263 263 262 262 268 266 262 262 263 257 261 262 257 254 253 253 255 259 256 260 261
260 261 262 259 256 257 254 254 250 251 254 252 249 246 247 247 245 248 242 240 235 234 233 234 232 231 233 231 230 230 230 232 232 233 237 238 237 236 238 238 240 242 240 241 244 245 248 250 250 249 249 248 249 247 249 255 255 255 256 256 258 261 263 263 264 265 266 264 262 262 261 259 261 262 260 260 260 265 265 259 256 262 257 258 265 263 256 253 252 257 257 256 257 259
266 265 265 264 258 260 259 259 254 255 253 252 248 246 246 247 242 240 239 248 243 242 237 232 231 231 235 230 230 230 230 232 232 234 237 236 235 235 235 237 239 239 241 243 247 247 249 248 249 245 245 247 248 247 249 250 254 257 258 259 259 261 262 264 264 264 264 261 259 259 260 260 258 260 260 260 258 259 263 261 256 257 257 259 263 265 256 252 253 258 255 254 257 261
271 267 265 263 264 260 263 262 261 255 252 252 249 246 243 243 241 239 239 249 252 247 239 235 232 232 233 230 230 230 233 234 235 235 237 237 234 236 237 239 239 238 240 245 246 246 247 248 248 245 244 246 246 248 249 250 251 255 255 260 260 256 259 263 264 261 263 259 257 256 258 257 257 259 261 260 257 257 259 257 255 256 259 262 261 255 253 251 252 255 253 255 256 261
274 268 266 265 267 266 269 265 258 251 249 249 250 246 246 243 240 242 241 244 251 248 241 235 232 234 230 231 232 232 234 232 232 234 233 233 235 235 236 239 241 242 243 246 248 246 245 246 243 243 244 245 244 246 247 249 249 251 254 256 255 256 256 257 260 264 262 258 256 256 256 257 258 258 258 258 255 256 260 258 254 253 256 259 259 254 251 249 250 252 252 257 257 259
275 268 270 268 274 275 275 269 261 255 251 248 246 247 245 245 242 244 243 245 251 253 250 242 235 236 233 230 232 234 234 229 230 232 232 232 236 237 233 236 236 243 248 247 248 244 244 244 241 243 243 243 245 247 249 249 252 251 254 253 252 252 253 257 255 258 261 260 257 255 254 256 258 263 260 256 254 256 259 258 256 251 252 256 256 252 248 249 251 256 255 259 262 262
277 275 273 273 272 270 268 269 262 257 257 251 249 246 244 247 247 245 245 246 250 258 257 249 242 239 234 229 230 236 231 228 231 231 233 232 233 231 230 233 235 237 247 249 248 244 243 241 246 252 250 249 246 248 250 251 254 255 253 250 249 252 251 254 255 263 266 257 256 254 254 258 258 261 258 254 254 257 260 259 256 252 249 256 252 248 249 249 252 255 258 260 267 262
283 282 278 275 273 270 267 263 261 256 255 251 247 245 245 248 248 247 248 245 249 252 249 246 242 239 237 231 229 232 230 227 233 232 232 231 229 229 231 233 235 237 243 248 247 242 240 241 250 252 253 251 248 249 249 252 254 251 250 248 249 251 253 255 256 258 267 261 255 253 253 256 257 257 255 254 253 257 261 257 260 253 248 251 251 246 248 248 253 256 259 262 265 267
286 281 284 278 269 268 266 265 268 261 255 254 249 248 245 252 253 250 249 250 248 252 254 253 243 237 234 233 230 228 229 227 230 227 228 229 227 229 233 234 237 239 242 245 244 239 239 241 246 245 247 246 247 248 252 249 251 252 249 246 248 250 250 249 256 261 261 266 259 252 253 256 256 257 254 252 253 259 261 257 256 253 248 247 248 247 246 249 254 255 259 262 266 267
292 286 287 281 276 272 269 268 268 260 254 251 250 251 248 255 259 252 247 249 245 255 258 257 245 241 236 231 229 228 228 227 227 227 225 226 228 234 237 238 238 238 241 241 239 239 240 240 241 242 242 245 245 247 248 249 251 250 250 247 246 248 248 247 252 261 257 263 263 254 251 253 254 254 252 252 258 267 259 256 255 249 247 247 245 245 247 250 254 254 256 265 266 263
298 290 287 282 275 271 266 262 262 260 257 252 253 252 251 256 257 255 246 245 243 247 254 254 249 239 234 230 227 228 229 230 230 228 227 228 233 235 232 232 234 238 240 240 237 237 237 239 240 240 242 243 244 246 246 247 250 250 249 248 244 246 246 247 250 253 256 258 259 259 253 249 249 251 251 252 256 265 261 251 255 247 245 246 245 245 247 248 251 252 257 264 263 259
295 288 284 282 274 270 268 268 268 266 261 256 258 254 256 251 254 253 245 241 240 244 258 257 248 236 233 230 227 230 233 232 234 232 228 227 229 229 230 235 239 240 239 237 237 238 241 243 243 244 244 245 244 247 248 248 249 251 248 247 244 244 243 246 246 248 249 252 254 255 256 250 247 249 249 249 248 256 255 249 253 244 243 246 244 246 248 251 255 255 254 261 264 257
292 290 282 276 270 267 263 265 265 266 265 261 259 254 251 249 248 248 242 239 237 239 242 248 247 235 230 229 225 226 231 227 229 228 228 226 227 231 235 239 240 241 237 235 236 239 243 243 245 245 246 246 247 249 250 251 250 250 247 247 245 242 242 243 247 247 245 250 254 253 251 249 246 249 248 248 254 257 252 250 253 245 243 246 244 244 247 251 253 252 254 260 265 256
288 284 287 281 273 266 262 259 258 257 258 256 254 256 254 250 248 247 241 241 235 234 233 243 242 232 228 227 225 225 227 227 228 227 229 231 232 233 237 238 239 238 235 236 236 237 240 240 242 243 247 248 249 250 251 250 251 250 247 244 244 243 241 242 245 244 246 251 258 251 247 246 246 247 247 252 255 253 251 249 248 245 242 243 244 246 247 250 254 254 255 259 263 256
284 278 278 276 269 269 265 263 262 262 254 252 251 257 260 257 251 246 239 238 237 234 231 233 236 228 225 226 227 230 230 228 228 231 232 233 234 235 235 236 235 235 234 237 238 239 243 244 247 248 250 253 252 252 255 253 250 249 248 244 243 244 241 242 244 243 245 248 261 256 249 247 244 245 247 250 251 248 249 249 245 246 244 243 244 245 245 250 255 253 256 259 258 255
284 277 271 270 265 268 266 264 262 264 254 250 247 250 253 258 251 241 238 236 237 235 231 231 230 226 223 224 225 226 230 232 233 233 232 233 234 233 233 235 233 233 234 238 239 244 246 249 251 250 251 254 254 255 255 252 251 248 248 246 242 243 240 242 242 243 247 244 254 260 252 248 245 245 246 251 255 249 246 247 245 244 242 242 243 244 247 250 253 251 256 258 256 255
276 276 272 268 264 263 264 257 256 255 250 246 246 246 247 253 251 245 240 237 233 233 231 239 237 229 227 226 225 225 226 228 230 229 230 232 233 230 231 232 233 236 236 242 242 249 243 243 246 252 261 260 256 256 253 249 248 245 245 245 241 238 238 241 243 240 241 246 251 261 257 252 247 244 246 247 252 247 244 244 242 242 243 244 243 245 245 247 250 250 255 257 256 253
275 269 267 264 263 259 265 266 262 256 251 245 242 243 243 250 247 244 242 240 238 237 236 239 240 231 227 226 226 225 225 224 226 229 231 230 230 230 233 235 234 238 241 247 248 251 248 244 247 252 259 263 263 256 253 250 248 248 244 242 241 237 237 240 240 238 243 242 244 256 258 253 247 244 243 245 247 245 243 243 241 240 240 241 244 244 244 249 254 254 256 259 257 253
273 270 265 263 260 257 262 260 262 260 252 246 241 238 240 246 244 241 242 242 242 239 233 233 235 231 227 228 224 224 225 227 229 232 229 228 230 234 236 240 239 242 245 251 253 253 254 251 251 254 261 270 265 259 255 251 251 248 242 241 242 239 238 237 241 239 241 241 243 250 262 254 245 244 243 242 244 241 242 241 240 241 240 242 243 244 245 247 253 258 256 256 255 253
270 267 265 264 261 257 259 255 252 252 248 246 245 238 236 241 243 239 239 241 244 241 234 234 234 228 223 226 226 225 227 230 233 234 228 229 233 236 238 241 246 250 253 247 252 253 254 254 255 256 260 267 268 263 253 249 248 245 242 241 241 239 237 236 238 237 241 243 242 244 253 258 245 241 243 241 242 239 241 244 241 240 238 240 241 244 247 250 253 260 258 254 252 254
272 275 272 273 267 258 255 255 257 252 246 240 239 238 242 236 241 236 238 239 238 238 236 240 242 229 223 224 227 228 226 225 227 229 230 235 238 240 243 245 246 251 260 252 249 251 247 253 249 251 251 259 262 260 252 247 244 244 240 239 240 242 237 237 235 238 239 238 240 242 246 253 248 240 241 241 241 239 238 239 239 238 239 243 242 243 246 250 253 257 255 253 252 252
268 275 270 270 268 268 261 256 252 246 243 242 243 244 240 236 236 236 232 234 234 234 236 240 244 231 222 225 224 224 225 227 228 230 227 227 229 232 244 251 248 251 256 256 252 250 242 246 243 247 247 255 257 255 250 248 243 242 242 238 240 241 239 239 235 235 238 239 241 243 245 245 248 242 241 239 240 240 237 238 238 239 239 240 245 243 246 248 252 256 257 252 250 254
266 270 270 263 261 263 261 255 250 245 244 249 248 247 246 241 235 232 234 231 235 231 234 243 245 233 226 227 229 224 226 230 226 223 222 225 225 228 231 236 241 245 251 254 253 246 240 241 241 246 252 258 261 262 255 249 242 241 240 238 236 239 239 237 235 235 239 240 239 242 244 242 240 241 239 238 239 238 237 238 237 238 238 242 244 246 247 250 252 254 253 252 247 249
265 267 259 255 254 253 254 252 251 256 254 255 250 245 243 236 232 230 229 229 232 230 235 247 245 237 233 232 236 230 223 222 221 222 225 226 227 226 230 237 240 241 244 249 250 243 237 239 247 253 260 256 257 252 249 249 244 239 239 239 236 237 236 237 234 234 236 237 239 241 240 241 238 239 238 238 237 237 237 236 237 239 239 240 246 247 247 251 252 251 251 250 248 245
259 260 259 251 250 248 256 260 259 259 257 260 252 244 239 236 233 233 230 228 230 229 240 245 242 238 239 238 241 235 222 222 221 224 228 228 230 230 230 235 241 246 249 247 246 245 237 245 250 250 255 251 256 252 245 243 243 236 236 238 235 236 235 238 234 233 237 241 239 242 239 237 238 238 235 236 236 237 238 239 241 242 241 241 244 249 250 250 251 250 250 250 248 247
255 254 256 250 246 246 256 256 250 249 251 252 247 242 242 237 234 232 231 227 229 227 236 234 235 232 231 235 235 234 223 223 225 230 238 234 233 235 236 240 241 245 246 244 240 240 236 240 244 248 252 248 253 250 251 248 242 238 235 236 233 234 234 237 235 233 234 238 239 243 240 236 241 236 236 235 240 241 239 240 242 243 244 243 245 247 251 249 248 249 247 247 245 243
251 256 257 250 244 247 247 247 245 242 243 247 250 250 246 240 236 234 228 226 225 226 235 229 230 230 226 229 231 231 222 226 226 232 238 237 236 239 241 246 244 243 242 240 237 236 238 246 246 248 250 245 251 250 249 243 244 239 237 232 232 235 234 233 231 233 234 237 241 241 236 237 237 237 235 235 236 249 250 242 240 243 245 247 246 247 248 248 245 247 246 245 243 242
250 249 248 246 241 242 241 241 241 239 245 250 246 243 245 238 234 232 228 226 226 226 230 228 223 224 222 227 226 228 223 230 236 230 235 235 234 238 241 244 243 242 239 241 236 234 239 240 240 246 244 242 247 251 244 240 241 238 237 233 231 232 231 230 231 233 237 237 238 237 236 237 235 238 234 234 234 238 249 255 248 244 250 250 246 249 248 246 243 243 244 244 244 243
243 242 249 249 245 241 240 239 239 239 244 247 244 240 241 248 244 239 234 231 227 224 224 222 220 221 219 224 223 225 224 222 223 226 234 228 233 234 237 248 245 236 240 240 238 231 237 241 247 245 243 240 242 246 242 236 236 234 234 233 231 231 230 230 232 234 236 235 235 235 235 234 233 236 234 234 234 237 245 257 257 255 248 247 244 247 246 245 244 243 242 242 240 243
240 245 252 257 263 248 240 236 237 238 244 250 245 240 239 244 241 240 235 227 226 225 226 224 219 218 218 219 220 221 226 230 232 230 224 229 232 240 246 247 246 235 234 233 234 235 240 241 243 240 238 238 241 240 240 238 234 233 235 233 230 230 229 230 233 234 237 236 232 234 234 233 236 235 236 236 236 238 242 248 244 246 249 243 244 247 246 242 244 240 240 241 240 242
240 245 252 269 270 254 243 240 235 241 249 251 246 241 239 237 234 233 232 230 228 226 223 221 221 220 220 218 221 221 223 222 223 230 230 237 244 241 246 242 246 241 230 228 228 230 235 244 243 238 240 236 236 236 236 233 233 231 232 232 228 229 229 236 235 236 237 233 233 233 233 231 236 237 238 238 241 244 252 247 242 239 243 240 243 244 245 243 242 240 239 241 243 241
241 246 254 262 262 251 247 243 237 234 236 237 234 232 231 232 233 231 229 230 229 227 227 226 226 223 219 219 220 221 220 219 219 221 226 230 232 233 238 237 242 243 233 226 228 232 235 243 241 240 237 234 233 233 234 231 231 230 229 228 228 230 237 236 236 235 237 236 234 234 233 232 232 236 243 248 249 254 251 245 243 241 239 240 237 243 245 242 241 239 238 239 239 240
236 241 246 247 247 245 239 239 235 231 232 233 231 229 227 228 230 229 228 231 229 226 225 227 226 225 223 220 220 220 220 219 218 219 220 222 223 225 227 230 236 238 230 225 227 233 239 238 234 232 232 231 232 231 230 229 229 228 228 228 228 234 236 232 235 233 236 240 240 235 231 233 234 242 247 243 245 248 250 243 239 237 238 235 235 239 242 238 238 238 239 239 237 238
235 238 240 241 240 242 237 234 231 229 229 230 230 226 226 228 229 226 228 230 230 226 222 224 223 225 226 221 222 221 219 220 219 220 221 221 223 225 226 226 227 229 225 226 228 228 231 230 229 230 228 231 230 229 230 227 229 228 228 227 228 233 230 230 232 234 237 240 236 231 232 233 238 235 236 240 245 244 245 240 235 235 235 234 234 239 238 237 236 237 236 238 238 239
233 233 236 237 237 237 234 232 230 228 227 226 226 224 225 225 228 227 223 224 224 222 220 222 222 220 221 218 219 219 218 219 218 217 227 225 221 222 225 222 223 222 221 221 223 225 229 226 226 225 229 230 226 227 228 226 228 227 225 227 227 227 228 230 232 233 237 237 238 237 232 231 229 231 237 238 236 235 235 236 232 233 233 234 235 236 235 236 236 237 238 238 238 239
232 231 235 236 236 234 234 230 228 228 226 226 224 224 224 223 227 227 224 221 221 221 219 219 219 218 219 217 216 217 217 219 221 225 232 227 225 224 222 221 220 222 220 221 221 224 225 225 224 227 232 233 225 225 225 224 224 227 226 225 226 227 227 229 230 232 237 240 238 232 229 231 230 234 236 233 236 235 233 232 233 232 233 234 235 234 235 235 237 236 236 238 239 238
