DEM/DEM16.asc
ncols 800
nrows 800
xllcenter 240150.000000
yllcenter 1520150.000000
cellsize 300.000000
nodata_value -9999
[rows 105 to 139 of 800, columns 720 to 799 of 800]
216 300 463 601 694 635 675 743 718 703 745 777 764 817 829 795 756 703 680 734 801 786 691 697 768 683 648 587 537 554 532 508 568 599 596 480 396 380 411 430 400 399 395 385 373 365 358 365 366 373 378 406 439 450 458 490 473 518 494 534 597 621 631 659 671 682 679 703 729 742 752 753 784 826 807 1021 1088 1071 966 775
185 219 316 472 655 701 676 634 646 624 725 790 805 809 852 784 681 663 684 692 744 783 723 719 786 756 706 605 569 590 597 486 471 485 472 438 412 399 459 489 406 407 401 376 364 402 373 359 374 360 365 411 426 418 445 467 442 486 482 504 543 602 622 661 677 682 681 693 727 731 742 748 766 788 804 929 1099 1091 987 815
167 213 264 408 502 642 630 539 570 577 689 742 813 836 810 746 666 659 684 672 708 785 798 726 771 778 697 625 648 678 681 546 508 626 562 557 497 422 476 484 406 389 387 376 389 401 417 369 357 381 362 392 394 412 458 412 382 403 446 447 492 594 622 664 681 695 699 700 719 729 736 750 768 784 813 858 920 928 933 865
148 178 210 306 444 495 601 508 524 553 623 654 714 768 754 705 641 644 653 683 687 777 830 759 748 795 759 726 739 803 681 616 625 681 647 564 541 478 479 473 413 381 388 400 411 391 434 410 370 386 360 377 351 387 413 358 363 365 406 427 473 553 617 674 689 698 701 697 704 724 735 757 773 774 790 825 877 831 848 864
163 159 174 213 332 451 518 558 555 532 583 657 697 743 665 645 642 640 642 659 686 744 808 801 790 773 777 785 762 805 760 781 766 780 684 582 556 510 488 463 410 408 400 413 406 397 424 419 397 366 363 381 361 367 362 375 409 397 373 407 472 488 545 608 631 642 673 685 700 727 745 775 789 787 782 796 840 870 869 899
182 184 163 179 222 341 461 540 646 600 610 664 713 707 693 643 646 642 644 674 735 768 799 774 755 782 756 764 732 759 769 833 828 762 728 657 586 560 530 478 467 445 424 416 399 414 404 419 420 400 373 363 373 390 378 400 418 434 367 430 500 476 499 560 582 576 639 684 709 737 762 782 796 801 789 800 803 808 815 838
240 187 182 166 186 228 333 480 599 708 593 691 754 700 657 645 642 669 648 659 701 770 789 772 742 737 737 727 676 659 651 700 755 788 735 700 584 520 510 466 465 497 473 438 414 418 446 434 417 383 365 380 418 441 418 444 458 428 367 454 530 555 522 541 568 589 605 709 750 716 741 775 795 812 814 814 817 800 792 797
240 212 189 167 171 188 237 353 469 607 641 722 640 616 628 635 644 679 660 661 721 735 778 761 746 736 778 790 696 692 717 680 631 657 654 626 584 495 495 471 434 493 514 460 436 439 450 440 408 387 384 390 412 449 452 428 378 379 371 438 459 496 516 555 614 623 646 714 708 709 718 749 784 827 860 838 790 789 786 787
233 225 227 208 162 176 200 241 303 416 572 574 557 593 610 624 641 645 655 657 659 703 741 779 789 763 785 769 713 766 858 765 664 672 585 494 532 514 447 434 420 445 441 434 434 408 411 412 427 406 399 399 422 457 438 393 391 350 359 383 430 500 456 517 589 639 682 719 687 733 708 717 742 791 838 790 767 768 773 788
246 228 213 203 171 160 183 196 222 266 335 482 514 531 626 680 662 652 638 641 661 699 765 861 881 824 797 728 713 751 838 827 741 673 664 582 596 628 527 451 420 435 483 406 397 397 399 399 405 400 395 397 406 433 452 411 434 380 372 351 380 451 468 466 532 642 700 685 694 707 715 705 732 731 745 744 740 757 768 793
258 236 230 198 164 161 180 182 193 220 285 332 481 552 693 740 690 678 647 644 665 722 757 852 964 905 811 753 733 766 815 751 670 712 746 681 685 739 658 502 439 472 560 472 425 379 387 405 373 376 378 389 396 421 437 450 435 434 391 367 352 403 468 481 512 623 694 678 687 713 748 715 731 699 716 705 740 769 780 792
262 260 336 267 250 191 178 176 186 203 226 254 343 500 594 643 734 706 664 675 663 667 718 809 924 912 824 774 745 729 723 679 706 770 784 730 708 705 641 548 466 519 542 561 495 444 384 406 374 369 363 395 396 395 426 417 427 436 397 373 344 355 393 462 517 614 656 656 682 701 721 725 689 686 713 739 773 780 794 793
274 271 303 270 255 277 210 208 195 195 246 271 304 365 432 576 674 636 673 654 651 669 709 771 843 907 886 869 812 756 709 725 765 735 775 697 691 746 659 576 493 469 484 484 495 439 395 369 359 355 358 378 384 393 398 435 413 429 403 370 344 350 360 436 530 582 645 675 712 712 662 656 677 688 705 788 863 830 793 793
281 279 293 337 293 253 248 250 282 222 219 270 295 294 358 462 600 599 633 643 656 660 701 737 739 848 885 943 835 787 754 788 740 659 706 669 654 689 760 574 471 451 441 452 449 417 394 371 354 348 352 367 376 366 387 403 392 407 364 351 341 349 355 413 494 556 611 641 616 660 621 625 658 679 705 792 849 886 857 804
294 285 293 332 308 259 282 268 280 303 263 248 255 258 292 357 444 586 618 628 646 674 707 694 729 723 797 926 881 869 818 743 727 668 650 663 604 624 627 469 421 412 395 425 399 399 392 376 371 355 343 360 374 358 368 404 434 414 381 349 349 373 360 385 421 480 527 534 572 599 568 571 617 653 715 725 764 838 866 824
313 286 283 273 260 290 352 323 253 309 339 296 311 322 361 324 364 495 599 622 624 636 656 749 728 695 798 969 1003 1012 906 794 696 641 621 642 624 532 504 491 478 458 415 476 468 460 453 429 422 389 356 346 366 350 368 404 413 387 385 353 332 344 356 366 403 458 489 497 518 533 518 541 626 679 659 689 727 755 787 849
311 297 292 271 263 272 312 288 244 265 339 397 380 368 423 412 400 458 533 601 606 618 675 766 679 678 792 959 1076 1045 907 804 721 674 707 744 675 554 546 561 527 495 440 469 514 484 438 417 414 382 371 340 359 349 377 399 403 365 382 378 336 354 355 360 390 453 459 477 514 517 520 575 616 616 623 676 671 697 776 828
328 330 312 289 268 258 275 306 259 258 316 358 313 293 318 358 434 459 479 537 577 618 647 626 638 692 762 894 1059 1083 956 833 781 716 698 655 667 619 604 646 571 497 448 421 468 447 436 424 398 387 371 345 350 346 361 379 378 353 361 358 339 360 375 379 384 427 420 438 477 489 530 595 614 603 609 615 689 740 793 820
335 340 320 308 300 267 265 285 292 247 290 296 267 288 292 304 331 396 465 537 584 585 591 605 627 667 749 825 999 1075 960 858 792 786 723 672 766 652 600 674 587 517 457 406 437 464 481 463 427 406 370 365 337 336 352 370 376 354 340 342 343 352 362 373 396 402 394 404 424 460 526 559 614 666 606 567 641 701 789 837
347 333 315 305 308 298 282 271 319 268 261 266 276 366 364 377 322 399 419 445 503 571 569 587 611 643 689 777 896 993 981 860 855 798 717 708 782 714 654 686 589 542 473 390 394 446 442 432 429 408 367 347 344 331 354 366 374 343 334 338 337 340 358 361 379 403 385 380 386 426 468 494 605 683 586 536 626 732 745 783
359 340 326 311 307 304 296 292 279 288 272 261 264 314 364 441 370 318 388 417 454 513 554 592 638 664 657 729 770 847 935 967 907 791 790 789 847 829 761 714 603 566 522 410 385 396 393 389 380 365 378 379 353 341 336 356 369 345 335 340 347 329 347 360 384 391 390 368 390 409 433 504 593 619 570 543 630 689 685 723
384 346 337 328 318 311 309 301 287 298 283 275 263 286 366 409 390 401 393 355 380 441 557 556 615 642 642 676 701 739 851 1024 980 856 860 833 768 785 718 678 611 548 517 418 376 363 421 382 384 406 430 404 382 379 343 332 353 362 344 347 331 340 361 373 381 377 383 376 368 376 394 453 502 551 518 526 633 655 635 707
379 361 354 348 330 326 341 312 296 308 294 302 285 268 291 357 464 495 508 468 397 391 430 471 575 611 627 658 671 722 825 948 1018 939 898 858 780 728 679 632 570 523 497 439 386 368 411 386 399 435 438 446 420 393 355 326 338 354 344 328 343 361 362 354 376 379 369 379 361 368 393 402 447 528 506 548 615 601 634 704
385 392 369 365 356 343 361 335 308 309 306 303 296 273 280 291 395 488 519 537 483 438 421 420 518 584 602 628 654 700 750 833 896 973 928 871 772 731 725 638 594 573 553 499 414 386 384 388 402 436 480 501 440 408 373 340 326 341 326 337 354 352 336 343 355 367 356 377 365 362 381 396 427 528 500 506 547 606 643 672
400 402 396 377 377 360 381 358 321 321 319 319 318 282 284 313 355 418 479 541 594 587 475 429 438 533 553 601 640 669 719 757 808 889 940 863 757 657 640 616 592 587 557 509 454 453 414 400 367 393 434 514 513 435 399 369 340 330 339 348 343 332 321 319 345 351 346 365 355 367 383 379 404 483 467 514 582 632 601 591
410 411 409 383 386 383 380 378 341 330 335 336 333 309 317 320 338 388 420 500 530 612 595 492 447 438 509 584 620 682 688 731 763 796 891 940 840 740 707 699 638 647 648 555 538 530 468 402 389 398 402 468 481 452 426 391 384 351 331 331 327 333 326 339 340 338 341 360 379 380 360 363 387 434 457 518 521 547 590 525
432 429 420 398 388 399 388 381 374 356 351 349 363 355 368 377 388 402 429 453 465 500 594 590 480 474 452 520 586 629 673 689 709 755 808 905 949 868 767 747 638 568 595 566 581 583 528 480 471 512 480 481 469 446 433 438 435 406 357 347 340 330 330 355 339 327 345 360 373 384 364 359 377 424 454 474 500 520 546 493
459 467 450 422 407 396 397 400 410 407 369 356 355 361 378 396 400 421 451 461 467 484 530 616 581 475 467 465 508 547 635 682 682 700 766 830 941 936 851 744 717 605 532 579 561 568 536 517 491 476 460 451 477 431 417 442 418 384 372 354 341 320 326 330 333 324 343 352 354 371 370 351 368 415 471 436 467 488 490 468
473 478 491 478 465 420 403 422 418 419 424 384 368 377 402 399 398 418 451 463 476 488 530 631 637 534 478 451 472 569 637 660 673 691 720 782 889 967 863 785 762 677 570 530 527 528 512 531 500 472 461 449 475 465 410 394 412 408 375 357 332 322 322 340 330 329 343 339 355 363 360 343 362 395 473 405 452 454 459 460
481 476 483 488 488 464 428 421 428 430 435 432 417 427 410 409 411 419 451 476 491 501 514 534 633 678 563 488 486 509 584 656 678 686 695 729 819 887 954 855 744 698 601 548 518 501 526 548 545 535 538 477 444 432 440 399 369 388 374 350 329 321 320 330 325 341 341 336 351 351 347 360 368 376 409 388 409 422 433 438
479 484 489 493 508 512 476 442 435 437 439 434 438 439 427 419 420 426 458 482 492 501 519 527 570 614 638 589 523 512 517 617 682 668 680 696 760 836 957 881 765 669 640 550 552 529 564 593 593 592 600 508 435 406 365 382 376 356 354 336 326 317 317 319 318 322 326 347 350 340 340 357 373 357 370 377 381 402 421 442
488 493 495 493 510 502 502 491 453 450 446 438 437 439 439 436 433 444 466 486 495 505 519 526 546 572 638 643 594 540 524 600 652 644 665 678 701 792 890 891 761 727 675 608 571 535 599 643 630 619 604 566 468 441 380 349 357 348 335 331 324 343 342 328 326 343 325 339 338 337 339 346 359 351 359 366 360 390 413 416
495 495 497 503 513 503 500 514 495 461 461 447 443 442 444 445 450 463 472 474 496 514 524 534 553 612 598 612 625 602 562 550 570 611 623 663 689 728 806 911 834 739 716 696 672 581 581 654 655 634 612 594 584 498 424 390 416 424 362 355 353 356 345 333 334 330 319 323 323 335 330 340 343 357 370 362 349 376 402 382
499 503 507 508 519 508 513 516 522 497 468 455 452 452 448 460 462 462 472 486 493 511 519 529 546 557 549 574 583 617 619 626 579 610 694 642 660 675 730 854 866 819 771 789 839 779 650 647 666 629 566 512 585 591 484 422 397 396 359 350 348 341 339 334 319 315 313 322 320 317 331 329 337 349 360 366 349 352 390 360
499 508 508 507 518 519 522 526 528 523 490 462 461 457 460 465 487 472 475 489 497 511 517 529 535 538 544 623 645 588 609 684 661 628 705 725 671 669 720 812 932 876 808 748 764 872 752 650 631 588 510 463 487 519 455 420 418 443 440 391 386 353 351 349 335 333 323 325 317 322 332 330 331 342 344 363 356 342 378 354
