DEM/DEM17.asc
ncols 800
nrows 800
xllcenter 480150.000000
yllcenter 1520150.000000
cellsize 300.000000
nodata_value -9999
[rows 49 to 97 of 800, columns 384 to 479 of 800]
43 43 43 44 42 41 42 40 40 43 42 40 40 38 40 39 41 39 40 39 40 39 38 38 37 37 42 36 36 40 40 38 35 35 38 39 35 32 33 33 35 33 32 32 32 31 32 31 32 31 30 31 30 29 29 30 32 35 29 28 29 29 29 29 28 29 33 34 25 30 31 28 28 28 26 26 28 27 26 28 32 30 29 25 25 29 30 26 26 28 28 25 23 24 25 24
43 43 43 46 44 43 41 41 42 54 45 40 39 40 41 40 42 40 39 40 40 40 39 38 37 38 39 35 35 37 38 36 37 39 38 37 35 34 34 33 33 32 32 32 32 32 32 31 32 32 31 30 29 29 30 29 33 33 31 31 29 29 29 29 29 28 31 34 31 27 33 32 29 28 27 27 26 27 27 27 29 30 29 26 25 26 31 29 27 28 24 24 26 26 25 24
44 43 43 43 45 42 40 40 40 51 42 40 38 39 40 42 41 41 40 41 39 38 38 37 37 39 36 36 36 35 35 38 37 37 35 34 35 34 34 33 33 33 33 32 31 31 31 31 31 31 32 31 29 30 29 29 31 31 29 31 31 29 29 28 28 28 27 31 34 32 28 33 32 29 30 28 27 27 27 27 29 29 30 28 26 25 26 30 31 27 25 25 26 26 25 24
43 43 44 41 41 40 41 41 40 40 40 40 39 40 41 41 42 39 37 39 39 38 37 38 38 38 37 37 36 35 36 36 34 35 35 35 35 33 34 33 33 33 30 31 31 32 31 31 31 31 29 31 30 29 28 31 29 32 30 29 30 29 29 29 28 28 28 29 29 30 32 28 34 32 30 27 28 27 28 28 28 29 29 29 27 26 25 27 30 27 28 26 24 25 25 24
43 42 41 43 41 41 40 40 41 40 41 40 39 38 40 42 45 41 40 41 40 39 39 40 41 39 37 37 37 35 35 35 35 36 37 37 35 35 34 33 33 33 32 32 31 31 31 31 30 31 29 31 29 29 28 30 32 32 29 29 29 29 28 28 28 29 27 27 28 28 33 27 32 32 31 28 29 29 28 27 27 28 29 30 26 26 27 26 29 30 28 28 26 26 25 24
43 43 45 43 42 42 41 40 41 41 42 41 39 40 44 43 39 39 39 37 39 38 37 38 36 37 37 37 38 35 35 36 37 37 38 37 36 35 34 32 33 33 33 32 31 31 31 32 31 30 30 30 30 29 29 29 32 33 30 28 28 28 29 29 28 28 27 27 28 29 33 28 31 32 30 28 27 27 26 27 27 25 29 29 28 27 27 26 27 29 29 29 27 26 24 23
43 43 43 42 43 42 42 41 40 40 42 42 40 41 45 41 40 38 38 38 39 38 36 37 36 36 36 36 36 36 36 36 36 37 38 38 37 35 34 33 32 33 32 32 33 33 30 30 30 30 31 29 29 30 29 28 29 30 31 30 28 28 28 28 27 28 28 28 29 30 34 27 32 30 29 28 26 26 26 27 26 26 27 29 30 29 29 27 28 27 27 27 27 25 24 24
43 41 44 42 43 43 42 41 42 42 43 42 41 43 40 38 39 38 41 40 40 39 39 38 37 37 36 35 38 37 37 37 38 36 37 37 37 34 36 35 33 33 32 32 33 32 30 30 31 30 30 30 30 29 28 29 28 28 29 31 33 32 28 27 27 28 27 29 33 29 29 32 31 28 28 27 26 26 26 26 26 26 26 26 27 28 28 26 29 26 25 24 25 25 23 24
43 43 44 43 42 43 44 42 43 42 42 44 43 41 40 40 41 38 38 41 42 41 39 38 39 38 36 38 37 36 40 38 35 36 36 34 36 36 34 33 33 32 34 34 33 31 31 30 31 30 29 32 30 28 28 28 28 28 28 28 29 32 30 28 27 28 27 30 31 31 34 31 27 27 26 27 27 26 25 26 26 26 26 26 25 28 26 26 28 24 25 23 23 26 25 25
42 43 45 44 42 44 48 42 44 42 44 42 42 41 41 41 45 43 39 40 39 39 38 38 40 38 37 37 37 39 39 38 38 33 35 35 34 33 34 32 33 34 33 34 32 31 31 30 30 31 29 31 30 31 31 27 28 29 28 28 28 29 33 29 28 28 28 32 30 28 33 30 27 26 26 27 27 26 25 26 26 25 27 26 25 27 26 28 29 24 25 24 24 23 23 25
44 45 45 43 46 47 45 42 43 42 44 43 42 42 42 41 39 40 40 39 39 39 39 38 39 40 39 39 38 37 36 36 38 37 35 35 34 35 34 34 33 33 33 31 33 32 32 29 31 30 29 30 28 31 32 28 28 29 28 28 27 28 29 33 30 28 29 29 32 25 31 30 27 28 28 28 27 26 26 26 26 26 25 27 26 26 29 27 28 26 24 25 24 22 23 23
44 46 46 44 45 43 42 46 49 43 44 41 41 41 41 44 42 40 39 40 38 39 37 42 45 42 37 36 36 35 37 37 36 37 35 36 34 33 33 34 35 32 32 31 30 31 31 29 30 30 29 30 30 31 30 28 28 29 29 29 27 29 30 32 31 27 28 28 32 30 27 28 32 30 31 31 29 28 26 26 26 26 28 29 26 26 28 26 29 28 25 26 25 23 23 24
47 48 48 45 41 43 42 45 58 44 43 42 42 42 42 43 44 41 40 41 39 39 39 41 47 41 37 37 36 37 35 34 36 36 36 37 37 34 36 34 35 33 33 32 31 31 31 29 31 30 31 29 29 31 29 28 28 27 28 28 28 29 28 28 32 30 31 29 32 29 32 29 27 31 30 29 31 29 27 26 25 26 29 28 26 27 26 25 27 29 25 25 26 24 23 25
49 45 44 44 41 42 43 46 47 48 45 41 42 42 42 51 50 43 41 39 39 40 42 41 42 37 37 35 37 36 36 35 34 35 34 37 39 34 36 37 37 36 35 33 31 32 32 31 29 29 31 30 29 28 29 28 28 27 29 27 27 27 28 31 30 31 29 31 34 32 33 34 32 33 33 31 24 32 27 26 25 26 28 29 28 26 24 25 26 29 28 26 25 23 23 24
48 45 43 41 43 42 42 42 41 42 41 41 42 40 41 46 96 43 42 40 41 42 41 37 39 38 37 39 36 38 37 35 36 34 33 34 34 33 34 35 35 34 35 35 34 30 31 30 30 30 30 30 30 28 27 28 27 28 27 27 25 28 28 28 29 29 30 32 33 32 31 29 28 28 33 34 28 30 26 25 26 26 28 28 28 27 24 25 25 27 29 28 28 24 24 24
46 46 45 43 44 43 42 41 46 43 42 40 40 43 40 42 102 97 56 44 39 40 38 37 38 37 38 37 35 36 37 36 35 34 33 33 33 32 33 32 31 32 32 33 34 32 31 30 29 29 31 29 29 30 28 29 28 28 27 27 28 26 28 28 29 28 28 28 28 28 28 26 25 28 33 33 28 29 26 25 25 26 28 29 29 26 26 25 25 25 25 28 29 25 23 25
46 45 43 43 43 44 43 43 44 43 42 42 42 46 46 43 68 136 114 82 42 39 40 37 38 37 35 36 35 37 35 35 34 33 33 33 32 33 32 31 30 33 34 31 32 31 29 29 31 33 32 29 28 30 29 26 27 29 27 28 27 28 27 26 29 27 27 27 27 27 27 27 26 27 31 31 29 26 26 26 25 27 30 31 29 28 27 25 25 24 26 25 28 27 23 23
44 45 46 45 44 42 44 43 46 43 42 46 46 49 49 44 46 116 189 132 43 40 39 38 37 37 37 34 35 37 36 35 34 34 35 33 31 32 31 32 32 34 33 30 29 30 30 30 32 32 31 29 29 29 28 28 28 28 27 28 28 28 28 27 29 27 27 27 26 25 25 26 26 27 30 31 27 31 29 28 28 28 27 26 28 29 28 27 25 26 26 25 26 28 24 24
43 44 44 45 45 44 45 44 45 49 57 51 52 52 64 55 46 56 187 120 41 40 39 39 36 38 38 36 36 34 36 37 38 33 35 34 34 34 31 32 33 31 31 30 32 32 31 31 31 32 32 30 30 29 28 32 27 27 30 29 28 27 26 27 28 26 26 26 26 27 26 25 25 27 27 30 30 30 28 27 30 28 27 26 27 28 28 29 26 24 24 24 23 28 26 24
44 44 44 45 43 46 46 46 49 74 122 89 106 67 60 68 50 51 120 87 40 38 39 39 39 39 37 37 35 36 34 35 34 33 32 34 33 34 31 32 32 32 30 31 33 32 30 29 28 30 32 30 31 31 30 31 30 31 30 26 27 26 25 27 27 26 27 26 25 26 25 26 26 26 26 28 31 32 29 27 28 28 28 28 27 27 25 27 28 25 23 27 25 28 25 25
44 44 47 47 46 45 46 48 51 83 121 147 184 141 76 70 81 54 71 86 39 37 40 39 40 39 38 35 36 35 36 35 36 35 34 34 33 31 31 31 31 32 30 32 32 33 30 32 30 29 29 29 28 32 31 31 31 29 29 27 25 27 26 27 28 27 26 25 25 25 25 25 25 25 26 25 27 31 28 30 30 31 30 30 28 31 30 28 28 28 26 25 27 28 25 24
46 45 49 48 45 48 49 50 51 55 70 76 136 181 90 67 125 73 58 103 37 36 38 41 39 40 37 37 39 37 35 35 35 37 34 32 34 35 33 32 31 30 31 30 30 30 33 31 28 30 29 27 27 29 30 30 30 28 27 26 26 26 26 26 28 26 24 25 25 25 26 24 25 25 25 26 26 29 28 32 31 31 33 35 35 32 30 32 30 29 26 23 27 25 23 23
46 45 48 46 45 47 49 53 54 56 59 62 72 131 135 98 116 103 63 104 56 40 39 37 38 37 37 36 37 36 36 36 35 33 34 34 33 32 33 31 31 31 30 30 30 30 30 29 29 29 29 27 28 30 29 28 28 30 29 27 26 26 27 26 26 26 23 25 25 25 26 28 26 26 25 26 29 28 28 29 32 34 41 84 67 42 38 35 33 24 29 23 26 24 24 24
44 45 47 48 48 49 51 52 56 59 62 67 73 118 188 176 145 172 90 117 78 44 41 39 38 38 36 36 37 36 36 36 35 35 34 33 33 32 33 33 32 32 30 30 29 29 29 30 31 29 30 32 30 30 29 28 26 28 28 30 30 28 26 26 25 27 23 25 27 24 28 27 26 28 28 25 27 27 30 33 33 38 77 142 125 79 71 58 42 28 24 28 29 24 24 25
45 45 47 49 52 52 52 55 60 63 67 69 75 103 191 234 222 184 89 84 66 44 39 42 39 38 36 36 37 35 36 35 35 33 34 35 33 33 31 32 31 30 31 29 31 30 30 32 28 29 31 31 32 31 31 27 26 27 26 26 29 29 27 25 25 26 25 26 25 26 27 25 25 25 26 25 27 29 34 43 41 62 82 78 57 62 94 74 36 31 36 30 26 24 25 26
44 47 49 51 53 53 55 59 66 72 89 91 100 125 178 223 196 102 67 59 61 46 44 40 39 39 38 37 36 36 37 35 34 33 34 35 34 32 34 36 32 31 30 31 31 30 29 29 29 29 30 30 31 32 30 27 27 25 26 26 27 30 29 28 27 27 27 28 26 27 28 26 26 27 26 28 36 52 77 75 62 53 52 53 44 43 43 36 34 32 31 27 24 24 26 27
47 48 50 51 53 56 57 62 70 84 142 154 204 244 248 153 97 66 62 56 53 49 44 41 40 40 39 38 36 34 35 36 34 33 34 32 35 33 33 35 35 32 32 31 30 29 29 27 29 30 29 30 29 27 27 28 26 26 25 27 25 27 27 29 27 27 26 25 27 28 28 26 26 27 31 52 62 51 91 59 50 38 35 35 35 34 32 32 32 31 31 33 24 27 28 32
51 50 50 54 54 58 58 65 71 82 134 226 318 367 343 200 115 68 58 53 53 50 45 43 40 40 38 37 37 37 34 34 34 34 34 34 32 34 31 33 31 31 32 32 31 32 31 28 29 29 28 28 27 28 29 30 27 26 25 26 25 27 25 27 29 26 25 26 27 28 28 26 28 30 41 40 42 42 46 40 38 33 31 28 30 30 30 30 32 31 31 28 25 26 28 27
51 53 54 54 55 57 62 65 71 82 116 187 290 424 448 278 168 77 60 52 51 51 46 44 43 41 38 37 36 36 37 34 32 34 34 34 33 34 34 35 33 32 35 32 31 30 29 32 28 28 27 28 27 27 28 31 28 26 25 26 27 26 26 25 27 28 24 24 26 24 24 25 27 38 31 31 33 33 31 31 32 30 29 27 30 29 30 33 32 33 29 27 26 26 29 26
51 53 52 53 56 59 65 68 72 81 105 170 264 425 437 317 183 81 61 54 54 51 47 44 42 40 38 38 38 35 35 34 34 32 34 33 33 33 35 33 31 34 34 31 30 29 31 28 28 27 28 29 26 25 27 31 27 26 25 26 29 26 25 25 28 29 24 24 25 24 25 23 24 25 25 24 25 27 28 29 28 30 30 30 25 30 30 32 32 36 26 26 28 28 24 23
50 52 55 54 57 62 63 69 76 82 105 182 266 393 399 276 175 87 67 58 55 52 46 45 42 40 39 38 37 35 35 36 33 33 33 33 33 33 32 31 30 32 32 32 30 31 30 30 28 28 27 29 26 25 26 28 29 26 26 26 25 26 26 26 27 29 25 25 25 25 23 22 25 23 23 22 24 25 26 28 28 31 31 31 28 29 29 28 28 33 27 26 25 23 23 23
52 54 56 57 59 64 65 72 81 90 122 173 225 320 360 283 192 112 70 62 58 53 48 45 42 40 38 38 37 36 36 34 35 34 33 33 33 33 33 33 32 32 33 33 31 29 29 28 29 29 26 27 25 28 29 29 28 26 26 26 25 25 25 26 27 28 28 24 24 25 24 24 24 23 23 23 24 26 25 27 28 28 30 31 31 27 27 25 24 28 24 23 23 25 24 24
55 53 56 57 63 75 70 77 92 117 184 257 295 324 376 329 239 141 81 71 60 52 47 44 42 39 38 38 37 35 33 34 35 34 33 31 33 35 34 32 32 32 31 31 32 30 29 28 27 32 30 27 25 28 28 28 27 27 26 25 27 26 25 26 26 28 26 23 27 27 26 25 23 23 23 23 24 27 25 27 28 30 31 31 27 27 24 20 27 25 22 22 25 28 25 23
54 56 57 62 62 66 71 91 130 167 228 330 407 469 415 350 281 158 105 100 61 53 50 46 43 40 38 36 35 36 35 34 33 32 32 33 35 32 32 32 32 32 31 32 31 30 30 30 27 29 30 28 26 26 27 28 26 26 25 25 26 25 26 26 26 26 27 30 28 31 28 27 26 23 24 26 27 29 29 29 31 31 30 28 25 25 23 26 26 26 24 23 26 28 26 25
55 56 58 60 66 73 80 90 150 243 299 372 469 563 477 413 308 216 203 109 61 54 49 46 43 40 39 35 35 35 35 34 34 34 33 33 33 33 32 31 32 33 32 33 32 31 32 29 27 29 30 29 25 25 26 25 26 25 25 24 25 25 25 25 25 27 29 31 29 29 32 30 29 28 27 27 29 31 30 27 24 24 26 23 25 27 25 24 23 24 23 24 24 27 27 26
57 57 60 62 66 75 84 98 142 224 321 479 582 641 543 471 416 362 306 180 75 56 49 45 42 41 38 37 35 35 35 34 34 32 33 34 33 33 30 31 32 32 31 31 32 32 31 29 27 27 27 28 26 26 23 26 25 26 24 24 25 25 26 25 25 29 26 25 24 26 28 28 29 30 29 28 29 31 28 25 28 27 27 28 26 26 25 23 25 25 26 28 27 29 26 27
57 61 65 65 69 77 86 105 150 208 291 433 559 686 621 554 481 414 306 183 99 59 53 46 44 40 38 36 36 35 35 33 31 32 32 32 32 31 32 31 31 31 30 33 31 30 30 30 30 28 28 26 26 25 25 25 26 24 25 24 24 24 24 25 25 29 28 23 22 26 27 28 29 30 29 29 30 30 30 28 28 30 44 35 34 29 27 25 28 28 29 29 28 29 27 27
56 61 65 66 70 76 83 144 200 241 314 446 573 690 708 626 500 388 366 314 173 71 50 45 43 40 39 38 35 35 34 33 34 33 31 32 33 32 32 32 32 32 32 30 29 30 29 29 29 27 27 26 25 23 24 27 26 25 24 23 24 24 24 23 24 28 27 24 22 27 28 26 28 28 30 29 28 30 26 28 29 39 77 47 35 30 30 27 28 31 32 31 30 30 29 30
57 59 60 67 71 79 88 180 294 379 434 524 621 719 748 680 592 503 450 285 140 68 49 44 41 41 38 38 36 33 33 33 32 32 32 31 33 31 31 31 32 30 30 30 29 29 30 30 29 29 29 28 27 24 24 27 26 26 24 24 23 23 24 23 24 25 29 28 28 29 28 30 29 28 30 29 27 30 25 29 34 39 67 45 36 34 29 27 29 29 32 33 32 32 30 29
55 59 65 68 70 80 91 154 266 350 490 626 723 749 763 717 641 542 436 318 205 86 48 44 43 41 38 37 36 35 34 34 33 32 31 30 31 30 30 32 33 30 30 29 31 29 30 28 28 29 28 27 28 25 24 26 24 26 24 24 23 23 24 23 22 22 29 28 30 27 27 28 28 30 29 27 28 30 22 29 34 40 61 45 40 34 30 29 31 29 31 35 33 35 32 31
56 59 63 67 73 82 104 160 233 315 476 618 688 743 748 705 590 444 369 268 186 76 52 47 44 40 39 38 37 34 33 34 33 31 30 31 31 30 30 30 31 30 31 30 30 29 29 27 28 28 28 28 28 26 25 26 27 27 27 24 24 25 26 25 23 24 25 30 30 29 26 27 27 29 28 27 27 28 28 29 31 38 45 43 41 37 35 33 33 34 32 33 37 34 33 32
54 59 64 65 70 78 134 240 302 357 433 494 540 629 659 696 612 488 400 262 135 74 55 49 46 43 41 38 36 35 34 32 33 32 31 29 31 31 29 29 30 30 30 30 31 29 27 27 29 27 28 28 27 25 24 26 27 28 28 26 26 28 27 30 28 26 27 30 28 27 24 23 23 26 29 29 30 27 29 27 31 33 35 34 33 38 34 35 37 36 37 32 36 35 35 32
55 59 62 64 66 73 106 185 219 256 296 338 396 473 563 635 600 531 428 286 149 69 56 49 46 42 41 37 35 35 33 33 31 32 30 31 30 30 29 30 30 28 29 29 30 30 28 27 27 28 28 29 27 24 25 25 26 28 26 26 27 28 28 27 28 29 29 29 26 24 22 22 23 23 28 29 26 29 28 26 29 31 32 33 35 39 39 36 38 38 38 36 36 35 34 36
58 60 62 64 65 70 75 98 138 178 213 244 298 401 521 600 539 424 409 329 184 94 53 48 46 43 40 39 37 36 34 32 32 33 31 30 30 30 30 30 29 29 29 28 30 30 29 28 29 28 29 28 28 26 25 26 25 27 26 29 28 27 25 23 27 29 28 24 23 22 22 23 23 27 29 28 27 28 24 26 28 30 34 36 40 41 40 36 38 36 37 38 38 38 36 37
54 58 61 64 65 70 72 80 95 118 150 205 288 400 509 576 524 401 295 300 225 92 53 49 48 45 40 38 36 34 34 33 31 31 32 30 29 30 30 30 29 29 27 28 30 27 30 28 29 29 30 29 27 24 26 26 25 27 27 27 28 26 24 24 27 26 26 25 23 22 22 22 25 28 29 27 29 27 24 26 31 34 37 38 41 43 39 39 40 39 39 39 37 36 37 39
55 57 62 62 64 70 76 81 88 98 133 231 336 442 539 568 464 382 298 205 199 117 97 56 51 46 40 39 37 36 35 33 32 32 32 31 31 31 29 29 28 29 29 29 30 30 30 27 28 27 27 27 26 26 25 26 24 25 25 28 27 26 23 24 29 29 26 25 24 21 21 22 21 28 30 24 27 26 25 30 30 34 39 39 43 45 43 42 42 41 40 41 39 38 37 40
61 60 63 62 67 70 73 78 83 88 121 218 311 448 562 602 522 403 313 189 112 86 79 59 55 48 41 38 36 35 32 32 31 32 31 30 29 32 30 28 28 29 29 30 29 28 29 26 28 27 26 27 25 27 28 24 22 23 22 26 28 26 23 26 27 30 28 24 24 23 21 21 24 28 29 23 27 24 26 30 33 36 40 52 50 49 47 46 47 43 42 42 39 37 37 40
61 61 63 65 66 68 69 72 78 87 119 192 264 378 513 578 538 381 274 221 126 95 69 58 54 48 43 40 36 34 33 32 29 30 31 32 29 29 30 32 31 30 28 29 29 28 27 25 26 26 29 27 26 28 28 27 22 25 23 28 28 27 26 28 27 28 29 26 24 27 26 24 24 28 29 25 28 26 27 30 37 42 47 70 59 54 53 51 50 47 48 45 40 38 41 42
58 63 64 65 67 70 72 74 81 93 150 247 359 453 527 610 550 410 324 278 221 198 86 57 53 47 42 41 36 33 33 31 30 29 30 31 30 29 30 30 30 31 28 29 30 29 29 27 25 25 27 25 27 29 28 30 27 25 24 23 27 28 25 27 26 25 27 25 26 25 24 22 22 28 30 25 25 28 30 32 38 49 61 93 76 62 59 54 53 49 49 45 41 39 42 45
