DEM/DEM17.asc
ncols 800
nrows 800
xllcenter 480150.000000
yllcenter 1520150.000000
cellsize 300.000000
nodata_value -9999
[rows 0 to 48 of 800, columns 96 to 191 of 800]
1459 1599 1559 1472 1401 1371 1369 1445 1502 1473 1343 1191 1115 1002 896 787 734 800 719 587 553 590 475 389 365 368 395 423 369 328 317 325 327 337 347 379 421 444 507 475 479 494 544 582 573 522 514 499 494 419 382 347 320 303 289 267 245 240 234 230 221 220 225 232 232 234 256 240 275 323 358 358 342 310 239 270 258 232 207 198 184 194 191 183 196 219 167 180 170 161 157 157 161 166 167 160
1452 1495 1418 1371 1349 1283 1332 1339 1397 1373 1241 1092 1025 948 823 709 706 803 757 634 527 525 452 389 371 397 415 453 404 353 328 322 326 329 343 392 466 485 490 510 548 563 579 640 553 506 469 445 447 438 407 372 338 312 305 280 256 245 244 253 232 230 216 226 225 222 225 229 275 321 292 300 307 264 225 235 260 224 211 205 186 200 198 193 227 261 176 165 162 158 158 162 165 181 169 158
1424 1375 1295 1261 1246 1204 1235 1205 1297 1270 1163 1043 938 860 731 701 667 710 681 565 517 446 409 390 398 413 463 454 403 367 348 358 337 329 364 413 411 452 463 486 549 626 703 651 575 559 519 460 409 387 372 363 333 349 348 312 271 261 255 260 243 232 229 226 222 216 220 217 240 281 260 247 248 238 226 207 205 211 206 203 189 193 207 205 265 252 181 164 161 160 161 165 170 182 181 163
1464 1467 1342 1213 1141 1112 1099 1091 1154 1149 1093 1003 908 775 740 710 673 637 591 496 443 419 402 417 433 421 473 438 393 373 372 348 333 343 377 464 491 474 453 465 530 592 651 640 591 562 533 485 427 414 375 335 359 377 349 319 290 277 282 266 239 236 255 231 223 218 222 215 225 234 230 233 226 215 217 201 201 199 194 202 192 192 216 225 284 221 179 169 169 164 167 179 178 184 183 160
1494 1486 1390 1289 1172 1118 1062 1017 1060 1039 1041 933 824 772 768 743 763 712 577 464 464 409 412 425 466 442 471 483 429 396 370 337 341 357 388 480 595 534 493 481 499 544 613 614 598 544 491 460 440 409 355 371 431 387 406 354 322 316 296 295 251 250 250 249 241 236 229 212 215 216 228 229 215 201 202 199 210 199 189 191 193 204 241 283 247 199 185 177 174 173 179 190 183 174 167 159
1562 1515 1369 1315 1284 1177 1101 1019 960 932 916 848 777 830 788 792 806 714 641 560 465 415 436 431 477 466 465 511 451 388 366 336 346 371 407 495 611 548 517 518 520 543 579 579 533 542 512 464 417 370 390 452 465 441 477 390 393 386 342 336 279 284 268 274 261 238 224 217 218 208 221 221 220 203 204 210 215 209 196 200 200 217 301 336 266 246 213 186 176 185 181 189 187 176 167 163
1589 1536 1439 1421 1330 1239 1252 1161 1044 961 856 814 860 911 814 843 805 777 664 555 455 444 456 434 457 460 416 436 449 404 369 342 348 366 398 490 536 568 567 556 553 573 623 627 554 481 459 442 405 382 447 515 491 485 516 429 438 417 344 325 285 270 264 252 252 238 233 226 223 215 209 212 221 205 204 211 248 245 204 205 211 226 290 308 342 330 280 211 186 192 191 191 190 180 173 167
1519 1540 1452 1346 1298 1253 1209 1107 986 884 878 934 964 969 848 869 869 786 622 503 451 434 426 416 428 426 394 390 437 418 382 364 345 384 401 459 495 509 495 536 608 603 656 669 569 509 474 431 394 394 425 489 528 521 594 500 454 406 346 321 291 285 284 307 259 239 241 233 221 214 210 207 211 211 203 215 274 261 208 201 218 231 245 312 399 364 303 227 198 203 191 183 187 186 179 173
1395 1509 1392 1309 1243 1182 1079 983 920 946 1022 1075 1055 972 898 919 846 720 596 500 463 447 418 399 396 392 379 369 398 432 415 383 339 366 402 427 431 433 464 507 571 569 635 683 584 558 533 468 403 446 444 478 549 580 631 528 471 452 395 323 300 315 316 350 294 251 251 235 228 227 219 221 211 207 202 221 277 239 207 202 215 223 255 344 430 306 267 240 224 204 191 182 177 181 177 178
1393 1550 1431 1343 1257 1161 1080 988 994 1041 1137 1194 1073 1027 921 841 713 664 575 500 530 493 448 411 401 425 417 374 371 390 388 358 341 353 381 388 396 426 449 453 505 534 614 628 635 556 493 434 441 524 515 483 548 620 639 548 515 518 403 323 322 365 335 296 275 265 256 260 259 237 221 230 236 210 209 219 288 238 216 208 243 242 268 358 396 262 225 248 223 198 187 182 176 170 170 169
1422 1508 1414 1322 1214 1124 1081 1045 1107 1133 1254 1240 1131 1013 878 808 678 597 549 527 565 515 444 411 411 438 435 384 364 369 362 376 358 359 405 415 440 483 515 512 473 518 575 623 643 557 505 447 460 551 540 533 547 633 653 580 562 513 380 332 345 398 350 304 290 273 280 317 287 242 226 230 245 245 231 219 260 246 223 216 261 244 267 322 352 232 210 210 201 193 187 187 180 171 169 166
1384 1400 1348 1281 1200 1149 1110 1175 1224 1280 1281 1190 1091 967 842 762 659 588 543 588 590 507 433 450 465 441 425 387 388 402 437 447 408 366 364 394 432 467 587 580 519 503 533 586 613 579 504 495 501 573 602 596 597 702 714 625 562 447 388 413 432 453 371 304 321 287 287 306 270 245 233 256 271 286 250 230 229 253 225 210 236 254 277 302 304 219 204 199 189 186 185 181 177 172 166 165
1381 1379 1301 1254 1206 1223 1242 1320 1365 1310 1195 1144 1063 924 808 698 645 626 559 576 550 503 447 492 538 486 435 404 419 448 450 499 463 413 392 359 370 435 489 530 556 553 560 567 578 562 517 546 534 615 667 614 651 778 756 661 569 452 476 503 479 409 343 309 329 300 321 311 284 254 238 240 254 288 269 247 241 233 212 219 247 249 266 256 255 213 205 195 187 180 179 178 179 175 171 168
1305 1320 1291 1268 1259 1295 1330 1426 1373 1268 1187 1100 1011 896 782 739 730 650 560 585 541 488 457 500 584 535 469 424 438 485 511 495 487 452 418 400 365 388 410 460 499 601 627 616 615 589 576 578 574 638 691 627 679 767 731 677 585 532 576 535 455 374 338 359 345 343 388 317 283 258 247 240 249 266 254 244 241 214 217 227 232 253 280 265 286 213 203 196 189 179 176 174 175 172 170 171
1193 1289 1329 1346 1335 1355 1393 1350 1272 1200 1156 1068 970 877 755 722 691 626 551 538 519 494 483 506 579 571 480 460 463 505 496 481 446 397 378 379 366 403 446 445 494 533 604 686 662 659 660 632 652 727 728 661 735 782 721 693 659 637 620 555 488 409 399 439 409 397 424 351 293 274 256 247 245 250 242 233 227 209 227 243 231 238 251 247 272 212 199 194 191 182 180 175 171 168 166 164
1165 1235 1317 1374 1409 1441 1449 1315 1228 1158 1065 953 873 803 721 690 666 704 585 630 575 497 493 527 607 612 529 483 482 466 438 446 408 380 398 390 405 454 533 499 522 577 632 708 702 733 764 724 745 807 771 709 762 751 695 672 657 630 627 633 552 501 503 503 465 397 423 386 345 296 268 249 248 240 232 228 215 226 228 240 224 217 229 242 242 221 197 192 187 180 175 172 170 168 167 163
1139 1194 1272 1388 1538 1568 1566 1385 1218 1098 1016 997 937 851 761 756 763 686 593 665 654 583 511 576 631 684 572 499 457 452 421 407 393 381 437 434 482 543 612 567 520 550 603 646 688 793 785 744 771 852 830 764 755 703 679 671 644 637 661 666 646 574 478 433 460 414 341 370 314 307 263 250 236 236 225 221 216 258 241 238 222 213 219 231 239 216 198 189 186 183 179 176 172 174 171 169
1187 1217 1309 1491 1647 1645 1535 1328 1155 1075 1105 1063 959 881 813 862 780 681 621 721 698 609 547 606 649 681 595 536 488 432 433 414 391 381 418 483 526 563 580 604 609 581 585 580 644 703 762 813 820 884 852 804 759 707 687 713 656 673 621 546 590 507 432 365 401 369 314 290 269 264 250 237 223 219 224 219 224 290 260 260 231 207 210 220 227 233 196 188 182 181 179 177 174 174 169 168
1271 1331 1443 1534 1603 1515 1403 1267 1142 1160 1133 1061 996 881 841 872 794 741 665 727 681 620 559 634 713 676 593 583 513 443 415 406 383 401 406 451 473 512 545 634 679 667 662 605 589 660 777 864 912 901 837 798 734 695 700 761 702 629 513 462 496 454 396 341 362 354 291 274 252 241 234 233 232 225 216 216 234 301 279 273 234 210 208 217 211 209 193 187 185 182 176 173 170 167 167 164
1299 1375 1488 1598 1671 1553 1389 1261 1254 1187 1108 1047 967 891 876 812 815 809 703 702 633 566 595 667 750 740 654 563 515 451 407 406 391 390 435 435 474 492 559 656 711 755 742 701 644 676 791 864 946 900 847 809 751 703 717 782 716 563 476 429 449 416 383 330 345 363 282 262 236 232 248 247 240 229 221 234 237 283 296 280 240 219 207 204 208 218 200 189 186 185 184 176 172 171 171 164
1368 1501 1609 1709 1657 1488 1359 1355 1272 1169 1082 1018 950 905 855 731 711 713 676 620 578 607 700 715 767 757 650 591 525 462 434 413 392 384 445 486 508 507 559 595 669 725 706 706 747 759 805 863 929 893 898 838 776 724 725 774 710 574 468 402 386 371 356 317 308 291 258 246 243 267 261 250 239 224 227 247 248 296 344 326 247 227 213 203 200 202 197 187 183 181 182 177 175 173 170 170
1378 1516 1626 1686 1637 1464 1492 1366 1235 1172 1085 974 909 859 775 751 717 658 624 593 637 747 807 776 801 786 718 678 572 496 440 424 396 382 404 439 451 500 537 544 601 644 656 704 794 813 874 905 855 846 930 865 803 742 777 764 630 554 481 416 379 341 353 322 271 249 276 267 260 276 263 252 239 229 257 281 292 340 404 363 264 237 224 213 205 199 197 194 188 180 177 176 176 172 170 168
1357 1474 1589 1653 1625 1590 1550 1355 1245 1175 1080 1000 952 910 834 831 822 716 651 613 684 807 858 865 868 758 668 635 582 498 461 431 406 399 396 419 441 517 583 579 577 615 665 734 804 839 899 913 812 807 869 854 798 757 767 675 527 460 447 465 379 334 306 289 258 264 317 283 267 279 264 248 238 238 255 274 303 339 376 348 319 296 239 227 215 202 213 207 202 182 181 182 177 172 170 169
1331 1414 1499 1508 1634 1705 1560 1354 1249 1183 1093 1007 957 911 952 893 885 786 715 708 632 673 758 831 885 825 738 694 611 541 504 474 425 399 411 436 440 474 542 608 627 637 700 766 819 841 885 894 817 767 848 895 825 787 696 627 508 425 389 429 355 312 304 262 264 292 364 308 276 282 274 253 244 245 258 272 288 350 338 314 310 309 301 268 226 208 194 198 204 189 186 179 175 175 173 170
1296 1357 1402 1472 1587 1584 1505 1323 1206 1143 1079 1019 978 939 977 932 896 873 794 850 733 645 670 765 836 851 794 809 710 600 548 544 464 420 401 433 435 469 522 591 657 650 702 748 836 857 875 876 776 757 855 892 836 778 727 619 498 408 360 339 323 286 267 281 287 309 384 318 297 291 264 258 251 253 257 265 267 296 279 276 275 271 312 270 224 210 193 188 190 186 185 181 176 184 180 172
1340 1390 1422 1424 1490 1460 1375 1308 1205 1126 1069 1009 968 956 947 894 857 818 766 778 761 666 764 791 827 863 871 851 723 616 590 596 510 435 406 427 465 462 498 547 609 646 674 724 809 814 856 830 742 740 827 785 772 700 693 603 479 434 383 336 300 271 280 329 365 340 386 315 309 289 269 262 254 263 267 275 257 253 252 250 270 276 244 242 218 203 201 190 186 189 188 187 177 185 183 174
1225 1302 1371 1328 1419 1351 1275 1220 1159 1128 1069 1003 972 951 923 893 898 903 828 727 717 690 812 898 872 784 763 776 748 642 656 631 557 481 431 414 459 473 499 532 563 607 674 727 789 834 841 781 699 678 737 713 675 632 583 594 593 503 407 328 290 295 312 342 413 404 435 343 302 282 282 271 258 264 276 288 269 246 238 236 247 265 234 225 208 195 191 187 188 190 185 182 182 186 181 175
1102 1167 1240 1274 1375 1331 1243 1181 1116 1089 1038 994 967 976 930 905 932 967 862 789 832 731 842 941 884 782 687 669 712 677 700 681 613 520 446 407 420 449 490 527 555 600 644 737 785 799 755 754 688 624 671 673 622 582 530 546 527 445 395 318 285 301 353 384 454 490 468 353 301 288 291 278 266 271 274 284 280 253 244 231 225 235 229 205 195 195 194 189 189 191 188 185 183 179 177 177
1130 1146 1212 1282 1344 1255 1210 1167 1141 1107 1043 983 1000 1023 956 931 962 993 904 801 863 768 854 981 904 789 710 662 613 629 617 662 649 551 481 420 409 423 455 485 537 608 686 696 750 738 710 707 703 610 615 669 632 554 510 486 475 405 354 305 310 310 390 419 500 524 481 367 311 306 300 283 285 292 279 275 280 263 252 240 229 218 221 219 200 201 203 199 198 192 194 189 186 185 182 176
1229 1247 1296 1356 1298 1201 1142 1134 1080 1041 1017 994 1017 1061 1016 973 1005 970 881 821 905 815 804 923 910 798 704 662 614 579 555 568 594 569 504 440 426 451 469 539 583 631 633 665 729 710 681 665 668 606 602 617 550 504 499 457 391 365 320 317 341 311 357 420 515 542 449 367 374 333 299 301 334 325 290 274 273 263 246 237 229 220 232 231 211 227 232 226 214 198 194 189 188 185 178 173
1238 1241 1241 1277 1267 1246 1179 1107 1082 1079 1046 1005 1042 1095 1071 1020 1037 931 874 847 944 861 801 958 934 796 747 684 622 577 550 516 513 550 546 463 428 469 466 513 549 568 588 614 658 704 678 637 623 592 595 551 512 465 425 397 351 336 357 390 335 315 384 438 519 546 514 440 403 340 313 333 387 389 350 283 262 260 243 236 240 232 232 242 265 239 228 222 209 198 192 186 180 179 177 176
1141 1148 1173 1213 1268 1214 1158 1130 1198 1176 1071 1014 1041 1134 1129 1071 1020 918 940 881 982 909 803 977 950 844 739 681 648 624 593 550 498 492 531 479 425 462 464 493 536 554 565 597 635 690 695 638 601 579 597 554 480 451 400 380 380 375 389 378 322 322 379 421 508 581 588 480 398 341 339 368 423 452 372 292 258 251 241 243 244 240 231 265 266 254 229 217 205 196 189 185 182 182 179 182
1039 1102 1196 1221 1212 1223 1218 1229 1254 1173 1087 1036 1069 1180 1202 1110 1018 988 996 930 981 941 820 902 921 807 759 784 778 744 706 626 525 480 476 487 438 477 502 537 582 614 617 619 650 721 706 647 608 579 567 567 515 419 398 399 426 407 427 381 323 342 400 456 520 597 567 463 378 360 397 448 473 468 349 292 260 247 244 253 250 240 237 275 311 304 288 243 213 200 189 188 185 182 183 186
1009 1072 1147 1127 1142 1170 1209 1236 1178 1139 1096 1066 1101 1217 1241 1159 1092 1034 1047 1002 964 976 838 841 926 886 923 953 910 771 671 604 546 501 494 463 433 460 508 549 636 666 657 680 658 699 709 658 608 602 589 557 468 449 424 429 476 430 454 389 348 353 438 509 560 623 595 467 389 419 480 563 560 496 384 321 263 250 255 256 247 252 243 273 367 393 304 246 216 204 196 193 187 183 189 191
976 1068 1081 1101 1144 1198 1238 1249 1252 1215 1133 1098 1152 1256 1302 1231 1137 1058 1106 1027 981 1004 864 844 933 991 1061 1046 961 885 781 701 592 532 517 500 457 443 463 535 582 625 608 705 706 694 681 663 622 617 633 594 517 479 479 460 504 480 455 424 375 367 440 515 608 614 612 486 420 497 557 518 495 475 408 328 267 251 264 270 272 278 248 279 381 390 290 236 218 206 200 192 187 187 194 195
1005 1037 1103 1184 1199 1280 1320 1310 1346 1261 1163 1156 1201 1298 1364 1292 1152 1174 1132 1079 1007 1001 908 854 928 1010 1062 1042 992 933 821 698 603 536 532 535 513 495 457 468 508 549 588 678 649 682 686 666 655 661 668 643 573 512 525 498 520 498 444 407 366 384 431 464 520 533 570 486 494 564 532 448 407 383 347 314 270 257 296 306 330 327 271 259 342 352 344 273 232 218 210 198 191 193 194 195
1053 1078 1110 1186 1221 1302 1322 1276 1324 1253 1193 1199 1265 1404 1441 1340 1230 1300 1214 1140 1043 1060 964 889 932 1025 1066 1029 984 947 845 733 617 551 553 567 570 574 499 465 470 502 550 610 590 652 683 686 674 665 662 644 563 533 581 559 535 520 454 437 393 381 409 430 490 519 542 515 534 551 459 400 379 345 312 296 273 269 326 367 402 387 314 268 322 298 310 342 254 234 222 207 201 195 185 194
1118 1177 1162 1247 1283 1298 1287 1235 1232 1179 1180 1230 1326 1477 1528 1446 1349 1334 1248 1166 1091 1075 1010 930 946 1035 1131 1066 1029 990 858 745 660 559 593 627 643 576 509 482 482 474 508 565 571 599 631 665 689 678 671 682 597 558 619 614 574 564 479 445 394 394 443 498 561 574 536 551 584 590 510 475 482 453 401 350 280 272 319 394 425 396 341 289 305 266 255 280 275 241 233 213 198 192 185 187
1122 1199 1254 1287 1244 1222 1214 1164 1163 1128 1171 1233 1338 1508 1603 1573 1433 1338 1307 1250 1157 1123 1062 963 1006 1088 1083 1009 983 942 915 822 698 595 594 686 676 573 509 485 516 501 480 497 524 561 576 622 666 685 676 680 625 584 668 691 636 586 528 486 432 413 475 523 609 606 551 610 662 679 583 583 577 502 430 342 275 273 314 407 440 413 360 301 317 279 247 238 236 224 227 229 192 188 190 188
1175 1223 1286 1269 1184 1132 1169 1110 1087 1102 1149 1227 1333 1409 1530 1579 1501 1443 1369 1243 1180 1172 1119 1011 1029 1047 1005 939 922 900 853 762 677 626 615 714 666 597 566 506 531 513 515 497 493 523 540 578 633 665 681 694 674 607 702 743 712 638 560 524 462 441 533 576 659 644 582 636 689 676 609 550 488 408 344 297 287 279 304 360 395 360 318 333 330 294 287 270 247 230 215 208 195 196 200 199
1284 1297 1226 1217 1179 1094 1087 1075 1046 1085 1128 1203 1280 1426 1495 1487 1572 1504 1393 1295 1241 1201 1174 1065 1036 990 959 972 979 952 955 864 773 680 652 745 727 678 607 543 563 563 548 532 506 494 513 552 608 608 672 699 726 668 691 737 685 627 594 560 453 452 533 571 651 628 554 607 637 575 534 453 420 373 303 291 323 296 302 347 383 356 328 358 370 377 342 295 261 240 244 233 214 207 205 198
1347 1293 1201 1150 1112 1086 1034 1001 1014 1055 1090 1175 1248 1360 1372 1409 1545 1504 1440 1355 1293 1252 1197 1091 1030 993 1017 1093 1047 1003 1013 900 794 712 674 778 820 765 681 591 592 615 591 576 548 530 504 529 545 574 662 715 772 754 744 746 687 621 529 502 485 482 563 609 665 623 534 536 579 544 496 431 373 329 299 322 365 324 320 365 400 372 356 359 340 309 296 281 262 231 269 296 243 218 209 198
1309 1253 1226 1199 1169 1098 1021 972 1016 1035 1041 1094 1177 1230 1284 1379 1491 1582 1520 1410 1346 1275 1207 1118 1059 1024 1066 1151 1093 1103 1124 977 895 766 702 801 844 833 729 625 621 692 645 654 620 558 531 546 559 567 636 683 755 775 714 717 739 672 594 551 543 540 570 623 609 633 573 490 549 488 417 394 340 331 324 373 382 348 349 408 453 428 422 401 313 267 256 255 248 233 254 330 268 230 217 205
1331 1314 1286 1201 1144 1076 1020 992 976 988 1037 1100 1141 1191 1269 1352 1474 1587 1547 1457 1383 1298 1243 1160 1111 1050 1092 1171 1166 1190 1167 1052 948 793 735 834 901 868 763 671 640 749 731 720 644 565 554 576 602 607 594 613 643 718 674 617 687 705 637 600 571 566 518 546 571 608 547 469 502 472 386 353 348 355 366 401 410 388 367 431 476 461 436 358 293 268 250 245 240 232 238 303 275 232 224 222
1266 1303 1261 1214 1157 1104 1076 1020 941 965 1056 1151 1214 1233 1276 1353 1491 1585 1570 1508 1418 1379 1321 1208 1116 1094 1159 1264 1260 1260 1186 1000 906 807 771 872 955 913 812 684 650 767 791 694 641 591 575 595 636 672 632 544 541 590 614 553 607 627 622 584 553 541 454 471 494 527 469 405 403 410 362 357 380 409 480 511 498 438 394 423 474 457 392 309 278 260 253 254 268 250 239 283 277 238 228 212
1209 1180 1180 1150 1089 1060 1035 960 915 987 1094 1170 1159 1237 1335 1421 1447 1519 1548 1459 1396 1362 1316 1271 1186 1215 1282 1319 1231 1176 1150 1051 927 820 846 940 995 953 855 754 679 764 863 804 727 625 621 614 693 744 681 585 546 489 500 500 542 550 547 597 560 514 429 408 435 461 443 389 376 398 358 369 407 461 514 587 596 466 402 406 449 416 338 285 274 264 286 317 316 272 250 257 271 241 218 205
1124 1073 1110 1105 1008 972 992 939 904 980 1042 1084 1127 1220 1274 1377 1387 1497 1558 1480 1389 1329 1282 1271 1205 1220 1301 1303 1245 1203 1145 1021 931 844 908 972 1019 982 872 772 741 809 909 811 732 663 674 651 699 774 737 676 607 535 488 452 471 482 493 508 522 515 460 392 395 409 440 397 378 366 384 379 431 489 559 649 587 464 413 383 415 397 355 291 291 272 325 368 324 267 254 263 275 244 216 200
1001 1009 1076 1064 1005 938 916 891 896 987 1056 1114 1179 1248 1265 1316 1397 1494 1549 1476 1387 1313 1263 1250 1201 1180 1230 1228 1284 1191 1116 1002 922 921 991 1009 1022 1001 910 910 878 928 936 849 746 693 733 745 798 874 787 719 659 580 537 477 429 416 427 436 464 474 448 389 356 341 362 413 393 386 426 449 496 550 602 565 471 408 366 336 358 363 379 361 351 295 335 356 335 286 266 271 269 232 216 200
931 962 983 998 981 960 931 863 918 965 1037 1137 1207 1309 1365 1422 1476 1567 1521 1482 1382 1304 1257 1226 1214 1154 1179 1180 1246 1164 1087 1020 1051 1023 1053 1057 1051 1052 986 979 984 951 918 814 766 718 811 855 916 948 866 768 650 596 547 482 447 423 391 382 385 395 429 440 396 338 317 347 327 369 480 496 512 538 596 531 495 468 394 314 304 338 358 308 312 342 334 324 302 289 275 285 268 236 210 201
