DEM/DEM13.asc
ncols 800
nrows 800
xllcenter 720150.000000
yllcenter 1760150.000000
cellsize 300.000000
nodata_value -9999
[rows 546 to 587 of 800, columns 564 to 657 of 800]
222 227 232 235 231 226 220 218 220 218 215 210 212 209 203 200 198 196 198 195 198 192 190 187 188 188 190 191 190 188 187 185 184 183 183 182 183 183 186 191 194 195 190 187 188 193 189 185 194 197 192 185 185 188 196 195 188 187 190 192 188 193 192 188 183 177 174 170 169 171 174 173 167 162 160 159 157 156 156 157 158 158 158 157 156 156 157 158 157 155 155 156 156 157
222 225 234 231 233 228 223 218 215 215 215 209 205 203 201 199 197 195 193 192 193 192 190 191 187 186 187 188 191 190 189 187 183 180 181 180 178 181 185 190 194 194 193 191 184 188 188 185 194 198 193 187 183 185 188 191 186 187 192 184 187 191 192 188 181 176 175 174 175 177 174 171 166 162 161 157 156 156 157 156 157 158 158 159 156 155 156 156 155 154 154 155 156 156
219 229 233 229 227 226 218 214 211 215 210 207 204 201 200 198 199 197 194 195 193 190 189 190 189 186 186 187 188 188 188 186 184 182 180 178 178 180 181 187 187 191 190 188 185 182 185 183 191 194 195 191 185 181 188 192 188 182 184 184 189 192 191 186 181 178 180 177 175 173 170 169 168 165 163 157 157 156 157 157 156 157 158 158 155 154 155 154 155 155 154 154 156 155
229 228 231 230 225 225 224 218 217 208 203 204 204 202 201 200 200 197 198 200 199 193 193 191 187 186 184 186 184 185 184 185 184 182 178 179 178 178 178 181 183 189 190 188 187 180 179 180 183 188 190 189 186 180 184 184 185 183 180 178 187 191 187 182 181 179 180 179 175 174 176 175 174 170 161 161 157 156 157 157 159 159 158 156 154 154 155 154 154 154 154 153 155 156
237 228 222 225 221 222 227 223 216 207 202 202 203 200 202 203 202 199 202 202 200 195 194 190 188 190 189 185 184 183 182 183 180 180 181 180 180 177 176 177 178 181 185 185 185 182 175 179 186 190 188 185 185 179 176 183 189 188 184 175 183 188 182 178 178 179 178 179 180 179 175 175 172 168 164 163 159 157 157 157 158 157 157 156 154 154 154 154 153 154 155 156 156 156
238 230 217 218 216 224 220 216 211 206 201 198 197 196 199 202 202 201 203 204 200 195 194 194 193 196 194 189 191 186 183 186 183 186 184 184 184 181 180 176 176 179 180 181 181 181 174 184 188 187 189 188 188 183 176 178 184 187 184 176 178 185 183 179 173 176 179 175 174 173 169 170 170 167 164 163 157 158 156 157 159 158 156 156 154 154 155 155 155 155 157 155 156 154
234 229 225 217 213 220 212 207 208 205 202 200 197 195 197 196 196 197 204 202 199 198 200 201 203 207 202 194 191 188 187 188 187 188 185 183 180 178 177 176 175 175 178 174 175 177 174 184 187 182 182 185 185 183 176 174 180 183 179 172 175 180 182 179 171 173 175 174 170 167 165 166 165 163 164 164 157 155 156 158 159 159 158 157 158 156 156 155 156 156 156 155 155 154
221 224 226 221 211 209 209 207 204 203 206 204 202 197 194 197 192 197 208 210 207 208 209 210 212 210 206 198 195 192 193 194 189 185 183 180 179 178 178 181 179 174 175 174 172 171 173 179 179 177 174 180 183 180 174 173 178 182 180 173 170 174 178 173 169 167 169 169 167 165 164 163 162 159 159 157 156 156 157 158 157 160 158 158 158 156 156 157 156 157 156 155 154 154
216 215 221 220 212 205 210 208 206 199 197 195 197 193 192 191 191 195 208 214 209 206 205 200 201 200 202 203 198 193 190 191 190 184 184 180 181 184 182 178 176 180 182 179 173 174 171 170 170 170 170 173 177 175 175 172 173 174 176 172 168 169 168 167 166 164 163 164 165 162 161 159 157 157 156 156 156 156 156 158 159 160 158 158 158 159 156 157 156 156 155 154 153 154
221 212 214 210 204 204 210 216 212 205 199 194 192 193 192 191 190 195 204 208 203 201 198 193 194 199 202 198 194 195 189 187 185 183 182 181 183 185 181 180 178 183 184 179 179 175 172 172 174 170 170 170 172 168 171 170 169 168 169 169 166 165 166 165 165 163 160 161 165 164 162 159 160 162 159 158 156 156 156 158 160 160 157 159 159 157 157 157 156 154 155 154 154 154
222 214 206 203 201 205 216 223 221 212 205 196 194 192 190 191 189 190 197 202 200 201 197 191 198 201 202 199 193 190 189 188 186 187 185 184 186 183 184 186 183 182 181 179 177 176 174 173 171 168 171 168 167 168 168 170 171 170 168 167 169 167 163 164 163 165 162 160 161 161 158 159 164 165 163 159 155 156 157 156 158 158 159 158 157 158 158 158 156 155 154 155 154 155
218 213 201 200 200 209 220 221 217 213 208 198 196 194 190 188 187 187 191 193 193 197 197 189 188 191 193 194 197 195 191 191 188 190 190 187 188 185 187 187 185 182 179 177 177 177 174 172 169 171 173 169 169 169 166 165 165 170 167 163 163 164 163 162 165 170 164 162 160 160 161 161 166 167 162 158 155 156 156 157 157 157 157 158 157 158 158 157 158 156 155 154 156 159
214 202 198 198 203 214 221 217 211 207 205 198 192 189 188 189 185 188 189 189 192 193 189 186 186 190 194 197 199 198 195 195 192 190 194 192 190 188 188 186 181 178 177 176 175 173 173 174 175 176 171 172 172 168 165 165 165 166 165 164 162 163 166 167 169 167 164 161 162 162 164 166 165 165 166 157 155 155 156 156 156 156 156 156 156 155 158 158 156 154 154 155 158 157
201 196 196 201 209 215 218 212 205 201 196 193 189 186 185 184 185 183 185 184 187 188 188 185 191 195 197 202 199 202 204 200 195 194 197 196 193 190 186 184 180 179 179 180 178 178 178 176 176 174 173 173 171 172 169 167 166 164 165 166 165 164 168 170 168 167 166 165 167 172 170 168 166 168 167 159 154 155 155 156 156 157 155 155 157 158 159 158 157 155 155 156 157 160
197 194 196 203 214 218 210 206 199 196 193 189 188 188 186 182 183 182 182 183 181 179 182 182 188 191 191 195 194 202 208 203 200 197 199 198 198 192 189 184 181 182 181 178 180 184 182 176 176 175 175 174 174 179 171 168 168 166 169 169 166 167 170 169 169 168 171 171 172 176 173 168 167 166 168 162 161 158 155 156 156 156 155 155 154 156 158 156 157 158 157 156 160 163
197 194 195 202 213 219 214 210 203 195 191 192 186 186 183 182 182 183 181 180 179 178 180 180 183 186 191 194 190 198 201 199 198 198 196 191 192 188 185 183 186 185 180 179 180 181 178 176 178 176 177 177 181 177 170 172 168 170 174 172 166 172 170 170 173 171 176 174 177 175 171 169 167 164 165 161 158 155 155 156 156 155 155 154 152 153 155 155 156 156 157 158 159 161
195 194 194 199 212 216 209 208 204 198 190 189 185 184 182 181 181 180 179 179 178 177 177 177 181 182 188 189 188 193 199 198 194 196 195 192 188 187 188 186 190 185 181 179 181 180 179 179 181 180 181 183 180 176 173 171 170 174 173 171 171 175 173 175 177 175 178 179 176 172 171 170 166 162 162 156 155 155 155 155 154 155 155 153 154 153 154 155 155 157 156 156 159 158
193 192 195 199 207 212 204 201 197 195 190 186 184 182 181 182 178 179 180 179 177 176 176 177 177 178 180 182 184 192 196 191 194 200 201 193 190 190 191 189 190 186 185 182 183 182 182 181 183 183 182 179 176 177 174 170 174 178 176 171 173 178 177 178 178 177 176 173 171 169 166 166 164 163 163 156 155 155 154 155 153 154 154 154 153 153 153 154 156 157 157 157 159 160
191 192 197 199 199 206 205 201 199 194 189 186 183 182 181 180 180 179 178 179 177 175 175 174 174 175 178 180 183 187 192 188 194 194 196 201 195 192 192 195 192 190 185 182 185 184 182 180 180 183 184 181 179 175 172 172 173 177 174 173 176 180 179 178 175 173 172 169 167 167 166 164 163 160 159 157 155 154 155 154 153 154 155 153 153 153 153 158 157 156 158 156 161 162
189 190 195 200 199 200 200 200 203 200 194 186 182 181 180 179 179 177 177 178 176 175 173 173 172 174 176 177 182 188 189 186 190 195 199 202 203 202 196 192 190 187 185 186 187 187 184 181 181 183 182 179 176 175 174 174 177 176 177 178 181 178 175 174 172 172 170 172 171 169 167 166 166 162 158 156 155 155 154 154 153 153 153 153 153 153 156 155 156 159 158 159 161 161
190 190 191 200 201 199 195 196 203 203 199 188 182 180 179 177 176 178 176 176 177 174 172 173 172 173 174 176 177 181 183 189 194 200 201 198 202 203 195 192 189 189 187 190 192 187 184 182 185 184 180 177 176 177 174 174 180 178 181 181 177 179 179 175 175 175 172 174 175 173 171 169 164 160 159 155 154 154 154 154 154 154 154 154 154 153 154 156 157 158 157 157 158 159
188 188 189 197 202 200 192 194 199 198 193 193 191 182 178 177 176 177 175 173 174 173 172 172 172 171 173 176 176 182 187 190 195 200 200 195 200 205 200 195 193 191 188 190 190 186 184 185 185 182 180 178 179 178 176 177 182 179 183 184 182 181 178 176 177 177 174 177 176 171 169 167 162 162 163 155 154 154 155 154 154 154 154 154 153 154 154 156 159 159 156 158 160 160
189 187 187 192 198 198 196 189 193 192 188 191 190 188 185 181 178 177 175 174 172 173 173 175 170 170 172 176 183 189 192 193 189 192 192 191 199 205 206 197 194 192 193 192 188 187 189 188 184 183 181 181 182 178 180 183 184 186 189 188 184 184 181 180 178 176 176 176 173 171 172 166 163 165 165 160 158 154 154 154 154 154 154 154 153 154 154 156 157 158 155 155 159 158
188 188 187 187 192 192 194 190 185 183 181 182 181 182 186 185 183 180 174 173 172 173 171 171 171 170 172 174 183 189 191 189 188 184 188 195 201 207 208 200 196 195 194 189 190 187 190 188 186 185 185 184 182 180 181 183 187 192 189 186 187 185 182 179 179 177 176 173 170 174 173 168 165 166 166 166 162 158 156 155 154 154 155 154 154 153 154 156 158 158 155 154 158 156
195 191 189 188 186 185 190 191 183 180 180 179 178 177 177 177 181 181 176 175 175 173 169 170 170 170 169 172 178 186 191 184 183 184 189 196 198 201 203 198 201 197 197 194 194 188 190 190 186 184 188 185 183 182 184 185 188 193 190 183 182 180 178 176 176 173 173 170 170 169 168 165 166 164 166 166 163 162 156 155 155 154 154 154 154 154 154 155 156 157 156 155 157 156
202 198 191 186 186 184 183 183 182 181 181 178 177 177 176 176 176 176 176 175 177 172 171 170 170 169 169 171 173 177 179 181 182 190 194 195 193 193 197 205 208 201 197 194 193 191 192 190 189 188 192 190 186 185 187 190 191 192 184 181 178 177 176 176 177 175 176 174 175 172 168 168 167 166 166 164 163 160 157 156 154 154 154 154 155 155 154 153 156 158 158 157 156 157
207 200 191 187 187 184 183 184 182 181 180 179 178 177 177 178 176 175 175 175 174 173 174 172 172 170 169 168 170 172 175 178 181 188 192 187 186 193 202 209 213 209 198 193 194 196 195 194 194 192 195 193 188 187 189 189 189 187 183 180 178 177 175 176 177 177 179 178 177 174 171 167 165 165 164 163 163 162 159 158 155 154 155 156 155 154 154 154 157 156 156 156 157 156
206 201 199 192 188 184 185 184 181 180 180 179 178 178 178 179 178 177 177 174 173 173 172 171 170 169 168 168 168 170 173 176 178 185 185 184 192 199 201 203 207 208 200 198 195 197 201 202 196 193 195 191 188 189 191 187 184 181 181 179 177 178 175 178 176 174 176 175 175 173 170 165 164 167 168 165 163 162 156 155 155 153 154 153 154 154 155 155 154 154 154 155 155 155
209 204 195 187 186 189 186 185 182 181 181 180 180 180 179 178 176 180 182 178 174 173 171 170 170 169 168 167 168 168 170 170 178 177 176 185 194 193 194 199 205 201 198 200 200 204 209 210 200 197 193 192 193 191 189 186 189 187 182 179 178 178 177 176 176 175 173 172 169 167 166 167 166 168 167 166 165 159 154 155 155 155 153 153 153 154 155 154 154 155 155 156 155 155
204 203 195 190 189 186 187 187 182 183 185 185 185 182 179 180 178 177 179 179 179 178 175 171 171 169 169 167 167 166 166 170 172 172 180 184 187 187 194 200 203 195 198 198 199 211 218 219 207 202 197 194 196 195 191 188 191 189 183 182 182 179 178 179 178 178 175 172 171 169 167 167 165 166 168 165 163 157 154 155 156 154 154 153 153 154 155 154 154 155 156 155 157 156
203 199 192 187 186 182 181 183 181 182 184 186 186 185 183 183 182 178 175 174 174 173 174 171 171 169 169 168 166 166 165 169 169 172 175 179 185 193 198 202 201 194 195 198 207 210 215 217 210 209 206 199 197 193 192 191 187 186 185 187 184 182 184 179 182 181 177 173 171 170 167 167 165 166 165 164 161 157 154 155 154 153 152 152 153 154 155 154 156 155 155 155 154 154
202 193 189 187 187 186 181 180 180 180 179 179 182 186 186 185 184 180 177 178 175 172 170 170 171 168 169 166 169 167 165 168 171 173 177 177 180 191 192 198 195 190 197 205 214 219 215 207 202 208 215 211 203 198 196 195 191 189 190 189 187 189 189 186 187 185 182 181 176 173 170 168 166 165 164 163 163 160 156 154 153 154 152 154 156 155 154 155 157 157 155 154 154 154
199 191 189 187 185 184 180 179 179 178 178 178 180 183 185 183 183 181 180 178 175 173 170 169 168 168 169 166 165 166 165 167 169 170 173 175 178 183 190 193 186 188 185 201 205 213 214 207 197 202 214 215 208 210 209 204 197 198 198 196 197 198 195 192 193 194 191 186 181 177 172 171 167 165 162 160 160 162 162 161 157 158 153 154 153 154 157 155 157 156 156 154 153 154
202 193 188 186 185 183 181 179 181 179 179 178 178 178 184 184 182 179 179 177 175 171 170 169 168 167 167 167 166 167 164 165 166 166 170 171 175 181 187 187 189 194 191 196 204 212 212 202 192 199 208 211 212 213 213 209 202 206 203 204 202 203 202 201 201 200 199 191 184 180 175 171 167 164 162 163 168 165 164 163 160 157 154 154 153 153 155 153 154 155 155 154 153 153
195 191 186 185 185 183 182 180 178 181 182 182 178 176 178 183 180 180 179 177 176 174 173 170 169 168 167 166 166 167 164 164 165 165 166 169 172 175 179 184 192 199 205 208 210 211 205 195 189 195 200 207 210 209 209 205 202 204 204 201 198 203 209 209 201 206 203 195 189 186 182 178 166 164 162 165 164 164 163 161 155 154 154 153 152 153 154 154 155 158 158 156 154 154
189 186 185 184 184 184 183 183 181 178 180 184 185 182 175 179 185 183 180 179 180 177 175 172 169 168 167 167 165 165 164 164 165 165 167 169 171 173 178 186 191 198 204 209 205 207 200 190 190 199 203 200 205 204 201 200 198 198 199 197 198 197 203 205 202 204 201 198 195 191 186 178 171 166 162 163 162 163 160 158 154 153 153 152 152 153 155 155 154 156 159 156 157 155
186 186 184 183 183 182 181 182 182 181 177 180 186 182 176 182 185 186 184 184 184 178 175 173 168 167 167 167 167 166 165 165 164 164 165 170 171 172 176 181 186 192 198 201 197 201 196 188 190 198 198 193 198 201 196 196 193 194 195 192 195 189 197 200 195 195 192 193 191 189 188 180 172 169 160 158 157 159 156 155 154 153 154 153 152 154 154 153 154 154 156 157 157 156
186 185 183 182 182 181 179 179 180 178 176 177 181 182 176 180 186 186 181 182 185 182 179 174 171 168 167 165 165 163 164 162 163 162 165 168 169 169 174 178 183 187 192 195 191 195 191 184 194 198 197 188 189 196 193 188 188 192 195 192 196 192 189 191 188 188 183 185 184 181 181 178 178 173 161 156 154 155 154 154 154 153 153 154 154 154 152 153 154 153 155 154 156 156
185 184 183 182 182 181 180 179 177 176 175 175 174 175 173 176 181 181 183 182 183 184 183 175 172 170 168 166 165 164 162 163 162 163 163 165 166 168 169 175 176 181 187 192 186 189 186 186 195 193 194 185 185 187 184 183 183 188 188 188 190 187 181 178 182 177 174 174 177 175 173 174 176 172 163 155 154 152 152 153 153 153 153 153 153 153 153 154 152 153 153 154 155 155
183 184 182 182 181 182 179 178 179 180 180 179 175 171 172 172 174 175 179 183 180 182 183 177 174 171 168 167 164 163 162 162 162 161 161 164 165 167 167 169 171 177 183 187 185 184 179 191 192 195 184 178 178 178 177 179 181 180 180 179 184 183 179 173 176 173 168 168 173 169 169 172 172 169 164 160 153 152 152 151 153 153 153 152 153 152 152 153 152 153 152 154 153 152
182 181 183 182 185 183 180 179 183 182 180 176 175 175 172 169 169 171 176 182 175 179 180 179 179 175 173 167 165 163 162 162 161 162 161 163 164 164 165 167 167 172 176 180 181 177 179 190 188 187 178 175 176 173 172 173 175 172 172 178 181 176 174 168 168 169 165 165 166 167 168 169 168 167 166 158 153 152 157 154 156 152 153 152 152 151 152 152 151 152 151 152 154 153
180 179 181 181 186 187 182 181 181 181 180 178 178 178 174 171 170 168 170 176 175 174 178 180 179 179 175 169 167 162 161 162 162 163 161 161 163 162 163 164 165 168 172 177 179 175 179 185 179 180 177 173 173 170 168 168 171 171 176 180 181 176 167 166 166 166 165 161 165 169 168 166 162 162 162 155 153 152 153 153 155 153 152 152 151 151 151 151 152 151 153 154 154 154
