DEM/DEM18.asc
ncols 800
nrows 800
xllcenter 720150.000000
yllcenter 1520150.000000
cellsize 300.000000
nodata_value -9999
[rows 168 to 209 of 800, columns 95 to 189 of 800]
157 150 147 145 140 138 137 131 128 126 124 124 121 121 120 118 116 117 118 136 170 273 381 337 290 270 256 262 301 302 320 318 315 316 317 316 315 314 313 317 325 323 325 316 307 308 300 295 292 288 294 307 324 306 309 295 290 283 272 271 282 278 268 275 284 280 281 283 286 286 280 274 270 269 267 266 264 267 262 260 258 251 248 244 241 238 239 237 236 236 235 235 243 244 247
156 148 145 143 138 136 133 128 126 124 121 121 122 120 117 115 117 115 118 141 188 298 375 323 301 277 251 264 291 321 323 320 317 323 351 353 334 323 327 329 324 322 323 315 305 303 301 295 296 294 297 300 312 302 299 302 297 288 275 273 283 277 273 277 285 286 289 291 288 280 277 277 275 279 275 268 259 260 258 257 254 251 246 245 242 237 236 237 235 235 235 238 238 239 245
155 145 142 140 137 136 134 129 125 123 120 121 119 117 116 115 113 115 120 144 201 314 360 323 289 257 260 293 320 332 324 325 327 345 370 377 387 372 340 330 329 330 330 318 307 306 301 301 298 292 291 290 298 298 286 293 291 282 275 278 286 279 276 279 289 294 295 289 286 283 285 290 288 286 278 266 259 257 255 252 250 249 245 245 242 241 239 237 236 235 233 232 237 242 242
155 144 140 141 137 135 133 132 131 127 126 122 119 117 119 115 113 114 122 156 207 332 337 298 264 245 276 303 321 325 328 333 355 382 380 370 371 407 393 337 328 327 323 314 307 305 299 297 295 290 295 289 289 287 284 282 285 282 275 278 285 283 281 287 296 301 296 292 291 287 290 293 290 283 275 269 268 261 254 255 252 248 246 244 242 239 239 237 237 234 234 232 235 239 239
155 146 140 138 135 132 131 131 130 125 123 121 120 120 116 117 113 113 129 167 235 348 317 269 244 252 306 334 344 346 344 357 381 378 371 364 360 373 403 355 331 325 323 315 307 301 297 294 294 293 292 287 286 288 295 287 299 288 277 278 288 286 289 297 296 298 296 293 290 288 288 286 282 279 272 272 271 263 261 264 259 252 249 245 243 242 240 240 236 233 232 232 233 236 241
154 144 139 135 138 132 129 128 128 128 123 122 119 117 114 114 113 114 131 181 257 371 304 248 223 248 304 385 462 456 427 406 382 368 361 355 352 355 366 360 348 333 325 313 306 301 296 296 301 293 291 295 297 299 293 297 304 290 283 279 288 291 302 298 292 287 284 286 283 285 283 283 278 273 270 266 264 268 269 261 255 251 246 243 241 240 239 236 235 234 232 234 234 234 241
157 141 136 132 134 134 129 126 122 126 131 128 124 123 111 110 111 113 132 188 267 369 288 232 229 250 297 397 542 568 519 479 433 372 353 347 349 356 347 355 360 336 328 318 311 302 298 297 304 297 302 302 297 294 298 310 304 293 284 281 285 290 303 302 296 292 289 284 280 279 281 285 282 272 270 267 263 259 263 258 253 247 245 243 241 241 239 240 238 235 234 232 232 233 240
156 141 136 131 130 132 128 127 124 120 125 132 127 115 109 108 112 112 133 172 256 359 278 225 216 235 276 356 472 589 609 589 511 412 353 339 346 353 342 346 345 336 327 323 312 303 300 303 308 302 310 305 302 302 321 317 305 294 283 286 289 294 300 296 292 292 294 289 287 280 273 277 280 268 264 265 261 257 260 254 250 247 244 243 242 240 240 238 236 235 233 233 233 233 234
156 138 133 129 128 129 126 123 121 119 118 117 115 111 110 109 110 110 122 169 238 341 267 210 206 224 245 298 388 514 598 600 573 437 377 352 326 334 334 332 336 333 326 319 316 305 300 305 312 307 308 304 301 315 335 320 305 293 285 291 300 294 295 295 291 287 286 281 279 278 270 267 272 264 261 262 262 259 254 254 248 247 246 243 243 240 241 239 237 236 233 233 232 232 234
156 139 134 130 126 125 128 126 121 119 116 112 111 109 108 109 108 109 112 149 223 321 254 199 204 223 229 272 347 445 513 559 571 474 388 345 309 306 321 325 334 335 329 322 315 305 301 306 315 310 311 309 308 316 336 323 309 299 293 295 301 290 288 289 293 289 284 282 278 273 268 266 264 262 261 259 258 258 254 251 249 247 246 248 245 241 242 242 238 240 238 233 232 230 231
155 138 136 131 125 123 123 126 124 121 120 115 113 110 108 109 109 106 109 132 200 302 242 194 187 213 240 260 298 374 439 474 490 500 406 346 296 291 318 323 336 334 327 326 319 306 305 310 316 314 320 318 323 336 339 326 314 302 296 293 295 291 285 283 289 285 281 280 276 271 265 265 266 268 262 264 260 259 259 260 257 254 252 253 249 247 247 245 242 246 243 235 235 234 231
154 143 136 132 127 124 121 122 123 122 120 117 114 115 112 109 108 106 107 124 176 279 226 188 188 220 250 247 242 281 326 362 381 400 365 332 300 259 292 317 330 321 317 333 321 309 310 309 316 320 325 330 349 347 336 325 315 304 296 290 289 290 288 283 281 279 277 273 274 273 271 276 276 278 270 271 267 268 263 260 258 255 251 252 247 248 248 249 248 246 242 236 236 234 231
149 140 136 130 129 123 120 119 118 117 121 120 117 115 111 107 108 105 107 113 163 264 218 176 192 238 253 240 229 212 227 243 253 285 310 310 281 237 259 281 262 278 291 331 321 320 320 315 316 324 337 328 322 326 322 326 318 304 291 285 282 286 288 289 286 282 283 283 285 283 280 282 280 278 271 267 269 267 265 254 249 248 246 245 244 243 242 244 243 244 239 237 238 235 232
144 137 135 133 129 128 124 117 117 114 119 120 118 115 112 110 109 104 106 107 141 253 214 175 178 221 248 237 238 212 200 199 198 212 238 276 246 219 230 228 222 236 266 324 327 331 328 322 318 319 334 324 316 317 312 309 310 307 296 287 281 282 285 294 289 287 286 288 284 281 276 277 275 270 273 265 260 258 256 252 247 243 242 242 241 243 241 239 237 240 239 240 243 235 234
141 136 135 129 124 123 122 121 117 115 119 119 115 116 114 110 110 107 105 106 129 237 207 172 174 215 252 249 230 204 192 192 193 193 204 218 209 204 209 214 231 265 292 313 325 322 326 325 322 315 324 329 328 326 323 327 326 313 296 289 280 277 282 288 288 283 285 290 284 279 274 271 267 265 270 268 262 256 252 246 243 243 241 241 239 240 240 239 238 236 234 236 234 233 234
141 132 129 125 124 121 119 116 114 112 114 115 117 112 112 109 108 105 103 103 128 219 184 163 188 245 313 295 234 200 198 186 189 188 193 189 194 216 231 259 290 318 340 336 332 316 315 313 314 313 311 323 344 347 344 329 318 311 299 285 277 274 274 278 279 276 283 289 284 278 276 269 262 260 265 262 261 256 250 247 242 243 242 243 243 241 238 238 237 236 235 234 234 233 233
143 132 132 125 121 120 119 117 113 111 111 115 116 111 110 109 108 105 104 105 148 235 187 164 194 254 279 240 205 190 187 185 187 187 189 194 205 250 279 288 299 311 336 341 334 316 310 309 308 305 311 308 319 341 347 335 317 302 294 286 279 273 271 274 275 273 279 284 280 278 276 271 260 257 260 256 251 250 247 246 244 245 244 243 241 240 239 237 237 238 234 234 232 233 232
149 133 128 125 121 119 116 116 115 112 109 109 112 110 107 108 104 104 104 108 162 257 190 162 182 209 222 202 195 190 185 185 186 188 190 196 249 293 314 315 316 315 329 335 328 315 310 307 303 303 307 304 313 338 348 331 319 303 292 286 276 276 276 272 269 271 272 277 278 272 264 265 260 258 258 253 254 251 246 244 245 248 245 244 246 249 247 240 237 235 235 234 234 233 234
160 131 131 125 120 117 113 113 111 110 108 108 112 109 105 105 102 103 101 107 162 249 185 163 179 184 193 189 183 183 184 193 199 202 208 235 277 295 301 310 330 331 328 331 322 314 310 307 305 303 300 300 304 325 322 322 319 304 288 277 274 278 280 274 271 267 268 268 272 271 262 261 261 259 261 256 253 253 253 251 249 249 248 247 246 245 242 237 237 236 236 235 234 233 237
152 129 127 125 115 114 112 110 109 107 107 109 109 107 104 104 101 101 103 106 139 226 176 169 177 176 188 189 179 179 188 216 239 246 247 274 297 294 308 318 330 334 330 330 324 317 313 309 308 306 298 298 298 302 303 303 308 299 282 277 278 282 280 278 274 273 275 267 267 268 263 264 264 261 257 254 258 259 259 257 252 247 244 244 242 237 238 239 238 237 235 237 237 236 241
159 131 125 120 116 113 111 108 108 107 105 105 108 106 107 103 102 102 102 102 113 191 167 159 168 179 183 184 175 176 188 231 245 263 276 292 299 307 311 324 327 327 324 327 323 318 314 315 310 306 304 302 300 299 297 300 295 288 282 280 281 288 284 284 286 284 278 271 266 264 268 269 265 260 260 265 263 259 255 252 248 245 244 242 240 238 239 238 238 237 238 238 239 242 250
172 132 127 122 117 115 115 111 110 106 105 103 104 103 102 101 102 102 102 108 123 210 181 160 162 170 179 184 174 173 183 222 241 260 276 286 284 298 306 315 318 322 325 326 325 322 324 328 314 310 312 316 315 305 310 315 306 293 282 281 285 290 291 287 286 287 280 270 267 270 273 271 265 267 266 267 263 259 253 249 249 249 244 242 239 238 242 240 240 239 240 243 242 247 249
162 133 124 123 124 117 119 115 111 109 106 103 101 102 101 99 99 102 109 115 111 172 152 143 152 142 172 182 174 172 179 220 243 268 277 269 277 285 298 306 315 322 324 326 331 334 334 322 313 314 325 331 324 315 336 324 306 290 282 281 288 297 293 283 278 277 274 268 273 278 276 271 267 271 272 270 265 258 254 252 251 250 244 243 241 240 241 243 242 242 241 243 246 249 250
188 134 127 126 124 119 115 114 112 109 107 104 103 102 100 98 99 101 103 107 110 137 151 141 137 140 163 171 175 184 193 237 264 271 265 267 277 293 303 315 319 318 322 328 342 340 329 322 315 322 343 345 339 340 334 319 306 293 286 283 292 298 289 284 281 279 275 273 278 280 275 271 270 274 271 268 264 262 257 251 249 247 243 242 241 241 241 244 244 244 244 246 247 250 252
212 139 130 125 122 117 115 112 110 110 107 105 104 102 100 98 98 101 101 102 124 195 171 162 149 156 182 181 180 215 220 236 253 261 255 260 273 293 299 310 313 317 333 349 347 338 330 320 317 327 334 349 352 334 325 309 298 292 285 285 294 297 287 286 282 276 277 281 283 279 277 272 274 276 274 269 266 262 256 256 252 247 243 243 241 241 241 244 245 247 247 249 251 252 253
201 140 130 125 120 122 117 116 112 110 108 107 106 104 104 100 96 99 102 103 148 225 199 177 168 175 186 183 199 227 235 244 259 266 265 260 279 290 302 309 313 318 340 356 350 344 331 321 322 331 332 347 357 349 337 320 307 292 287 288 297 298 289 283 281 279 284 286 285 281 277 278 278 272 271 265 262 261 256 253 250 247 244 244 243 242 244 245 247 249 249 249 251 250 250
174 139 131 127 125 124 120 116 112 111 109 107 105 101 101 101 99 100 101 104 165 233 218 186 182 187 191 193 205 226 240 261 269 286 281 277 282 294 304 316 323 342 349 352 347 338 330 326 330 327 331 338 349 344 331 320 306 292 291 292 298 295 289 284 281 282 289 290 288 282 275 275 271 266 265 262 259 257 255 250 248 247 246 245 246 244 244 246 248 251 251 251 251 251 248
161 145 134 128 125 124 119 117 114 112 109 106 103 101 99 102 99 99 99 106 168 239 217 191 196 195 202 200 214 219 238 259 270 296 315 297 292 300 318 334 343 352 345 344 342 334 328 328 328 323 329 324 345 347 329 315 306 292 293 299 296 289 286 285 292 287 292 293 288 281 277 273 270 269 266 264 260 259 259 256 254 247 246 245 246 244 246 247 251 253 252 253 254 253 252
166 147 135 126 122 122 118 117 114 112 109 105 103 100 99 98 97 98 98 108 172 245 223 200 196 201 204 202 209 215 238 252 258 290 332 331 328 321 328 345 348 346 342 338 338 332 324 325 323 320 325 318 321 321 320 311 304 294 302 306 295 290 288 289 294 288 296 296 290 283 277 271 274 272 269 268 265 265 261 256 253 247 247 247 247 247 250 249 250 253 257 257 256 252 250
183 147 132 123 122 121 119 117 114 109 107 105 102 100 98 98 98 97 97 106 168 248 227 215 208 203 202 200 204 216 238 247 250 267 310 330 330 329 333 336 329 340 343 337 335 329 323 321 321 320 319 316 312 311 318 313 301 295 297 305 295 296 293 301 297 299 298 295 288 282 276 277 277 274 271 270 267 262 259 253 249 247 247 248 249 249 250 251 253 256 259 258 255 253 251
180 147 131 122 118 116 115 112 113 111 107 104 103 99 99 97 97 95 95 102 163 250 224 231 215 206 200 204 208 211 225 241 250 265 302 326 325 322 325 327 320 315 331 339 334 327 327 322 319 322 321 319 319 330 338 318 301 295 299 307 298 302 301 305 299 298 291 289 283 282 282 278 272 270 267 265 262 258 255 251 249 247 249 251 253 253 252 252 256 261 258 256 254 250 248
159 140 128 121 117 115 112 111 109 109 108 105 105 99 97 96 96 97 96 101 150 235 224 236 219 209 201 199 203 209 220 240 255 287 316 330 322 315 315 318 310 298 304 329 333 327 327 325 324 327 321 332 335 346 337 316 302 299 298 307 304 307 308 300 296 292 288 287 287 289 283 279 273 273 269 264 259 257 253 251 252 249 249 253 253 256 255 254 256 260 258 256 254 252 249
145 134 128 123 121 116 111 108 106 106 105 107 103 100 99 96 96 97 94 96 118 200 222 238 221 205 199 202 200 211 223 242 256 289 309 321 318 308 303 313 302 292 293 308 322 321 324 327 329 332 327 344 365 360 336 317 305 303 302 308 313 315 313 303 300 293 294 297 295 288 282 279 278 279 275 266 261 260 257 254 252 251 249 250 252 259 260 260 257 260 260 257 254 252 250
134 128 125 124 122 116 113 110 105 103 103 103 106 104 100 95 93 95 95 94 103 152 210 235 218 208 201 205 207 212 218 238 251 281 310 312 313 304 294 302 288 288 293 298 321 318 316 322 330 339 350 364 360 356 338 320 308 307 307 311 319 320 311 304 300 296 305 303 293 287 286 282 279 281 278 271 268 265 258 253 252 251 249 251 253 256 258 259 261 262 259 254 254 252 254
132 125 120 121 120 115 113 110 108 104 102 101 101 104 100 95 95 93 93 93 99 171 214 243 219 215 210 208 212 216 224 245 262 298 312 307 305 297 279 280 286 286 299 309 319 311 307 316 325 337 354 353 341 340 333 320 310 312 309 316 319 321 317 313 303 301 312 302 293 292 286 281 276 272 272 267 266 262 259 254 255 252 251 252 252 254 255 259 264 263 259 258 257 254 255
130 125 120 118 117 115 112 107 105 103 102 98 98 98 98 95 95 95 93 96 100 170 206 231 219 203 206 208 221 223 236 261 289 314 308 299 301 291 284 273 282 278 292 309 317 310 303 309 314 327 343 359 360 351 337 321 311 315 316 321 319 318 320 319 311 310 307 299 296 291 283 277 274 269 267 266 263 259 258 259 254 253 255 254 252 255 258 260 263 262 262 259 258 256 259
130 125 120 120 114 113 110 107 105 103 102 100 99 96 96 92 94 95 93 96 95 144 190 216 218 185 192 199 207 226 254 273 280 307 304 296 285 283 283 272 269 271 286 300 307 307 300 303 308 321 331 350 366 352 340 321 314 318 322 323 323 319 318 319 312 309 300 293 288 284 281 282 276 269 273 273 265 259 264 265 255 257 258 254 254 257 259 261 264 264 262 258 258 261 261
133 126 122 121 115 113 110 106 106 105 102 102 100 96 94 93 93 93 93 92 92 130 187 191 200 182 179 189 201 226 255 264 274 296 306 299 280 279 274 271 263 270 280 288 294 302 296 300 309 317 323 340 358 355 343 321 317 326 324 321 322 319 315 317 309 303 298 292 289 286 286 288 279 275 277 272 266 263 264 259 255 258 256 255 257 257 259 262 265 266 262 260 261 265 262
131 124 122 120 114 113 112 108 106 103 102 101 101 99 97 93 91 90 92 91 92 108 154 164 195 180 168 176 178 208 240 260 267 283 299 287 273 267 266 257 268 268 265 281 294 294 296 311 316 323 325 350 371 362 344 327 321 327 324 319 315 314 312 312 311 310 305 299 297 295 296 293 286 284 280 274 265 266 264 259 259 261 255 258 259 259 263 264 267 266 263 264 263 262 266
129 123 122 118 114 111 109 107 104 101 98 97 97 96 96 93 90 89 92 93 94 100 152 175 200 177 164 167 163 176 234 246 255 269 300 288 248 234 250 238 242 239 263 278 284 279 296 308 314 321 330 352 371 362 346 329 324 326 323 319 317 316 313 310 308 306 306 307 308 307 301 293 285 279 277 271 269 269 267 265 263 259 257 260 263 263 262 265 268 266 266 267 265 263 267
131 124 123 117 112 110 106 107 105 102 98 96 94 94 95 93 90 90 90 91 94 107 199 222 205 173 159 158 153 157 208 255 253 263 292 280 234 221 226 227 232 242 250 272 270 286 297 300 309 323 330 351 364 360 347 334 329 331 329 324 323 325 318 313 311 309 306 304 306 308 305 295 286 278 278 272 274 274 270 266 263 257 258 260 263 263 264 265 268 269 269 270 270 268 267
127 121 121 117 114 108 106 103 102 101 98 94 93 91 93 93 90 90 90 92 92 104 195 263 208 177 158 153 145 146 213 269 258 254 268 251 224 221 224 234 245 266 278 269 284 301 299 305 313 324 327 345 362 360 344 335 329 328 328 318 320 323 321 316 315 313 313 308 302 303 305 299 287 285 284 277 274 271 267 265 261 258 259 259 261 264 267 267 269 272 273 276 278 269 270
