DEM/DEM11.asc
ncols 800
nrows 800
xllcenter 240150.000000
yllcenter 1760150.000000
cellsize 300.000000
nodata_value -9999
[rows 525 to 559 of 800, columns 711 to 789 of 800]
229 220 222 217 214 220 224 223 223 219 218 218 221 224 230 234 229 229 236 240 243 255 296 321 307 300 300 306 323 388 445 455 474 457 443 450 433 419 438 495 501 469 465 493 504 529 556 543 580 623 666 671 661 702 689 680 709 816 849 802 723 694 693 719 798 857 866 842 884 910 819 756 697 591 624 586 511 520 496
239 229 224 223 218 224 225 227 225 220 219 219 221 223 225 230 231 233 235 240 245 250 271 307 306 298 286 279 301 362 443 515 572 570 508 543 484 443 434 466 526 515 477 491 515 550 581 600 566 614 680 737 710 728 729 694 701 794 892 843 756 704 727 722 829 886 884 875 885 859 756 703 639 654 717 629 542 550 521
235 233 230 229 222 221 223 226 228 223 220 223 223 225 226 228 229 232 236 238 244 246 256 280 315 273 263 278 299 331 397 479 586 587 586 579 514 462 449 447 488 518 489 481 511 546 607 609 555 620 678 757 799 794 791 729 706 793 895 888 805 774 758 740 798 884 901 900 884 853 837 776 677 719 677 650 616 536 545
232 228 230 224 223 225 227 227 231 224 220 221 224 225 225 227 231 234 235 237 241 245 266 302 287 258 286 301 312 319 377 426 471 514 600 571 558 518 501 474 470 514 520 486 500 551 591 598 562 581 650 708 766 801 833 772 753 776 862 856 791 799 763 755 772 843 832 831 878 899 831 734 727 721 700 725 624 598 556
235 225 225 223 223 223 225 223 227 222 220 221 224 225 225 227 232 234 236 235 238 246 253 260 254 284 311 337 320 320 356 396 442 442 473 487 515 501 530 542 516 507 542 526 512 573 597 610 564 557 594 651 710 776 813 836 827 837 853 808 775 755 749 746 760 803 843 778 843 898 875 761 769 784 759 728 670 589 586
226 221 227 227 222 222 222 220 219 220 220 221 222 226 229 230 233 234 236 237 239 244 243 250 265 285 309 350 351 334 352 362 392 410 414 416 435 455 477 544 565 551 550 541 533 578 649 639 583 577 595 643 707 756 821 869 908 895 853 833 800 758 748 739 745 779 820 790 788 819 841 823 824 841 778 770 712 629 663
214 223 233 226 219 218 218 219 217 222 221 219 221 225 228 229 232 235 232 236 241 242 248 249 256 279 322 345 356 343 375 356 368 392 421 435 432 451 464 497 560 611 601 570 555 559 663 681 608 596 605 629 702 750 797 846 882 889 820 846 809 763 757 736 734 747 764 822 749 767 778 859 854 818 812 800 749 705 679
219 233 232 218 215 215 216 214 215 220 218 219 224 226 229 231 231 232 233 237 236 239 245 251 262 275 304 343 368 365 382 373 381 405 439 449 441 462 472 485 514 560 609 576 576 583 613 649 649 643 639 637 658 698 753 789 836 880 825 807 783 753 739 734 725 728 730 768 730 733 756 804 825 803 735 731 726 723 707
212 232 227 216 211 213 213 214 219 228 218 220 224 229 231 229 230 231 232 232 234 237 248 262 264 289 302 344 376 365 368 386 386 412 449 464 444 477 489 500 513 523 548 555 568 586 628 641 659 687 685 659 664 664 714 766 820 871 828 802 756 743 737 737 751 727 723 788 783 757 728 746 738 735 753 795 779 785 707
206 217 216 211 209 211 213 218 223 226 217 221 221 226 228 228 229 228 230 232 233 237 247 252 270 310 342 330 342 353 371 391 386 388 428 459 463 456 485 506 514 525 535 551 560 587 617 680 655 659 707 669 673 700 714 771 810 840 817 824 756 739 745 740 782 752 723 756 828 781 757 737 781 791 755 812 824 763 749
211 209 208 210 212 210 214 219 229 229 218 218 219 224 228 224 227 228 231 232 234 241 242 256 287 328 335 308 332 361 364 372 364 383 414 416 447 469 483 505 516 522 533 549 575 598 626 657 663 658 665 681 697 701 701 735 773 832 803 812 769 746 763 778 810 789 738 737 775 803 771 749 763 825 850 840 814 774 762
208 207 205 215 221 214 218 220 229 225 218 216 220 225 227 226 227 228 229 231 234 237 243 252 277 286 290 309 331 358 348 361 386 413 402 412 429 463 486 510 520 526 538 555 581 614 634 641 659 661 671 669 689 723 728 726 786 808 817 784 791 769 777 815 886 835 739 735 751 809 780 762 764 816 873 859 794 815 816
207 209 208 212 221 218 220 222 223 219 215 216 223 224 226 227 227 228 228 231 233 240 247 260 267 281 296 308 331 338 344 368 389 404 407 418 450 463 488 513 518 526 540 564 584 602 627 680 684 675 677 691 670 681 711 721 741 774 814 797 810 762 754 811 793 749 733 740 745 776 800 780 786 891 884 820 801 869 879
209 209 207 215 213 210 216 220 218 217 214 217 220 221 225 225 228 228 231 233 234 244 258 260 274 287 293 326 354 350 353 389 413 441 452 448 457 469 495 515 518 527 546 565 583 608 634 677 669 667 683 693 684 681 689 699 707 733 755 782 795 764 742 743 737 733 735 743 753 774 814 804 785 880 897 854 822 899 872
212 215 211 209 208 206 211 217 218 218 214 218 220 220 225 225 227 230 231 233 235 240 246 261 260 274 284 308 376 392 364 404 443 430 431 426 441 467 509 524 522 528 552 565 580 615 645 667 680 689 684 691 693 685 684 691 694 702 718 734 756 788 759 750 749 740 738 743 749 761 795 826 801 849 888 888 862 948 907
214 216 213 212 217 210 213 219 214 214 214 218 218 222 225 224 226 230 230 232 235 242 249 260 279 311 294 296 350 401 382 392 426 413 415 445 454 476 490 516 526 528 552 564 584 626 645 676 691 671 668 689 703 714 693 688 691 697 703 718 730 744 762 767 758 746 740 740 749 761 795 811 836 865 918 920 938 939 863
218 217 211 211 220 216 224 223 214 213 217 218 222 222 222 224 226 227 229 233 234 238 250 273 290 309 333 314 340 399 397 387 393 409 411 429 445 464 494 514 530 525 542 559 581 623 662 699 676 667 670 692 710 714 704 693 701 711 723 724 746 763 770 769 768 751 749 759 767 764 818 853 846 793 827 906 876 912 914
217 210 213 214 220 221 219 221 219 214 214 218 221 220 219 224 226 226 228 229 230 239 260 267 281 279 303 314 351 415 409 398 417 431 431 442 461 471 491 516 541 528 539 570 586 620 665 702 746 717 681 712 715 709 707 699 709 724 731 745 737 743 750 783 780 766 752 759 777 769 794 811 823 786 778 819 869 826 830
211 211 211 219 220 221 219 219 222 214 215 220 218 221 222 225 226 230 229 227 230 237 251 255 265 285 288 312 371 440 426 399 404 425 449 466 484 483 486 513 536 534 537 563 599 623 640 672 744 732 688 710 703 711 711 711 711 711 714 722 735 758 756 769 763 755 751 762 759 777 796 794 776 769 758 783 835 792 783
218 217 209 211 217 217 212 216 217 213 214 216 218 218 218 221 223 225 226 228 231 236 244 254 273 303 302 314 384 460 412 403 407 424 458 486 497 500 505 515 539 535 541 552 590 634 667 687 698 681 680 690 694 703 702 711 716 722 731 740 741 744 749 766 768 765 765 770 767 776 819 818 801 785 778 759 772 793 785
218 217 210 209 210 209 211 212 213 212 216 220 217 220 220 217 222 224 229 233 235 244 249 252 274 308 318 324 382 437 409 408 410 420 463 491 498 501 507 520 537 540 541 545 590 643 681 666 663 673 671 676 679 685 689 693 704 713 742 783 781 741 749 759 767 774 777 780 779 789 857 890 881 858 817 768 790 835 833
226 219 215 212 208 209 212 212 213 212 221 220 215 219 225 222 225 229 227 232 241 253 255 260 276 308 321 327 379 434 413 415 415 426 459 488 498 498 509 516 543 553 553 571 620 647 652 655 669 669 672 676 680 692 714 730 748 730 780 795 795 761 748 751 762 785 792 793 816 841 910 984 992 944 874 796 770 785 852
234 229 222 223 213 210 211 212 213 216 216 216 223 221 219 219 224 229 231 233 239 249 257 260 272 294 304 333 398 455 428 442 436 431 447 471 488 523 563 559 550 576 595 586 615 644 657 656 659 666 678 692 704 706 717 724 732 732 776 789 852 763 743 754 767 780 813 841 912 935 969 1001 1013 939 872 820 787 770 792
237 232 224 227 214 210 211 210 215 216 221 223 227 227 226 226 225 229 237 238 236 245 257 265 272 297 301 320 372 406 443 505 506 483 457 462 489 534 563 603 619 619 606 594 608 644 657 663 674 686 698 715 706 705 713 722 716 722 739 806 834 738 742 752 775 796 854 970 1002 962 909 910 947 902 846 828 812 780 777
235 232 225 225 220 217 213 209 218 222 218 220 221 220 225 230 231 231 234 238 238 251 257 266 282 299 307 332 392 426 427 506 550 548 509 510 542 565 558 561 601 624 606 607 612 645 670 670 682 690 692 698 698 703 712 713 705 724 740 776 753 725 737 755 801 853 924 1057 1047 953 881 846 879 885 840 843 825 816 810
239 237 230 222 225 219 211 213 217 222 218 222 221 225 227 229 229 232 235 238 243 250 256 266 277 282 296 343 441 516 479 510 557 585 588 593 616 626 610 607 582 596 619 637 657 669 689 669 680 697 701 693 685 689 699 699 705 716 715 728 730 740 745 760 833 899 1007 1080 1004 931 878 832 823 871 869 875 860 865 849
-9999 -9999 -9999 217 219 218 212 209 212 214 223 222 224 225 230 230 232 233 234 236 244 250 257 265 270 284 302 383 483 492 519 548 550 563 607 580 621 622 598 605 591 587 641 665 674 669 671 678 693 699 701 697 693 692 694 698 701 703 711 728 744 736 748 766 821 886 985 1016 1031 944 867 820 805 848 872 882 884 884 888
-9999 -9999 -9999 212 211 213 214 208 212 215 233 230 228 225 228 230 230 229 232 237 240 249 255 261 269 287 309 386 433 467 468 471 489 520 542 559 598 603 588 590 582 580 640 660 663 678 684 692 697 703 705 711 710 701 707 707 712 715 725 728 747 745 752 769 831 917 963 923 987 957 873 819 797 836 845 858 870 869 878
-9999 -9999 -9999 -9999 -9999 213 212 207 215 218 219 222 222 221 227 226 226 225 233 250 243 245 256 260 272 285 301 358 383 411 469 507 515 526 549 565 568 567 573 575 575 575 622 662 663 680 687 691 689 699 708 720 719 713 727 747 725 713 723 727 734 745 759 775 822 943 970 881 911 914 856 796 795 810 826 826 832 817 808
-9999 -9999 -9999 -9999 -9999 218 214 208 223 226 217 214 217 216 220 221 223 226 236 248 246 247 255 261 269 278 286 321 358 423 496 517 533 549 555 564 566 567 580 581 585 583 590 635 653 678 700 698 692 707 717 724 733 728 759 727 710 712 727 722 721 731 746 781 856 959 972 891 840 816 788 770 770 789 817 812 793 791 794
-9999 -9999 -9999 -9999 -9999 216 214 209 225 232 227 220 221 225 220 221 233 226 236 255 254 247 252 259 266 271 282 303 339 387 440 489 513 533 554 559 563 567 574 581 596 593 592 599 613 653 695 680 690 704 712 735 797 774 731 703 700 705 717 707 714 732 754 804 912 1001 956 849 794 766 750 750 755 785 809 804 794 793 796
-9999 -9999 -9999 -9999 -9999 220 212 217 227 235 241 239 227 231 234 224 245 239 230 246 256 250 253 259 262 268 279 294 319 352 406 468 510 535 545 556 556 569 573 576 586 591 594 590 596 630 666 672 685 693 711 732 778 797 722 695 688 698 700 704 729 731 750 811 875 980 962 867 789 755 749 743 753 782 786 782 793 809 805
-9999 -9999 -9999 -9999 -9999 217 214 222 233 236 228 236 238 241 238 233 245 249 237 243 266 252 257 258 263 273 281 299 328 365 411 466 499 532 548 551 557 573 578 570 570 577 583 589 591 631 660 669 680 710 771 782 817 819 731 684 682 689 700 711 747 736 752 802 851 915 910 870 804 755 743 738 750 763 761 774 790 811 802
-9999 -9999 -9999 221 218 221 214 218 222 224 224 225 233 248 240 241 248 257 250 244 263 257 259 262 267 281 282 298 327 362 414 464 491 527 548 552 556 567 566 568 577 579 587 594 595 605 657 663 676 759 796 776 783 773 718 679 693 717 722 741 746 739 755 800 802 853 860 848 799 749 741 735 744 748 759 767 782 802 814
-9999 -9999 -9999 217 216 221 223 222 246 251 250 227 235 243 250 244 251 258 257 242 266 263 263 264 278 284 292 314 340 383 430 473 493 513 540 548 550 556 566 585 600 600 589 592 592 597 620 636 668 739 743 725 704 693 690 720 751 792 803 830 799 804 806 788 787 785 792 802 779 744 739 731 736 747 755 769 774 793 838
