DEM/DEM16.asc
ncols 800
nrows 800
xllcenter 240150.000000
yllcenter 1520150.000000
cellsize 300.000000
nodata_value -9999
[rows 35 to 69 of 800, columns 720 to 799 of 800]
235 260 324 344 406 391 412 432 465 527 560 544 548 514 499 476 458 428 432 405 413 421 461 472 474 514 479 509 496 473 486 505 559 635 666 676 692 733 721 655 683 704 733 754 757 755 790 805 783 787 806 822 815 805 807 835 851 860 837 804 812 796 786 769 746 785 803 830 834 979 973 904 794 685 641 590 594 583 548 535
266 255 320 378 322 351 405 454 461 544 567 584 545 512 540 521 501 446 422 403 406 403 406 464 438 421 428 444 454 461 482 472 502 562 624 655 646 699 682 612 661 687 726 760 773 774 773 776 770 762 786 823 841 813 798 804 808 839 872 869 837 779 779 815 769 756 781 811 797 887 970 981 904 830 766 609 560 602 604 576
283 259 311 347 294 304 345 453 491 562 585 586 567 578 585 534 497 473 438 404 410 403 410 463 526 490 462 492 524 496 530 486 482 512 559 558 569 643 610 585 636 669 722 753 755 759 762 762 759 765 767 792 844 829 811 794 786 811 868 890 860 793 771 757 782 788 763 781 777 829 996 1007 1012 923 850 691 546 563 578 565
230 226 298 299 269 293 328 393 488 574 607 622 616 615 589 526 497 470 415 402 407 405 403 425 485 528 499 501 515 551 559 546 480 472 501 542 525 558 559 588 600 673 727 740 743 745 743 754 757 788 811 826 824 858 830 802 788 777 788 821 839 805 760 755 757 768 721 727 731 766 883 970 1016 966 855 746 582 539 539 543
217 207 251 230 280 313 367 371 437 544 602 638 607 573 555 537 554 515 425 406 408 406 394 405 435 485 522 568 527 526 552 575 556 508 502 598 574 552 599 667 676 703 735 744 762 773 757 749 757 784 819 853 891 862 854 806 784 761 766 756 768 792 781 747 730 736 729 711 703 718 776 873 968 1011 890 844 710 552 517 512
215 220 242 268 313 331 344 393 464 497 553 621 639 596 556 570 596 511 446 403 415 413 392 394 425 525 561 551 551 557 544 541 574 562 515 587 651 645 564 651 733 742 780 774 765 787 769 748 772 819 844 858 893 953 927 855 808 763 749 742 759 761 748 746 724 718 728 749 712 697 737 780 841 1012 1016 915 862 663 537 493
243 189 235 313 340 355 380 426 462 471 511 559 629 628 606 610 568 523 471 404 404 400 400 395 413 462 547 513 500 515 524 552 601 606 550 544 593 656 644 592 675 730 760 770 769 778 785 756 757 795 835 867 873 912 926 863 847 830 760 745 756 754 732 728 737 734 713 708 703 700 731 746 752 837 919 944 908 810 584 501
210 175 210 291 310 365 460 455 407 456 481 553 606 621 640 615 544 503 476 418 395 397 406 394 428 427 466 479 554 584 585 573 606 591 618 580 568 626 681 651 604 643 672 723 728 770 783 793 763 804 850 910 925 916 939 912 875 820 778 810 826 787 743 741 744 745 762 781 731 695 692 704 710 752 770 801 892 804 615 491
166 171 195 243 290 327 452 429 387 437 494 571 583 620 636 598 548 504 480 448 402 402 407 390 424 433 411 471 551 600 561 531 567 556 597 626 633 597 676 717 698 643 622 655 725 802 797 798 762 795 841 907 967 971 979 955 923 886 792 834 882 820 752 732 749 777 835 861 784 707 680 676 675 692 738 804 876 863 721 528
149 173 179 214 296 327 434 386 378 419 498 541 584 632 650 607 588 566 522 472 419 410 400 390 407 412 406 431 476 492 522 556 540 565 595 601 679 627 657 738 773 771 727 646 690 745 814 855 776 770 837 886 953 986 971 925 917 902 815 799 848 846 797 737 741 761 796 861 826 737 731 687 669 676 735 859 993 966 818 665
147 159 174 227 292 311 375 351 358 424 497 521 575 654 695 678 689 627 554 498 454 414 396 393 389 406 413 416 457 476 487 594 614 653 697 643 645 635 708 744 736 780 789 705 657 736 803 880 811 800 804 879 950 978 936 911 890 853 794 786 818 862 812 740 705 705 731 781 829 764 771 740 713 669 692 770 932 1019 894 795
140 159 168 186 231 264 356 382 360 427 494 499 590 719 788 764 697 654 576 509 464 426 405 408 393 396 421 422 486 500 501 577 590 651 684 642 617 637 642 663 730 777 821 760 669 720 805 891 889 814 805 861 931 948 910 899 884 889 834 805 872 898 849 752 676 645 672 668 707 682 741 802 781 692 690 724 806 843 868 808
210 158 170 187 212 275 378 431 368 422 470 530 630 763 850 836 785 730 654 524 469 434 416 417 397 395 425 414 439 456 458 497 530 574 604 604 589 639 688 657 655 706 797 791 703 731 818 819 855 834 846 867 888 905 934 965 949 915 858 876 927 927 918 855 751 675 637 622 612 594 630 667 658 684 742 763 775 809 778 721
290 180 168 220 269 308 377 424 387 417 521 562 628 729 822 851 819 792 701 548 484 436 417 409 390 400 411 457 454 464 467 461 474 491 533 567 558 592 670 726 659 667 728 808 776 716 706 722 783 788 858 920 962 938 981 1019 941 824 842 924 964 924 909 900 833 767 719 679 690 623 571 572 579 600 661 727 808 882 806 688
321 194 182 206 285 364 404 452 419 430 527 550 622 737 789 811 823 790 709 560 486 439 412 399 393 391 404 438 462 461 464 481 498 538 501 511 554 583 598 678 722 650 698 788 828 755 786 790 736 742 798 856 970 957 984 991 893 777 795 892 934 885 897 824 804 808 759 735 706 631 620 613 631 605 593 622 748 780 685 650
327 268 221 232 295 382 464 512 468 447 495 532 604 678 732 804 803 763 694 571 504 443 418 401 412 393 391 421 458 464 472 468 507 581 570 523 596 647 636 698 707 667 684 765 851 832 859 896 812 739 777 839 946 1017 1050 976 864 753 736 805 877 786 823 768 725 741 737 709 705 699 716 708 739 732 660 544 623 620 516 465
306 327 277 228 272 338 409 515 512 482 491 510 555 642 704 711 712 726 657 548 508 447 417 412 426 406 386 411 441 472 484 502 486 540 588 537 622 666 686 710 680 666 679 722 798 837 842 922 875 767 779 817 867 973 1091 984 865 743 721 790 835 777 719 693 735 713 742 756 782 792 764 711 669 612 607 515 547 484 450 593
314 259 314 243 296 421 503 522 541 494 485 501 515 584 616 625 652 656 635 554 542 475 425 419 430 411 385 402 435 466 490 527 555 533 592 553 622 651 678 685 665 662 682 697 713 774 833 913 911 821 833 850 884 971 1025 925 857 779 734 820 791 740 675 627 697 729 704 714 734 714 716 694 666 626 584 538 478 453 565 776
220 220 282 270 323 426 507 479 512 491 476 488 486 518 532 555 577 586 610 575 537 492 442 413 408 397 387 396 428 448 479 510 587 567 591 605 666 676 665 670 671 678 679 689 698 750 846 913 967 886 881 927 951 976 939 869 801 775 733 730 730 717 709 643 589 641 661 654 654 615 635 685 756 772 649 576 457 477 703 873
221 212 238 303 319 352 404 417 448 486 465 468 467 481 481 513 512 528 581 559 527 494 455 413 408 392 387 394 411 432 470 520 608 607 609 666 713 690 676 682 676 693 700 701 701 721 777 858 946 944 936 968 985 958 933 854 863 817 759 741 724 787 682 609 597 580 568 593 568 556 528 565 695 717 608 513 503 593 737 918
291 249 243 263 285 343 485 510 491 501 471 461 457 463 460 480 477 472 506 515 512 509 477 412 411 412 400 388 397 420 448 496 580 614 616 626 712 726 702 693 685 698 698 706 725 734 787 831 895 887 918 930 961 909 912 959 996 880 831 859 795 789 705 673 691 679 568 514 516 495 476 476 603 623 537 458 542 685 806 945
375 317 280 302 323 331 432 541 582 557 598 525 469 458 454 455 453 449 459 447 450 457 465 417 400 405 400 387 396 417 448 463 554 665 668 635 644 709 715 694 692 694 704 718 731 734 799 783 819 919 961 992 991 950 923 978 1031 932 929 944 921 882 847 770 730 684 569 565 572 559 539 518 474 591 533 453 623 777 852 998
385 326 320 313 393 374 414 555 645 586 660 616 504 482 478 463 473 455 482 440 414 413 449 432 391 404 385 384 404 424 451 459 528 640 683 676 638 654 721 706 708 704 712 714 708 717 768 761 771 860 935 1044 1043 1006 978 971 1009 996 1027 1007 965 876 812 698 648 624 617 642 616 607 554 553 492 507 465 493 633 766 835 966
299 366 368 327 383 424 473 594 696 642 650 663 548 508 483 483 469 458 463 453 423 424 414 407 392 391 384 383 400 422 427 447 481 573 677 686 637 646 716 708 697 700 705 719 704 720 775 751 753 827 917 1013 1084 1039 987 933 977 1003 1026 1006 884 825 763 758 703 697 685 670 597 548 489 494 495 420 414 489 608 692 804 915
290 390 395 393 399 410 473 584 716 710 658 712 649 564 503 478 462 500 483 507 453 439 454 424 403 384 383 384 400 407 412 430 467 555 623 669 662 682 709 721 715 729 731 721 699 736 802 736 758 842 916 1011 1091 1045 989 940 907 908 968 989 982 904 881 854 798 774 820 716 629 559 462 443 455 492 469 428 480 579 753 850
334 337 358 409 437 462 524 569 720 744 702 769 742 591 526 488 470 506 495 553 488 465 476 444 413 390 390 414 392 395 405 427 462 559 558 588 645 639 672 718 713 765 736 697 697 710 758 745 761 826 893 947 1019 1079 1060 981 964 878 870 907 959 989 974 913 889 901 852 724 626 523 519 486 517 517 441 439 435 553 721 799
344 324 355 375 420 452 558 608 769 781 811 843 712 587 559 495 482 504 515 533 514 484 485 469 443 407 425 453 432 388 414 422 458 519 531 541 637 652 670 690 734 761 706 691 707 742 810 803 754 774 802 893 992 1087 1093 1037 1016 909 836 833 864 941 916 868 811 821 789 649 565 557 623 554 506 479 472 543 531 456 562 702
280 300 319 341 418 451 542 676 798 862 881 832 713 635 572 507 512 543 523 515 521 484 473 493 473 421 420 437 435 389 405 414 443 491 509 532 593 683 761 758 757 706 683 713 739 821 884 865 793 779 773 847 961 1040 1100 1100 1045 982 955 909 830 818 801 765 756 756 698 637 632 674 705 625 527 483 529 596 650 600 469 503
358 330 318 339 391 465 612 719 807 883 893 870 755 650 563 586 572 623 578 594 562 499 505 516 483 437 399 399 394 396 385 401 428 479 500 508 548 684 780 779 750 677 719 771 826 910 940 902 847 804 797 819 908 959 1002 1058 1038 1050 1059 989 936 824 813 825 869 837 821 772 746 774 723 632 560 555 599 687 698 650 535 432
428 352 353 342 358 430 504 596 764 875 911 891 763 646 618 618 653 716 687 574 532 503 472 482 487 458 407 386 386 393 385 425 441 486 504 503 545 632 686 723 712 658 726 851 880 880 904 881 829 791 803 806 848 894 943 1017 992 1057 1101 1073 953 851 850 943 949 888 885 861 854 779 678 639 651 614 639 734 753 666 588 483
435 405 413 389 377 423 522 602 647 829 962 885 789 779 704 632 739 814 758 666 595 580 486 463 459 451 423 385 379 407 397 401 417 453 490 501 528 561 584 585 681 687 779 891 849 874 952 884 830 796 802 809 804 835 897 956 1012 1056 1064 1095 1008 925 926 965 929 862 860 824 858 747 700 754 747 683 660 698 734 713 672 558
440 502 539 493 378 431 489 583 718 875 922 936 896 797 745 667 755 837 748 637 558 518 464 435 423 430 413 393 385 426 441 411 390 399 435 470 476 471 491 540 663 712 763 817 808 868 946 966 902 829 801 830 796 802 859 907 969 1013 1072 1095 1073 998 991 934 844 803 780 742 723 726 791 822 798 743 679 674 700 692 649 561
487 583 655 547 390 401 504 625 723 673 796 973 943 893 833 747 740 841 773 645 582 564 545 472 445 466 457 411 385 401 452 458 433 389 385 386 392 394 470 593 665 711 680 715 812 854 895 940 986 929 835 814 836 803 813 851 905 970 976 1028 1110 1087 1023 924 897 892 883 784 711 760 720 708 689 663 669 675 647 655 575 507
583 619 695 579 415 417 491 601 613 677 813 928 949 956 948 889 837 847 762 685 646 669 663 533 464 485 472 428 390 410 478 463 454 458 440 420 401 384 472 590 612 647 625 724 786 846 889 921 968 961 905 819 812 822 816 827 866 919 1012 1068 1099 1095 1055 979 917 899 884 781 709 731 791 771 758 680 623 642 613 635 511 438
601 597 675 556 430 421 481 533 617 701 739 809 834 890 979 1006 992 872 788 725 732 692 695 591 482 506 481 451 396 408 474 495 485 464 447 414 393 393 444 509 514 535 627 723 756 814 806 842 936 984 940 889 816 817 836 829 857 925 1002 1007 1042 1033 1100 980 916 849 857 775 723 772 767 807 784 717 614 577 562 570 472 426
