DEM/DEM13.asc
ncols 800
nrows 800
xllcenter 720150.000000
yllcenter 1760150.000000
cellsize 300.000000
nodata_value -9999
[rows 252 to 293 of 800, columns 658 to 751 of 800]
199 196 190 189 191 191 190 187 185 185 187 189 189 190 188 184 183 182 180 177 180 182 187 188 184 188 188 187 189 189 186 181 180 179 182 184 183 180 182 182 177 177 175 172 169 170 174 180 187 188 182 178 171 170 167 168 169 168 170 169 169 172 173 171 174 172 172 177 178 177 178 180 180 180 174 178 182 183 180 183 183 186 185 190 198 189 184 188 185 183 182 182 184 184
196 192 188 189 188 189 190 189 185 185 185 184 183 182 183 183 185 181 178 177 183 186 188 191 185 187 190 193 193 189 186 181 181 180 183 186 186 181 181 179 179 181 178 173 169 171 181 181 188 186 176 172 168 167 170 169 172 171 168 170 174 173 172 175 177 176 179 180 177 179 177 178 181 180 178 181 178 178 179 184 185 187 184 186 190 188 184 185 185 184 184 185 185 186
197 194 191 191 189 191 189 188 187 186 184 183 183 182 180 178 177 177 175 178 182 186 193 191 186 188 190 193 190 187 184 185 184 182 185 187 187 183 185 180 184 181 175 171 169 173 177 179 185 181 174 169 169 169 170 169 168 170 168 172 174 179 177 181 185 178 177 185 181 186 184 180 180 182 183 185 184 179 178 181 182 182 183 186 187 186 187 186 188 187 188 190 191 191
194 193 193 191 189 188 189 188 185 184 182 182 183 181 184 183 179 177 178 186 187 188 190 192 191 191 192 189 186 189 188 189 183 183 184 186 186 184 183 184 183 178 174 170 171 174 174 176 181 175 170 170 176 171 166 170 168 169 170 171 175 178 182 184 184 182 178 183 183 186 182 181 182 181 185 194 190 180 177 179 180 178 178 183 184 184 190 192 190 190 188 195 196 198
197 192 189 189 187 186 185 184 183 181 181 181 180 181 181 181 179 178 180 186 191 190 193 197 197 192 191 191 190 189 187 187 183 182 184 184 181 180 180 176 178 177 173 170 173 176 176 179 181 174 173 177 177 171 168 173 172 169 170 171 175 175 176 178 179 179 182 186 186 188 186 185 188 185 192 199 194 186 179 181 179 177 178 179 181 184 185 186 190 194 196 198 202 204
199 192 188 188 186 184 182 184 181 180 180 180 178 178 177 177 176 178 180 182 189 189 194 197 196 194 198 197 193 190 185 183 180 179 182 184 181 177 177 176 172 173 170 170 175 178 179 185 181 177 177 177 177 170 171 173 174 174 173 170 172 174 176 178 184 182 179 184 189 192 190 186 190 187 195 201 193 183 180 184 179 178 177 180 181 185 185 185 188 193 198 202 202 204
196 193 191 190 186 182 182 182 181 181 183 179 177 177 177 178 176 179 182 184 185 186 190 190 190 196 198 197 193 191 189 182 181 178 177 178 180 180 184 180 178 171 170 172 175 178 186 190 184 182 186 180 174 169 172 173 177 175 173 170 171 170 174 176 183 186 183 185 192 191 191 188 190 195 198 202 201 187 184 184 181 183 178 180 181 183 186 187 189 191 196 204 199 196
194 191 190 188 185 184 184 182 179 180 179 179 178 178 178 178 178 178 179 182 184 184 185 187 189 193 195 193 190 189 187 183 182 179 177 174 178 182 186 184 176 171 170 175 177 179 189 195 194 189 187 182 177 171 172 177 179 178 175 171 174 174 172 176 179 184 188 186 185 189 192 192 196 201 203 205 200 186 186 185 185 188 181 180 182 183 189 189 190 191 200 205 197 192
190 189 187 186 184 183 184 180 178 179 180 179 178 178 177 177 178 179 179 180 185 187 186 188 191 195 195 196 188 188 185 187 184 178 177 175 174 179 180 181 174 170 173 175 176 182 187 192 193 195 193 187 181 173 175 182 183 179 175 171 170 174 174 174 177 180 183 192 191 188 188 192 200 207 211 204 198 188 189 185 187 190 184 180 181 185 190 187 189 193 203 199 190 186
186 185 183 184 184 184 180 179 180 179 179 177 177 178 179 178 177 178 178 180 182 185 186 188 191 191 191 191 188 186 187 186 184 180 179 180 182 176 174 172 171 171 175 174 172 176 180 184 189 193 193 186 177 172 180 188 185 182 177 171 172 175 174 174 177 177 179 185 195 198 193 197 203 209 211 207 201 196 194 187 187 190 185 182 183 185 188 187 189 196 203 192 190 187
189 187 184 184 183 182 182 180 181 180 179 178 178 180 179 178 177 176 178 179 179 181 182 184 187 187 184 183 186 187 187 186 182 184 183 187 189 181 175 171 174 171 176 178 177 177 179 178 182 186 183 179 180 175 184 189 186 183 181 174 172 176 178 175 174 175 178 182 190 196 197 196 198 201 207 208 202 200 195 191 186 187 186 181 183 185 192 192 191 200 203 196 193 191
192 190 187 185 183 183 181 181 179 179 181 181 182 182 180 179 179 177 177 177 178 180 182 182 182 184 184 180 183 186 187 184 181 184 186 186 182 177 171 172 175 174 173 180 186 188 187 180 179 181 177 179 178 176 181 184 179 176 176 174 172 173 180 183 177 175 178 181 184 188 196 202 205 204 206 207 204 205 199 199 189 191 188 183 183 187 193 196 193 199 198 192 191 186
192 191 188 186 184 185 184 183 181 180 181 182 182 182 180 180 180 177 177 177 180 177 179 179 179 179 179 177 180 182 183 182 179 182 181 178 178 176 172 171 178 180 178 177 185 190 188 182 183 182 180 181 177 177 181 184 183 177 176 176 174 174 179 185 183 176 177 179 181 186 193 197 203 208 208 207 203 205 202 201 194 189 185 183 183 190 197 199 194 194 197 190 187 187
194 193 191 191 190 188 189 187 185 185 185 183 180 180 181 180 180 178 178 178 180 179 177 178 178 176 177 177 176 175 176 176 174 176 175 173 171 171 172 171 175 183 183 178 183 187 184 183 187 186 183 179 176 179 181 185 183 179 177 179 175 175 180 184 185 181 177 177 181 185 191 196 201 206 207 205 201 203 206 201 195 190 184 185 186 191 200 199 193 190 197 192 187 186
196 194 195 192 190 191 190 188 188 185 188 184 182 179 182 182 181 179 178 178 177 177 176 174 176 175 175 175 177 173 174 173 172 173 172 173 171 171 170 171 177 185 188 182 177 179 182 186 189 189 183 180 182 184 186 188 184 182 179 177 174 175 176 182 192 188 179 178 178 182 185 191 196 201 203 205 196 200 202 200 194 186 185 189 185 192 196 194 191 193 195 191 189 191
196 193 191 189 188 188 187 188 186 183 184 183 180 182 184 186 183 181 179 178 178 178 176 175 176 175 174 175 174 173 172 172 173 173 171 171 169 171 173 172 176 186 191 187 182 182 181 181 185 186 183 182 188 190 190 193 187 180 179 176 176 175 178 183 190 193 185 181 178 179 184 187 192 194 196 196 192 195 198 196 189 184 187 190 187 192 193 189 192 194 193 192 196 200
195 196 195 192 191 191 193 191 184 183 187 182 182 186 189 190 185 182 180 180 185 184 181 180 179 177 178 176 174 174 174 174 174 177 174 172 172 172 171 174 177 184 187 186 185 186 185 185 188 187 185 188 190 190 187 189 184 180 176 176 176 180 178 179 186 193 193 184 179 177 182 184 187 188 188 188 190 192 197 193 188 185 188 191 188 190 191 195 196 197 198 201 203 198
201 199 198 194 191 192 194 191 185 184 184 183 186 190 191 190 188 182 181 180 183 185 187 182 181 181 180 178 178 176 178 178 177 177 175 174 173 173 173 173 176 178 180 182 182 190 196 198 196 189 189 195 204 194 188 185 182 178 176 177 179 182 181 178 183 190 192 190 181 178 178 180 182 183 185 185 190 196 199 196 190 186 188 190 192 193 194 195 202 203 206 203 197 192
201 199 195 192 191 193 192 189 188 187 185 186 189 191 197 193 189 186 185 182 181 185 188 189 185 182 183 181 182 180 179 177 177 177 175 175 175 173 175 174 174 176 183 182 185 191 196 198 197 194 198 201 203 193 188 185 181 180 178 177 179 181 181 180 182 186 190 190 182 181 181 182 184 184 186 188 190 194 201 199 191 187 188 191 193 196 197 197 206 209 205 198 191 186
197 195 193 193 194 192 189 189 190 188 188 188 190 190 196 197 192 192 187 184 183 184 188 191 191 189 190 189 187 186 185 180 176 175 177 177 175 173 175 177 178 179 186 189 190 192 194 197 198 200 201 201 199 192 189 183 182 181 178 179 180 182 181 182 182 184 187 186 184 187 186 183 185 186 188 190 193 198 200 195 191 187 189 190 191 197 199 204 209 205 198 193 191 190
194 195 194 195 194 189 188 191 191 190 186 189 191 190 193 197 195 189 186 187 187 183 185 191 194 194 192 190 186 185 183 178 177 179 181 179 176 174 173 178 179 181 183 188 189 193 196 198 200 198 199 195 198 191 187 184 185 184 179 178 181 183 181 182 184 186 185 182 188 194 191 185 185 188 190 193 197 202 202 194 191 187 189 193 195 200 204 206 212 204 199 198 193 191
195 194 196 197 192 189 191 191 190 188 185 191 192 191 194 193 191 188 188 189 191 184 188 192 195 193 189 184 183 181 180 178 177 183 183 182 178 176 173 174 178 177 180 182 185 191 191 194 192 192 194 192 191 189 188 183 182 180 179 179 183 184 185 182 185 185 187 184 189 193 197 189 186 189 190 194 194 201 198 193 188 186 190 192 197 199 207 214 214 211 208 200 194 190
200 196 194 193 191 192 197 191 189 188 186 187 190 191 197 196 197 194 192 188 187 185 190 195 194 191 186 183 181 179 181 182 180 186 187 182 181 176 175 174 176 179 177 178 179 185 186 188 189 189 189 189 189 188 185 182 180 180 180 182 185 186 188 184 185 187 188 186 185 188 197 196 191 189 190 191 192 198 195 188 185 186 187 197 202 205 210 214 215 213 207 199 194 191
199 197 194 192 193 194 196 194 190 190 189 192 192 195 196 194 196 192 190 188 188 184 186 191 193 189 188 184 180 186 190 186 182 186 184 185 185 179 174 176 177 180 177 177 179 182 183 186 186 188 191 190 188 186 185 183 182 180 184 184 184 185 187 186 187 188 191 188 186 187 196 201 196 194 189 190 194 195 189 185 185 185 189 195 205 211 208 206 208 210 209 197 192 189
204 200 195 193 195 196 198 195 191 196 190 192 192 193 193 196 199 196 193 192 190 185 185 189 188 184 183 181 182 189 192 189 186 187 187 189 187 178 175 177 176 176 177 178 179 180 181 184 189 193 196 195 192 189 187 185 185 183 185 184 185 185 188 187 186 188 190 189 190 191 194 200 203 197 190 186 191 191 187 183 184 185 191 198 204 207 207 200 201 204 200 193 189 186
204 199 196 198 200 199 201 197 194 192 192 197 196 194 198 199 199 199 197 193 190 186 188 191 194 189 185 180 183 184 187 193 195 194 192 190 185 178 176 179 176 176 178 181 184 185 182 188 194 198 201 204 200 194 192 189 185 185 186 188 188 190 190 189 187 188 191 193 195 197 200 202 199 195 187 185 185 187 184 184 187 188 193 197 202 199 198 197 197 199 197 192 189 186
203 199 197 201 203 204 201 197 192 192 193 196 194 194 200 199 198 199 194 192 191 188 189 191 190 187 183 183 186 189 193 194 191 188 187 183 182 179 179 179 176 177 182 187 187 187 184 185 188 193 202 206 204 199 199 193 187 186 187 190 192 194 191 190 189 189 193 198 203 207 208 205 202 195 187 183 182 184 183 183 186 188 192 198 198 196 195 195 194 195 192 189 188 185
203 198 201 202 203 201 197 197 195 193 194 195 194 193 195 200 199 199 196 194 191 188 191 189 188 186 189 186 185 190 191 191 189 190 192 184 178 178 179 179 177 181 185 190 193 191 185 185 187 190 196 201 210 208 200 193 192 190 186 187 191 192 193 191 191 192 195 203 201 201 200 200 201 195 186 182 181 179 182 189 187 189 191 194 192 194 193 194 192 192 189 188 185 184
198 198 200 201 201 196 194 193 192 190 194 196 194 196 199 201 198 197 196 192 190 189 193 194 189 189 188 185 187 190 189 187 185 185 183 180 180 182 181 178 178 181 186 188 191 193 187 187 189 191 196 203 213 206 198 195 197 197 191 188 189 191 191 192 193 195 199 199 192 191 190 189 191 193 188 183 180 180 184 191 187 185 189 193 190 190 191 192 191 191 187 186 183 182
199 200 201 196 194 192 191 191 190 189 193 197 192 192 196 194 194 190 189 189 188 187 193 193 191 188 186 188 189 190 189 191 189 185 181 181 182 180 181 180 181 184 183 187 192 195 192 192 192 195 201 209 209 202 197 197 200 196 194 191 191 191 188 187 194 197 195 191 189 185 185 185 186 189 188 184 180 180 184 185 183 187 189 190 188 189 188 187 190 192 187 184 183 182
199 202 203 196 194 193 192 190 190 190 190 191 191 191 193 195 191 189 190 188 188 188 190 193 190 187 186 189 188 189 189 190 185 183 181 183 185 182 180 177 184 185 186 190 192 195 196 196 195 201 208 211 208 203 202 200 200 196 195 192 190 188 184 187 191 190 187 186 184 182 184 182 183 189 188 184 180 179 181 181 185 187 189 189 188 187 187 186 188 189 186 184 185 185
199 200 201 199 199 199 197 194 196 195 191 193 194 192 192 192 190 191 195 195 189 192 193 193 191 189 188 190 190 188 186 184 186 184 185 184 185 182 178 180 180 184 187 191 190 192 198 203 201 199 206 211 210 203 201 200 201 194 192 192 189 185 182 185 189 185 184 183 181 182 182 180 185 189 191 185 180 181 183 183 186 190 190 189 188 186 186 184 185 185 185 184 182 184
196 199 200 200 201 199 197 200 199 196 197 198 198 195 193 191 191 192 191 192 192 198 201 198 195 194 193 195 191 187 189 190 192 188 188 187 184 180 180 182 183 187 190 192 195 199 206 207 209 206 206 209 206 201 194 193 191 188 187 187 187 189 182 179 179 180 180 180 179 181 178 181 184 186 188 185 179 179 181 182 185 191 192 188 187 186 184 184 183 182 181 181 187 182
199 197 197 198 199 198 198 200 200 198 199 201 201 200 200 195 193 193 196 194 193 196 202 204 200 196 191 194 192 192 193 195 194 189 189 190 185 183 181 183 184 188 193 196 201 203 207 204 204 205 202 204 201 195 191 187 185 185 185 188 189 190 187 182 179 176 176 179 178 177 176 179 182 183 185 183 179 177 178 181 182 187 190 188 185 185 184 183 181 182 180 183 186 184
199 196 194 195 196 195 195 198 201 203 200 202 203 202 201 196 195 196 195 195 192 192 195 197 200 198 193 188 190 191 192 197 192 193 192 191 185 185 183 185 187 187 192 198 199 200 200 199 202 204 203 197 192 189 186 183 183 184 187 190 192 190 186 183 180 178 175 177 176 176 178 177 178 180 183 181 179 181 182 181 183 187 191 191 188 186 184 184 185 181 181 180 179 179
201 201 194 192 191 192 195 200 201 204 202 202 202 202 201 198 194 192 191 190 188 189 189 190 192 198 197 192 187 189 191 195 194 196 195 191 189 186 185 191 191 188 192 195 197 193 194 199 202 197 198 192 190 186 183 181 180 181 183 185 185 184 184 181 179 176 174 175 176 175 176 176 176 175 179 179 178 178 177 180 182 187 188 190 190 189 185 184 183 185 189 185 181 179
200 203 197 196 193 191 193 197 202 204 199 199 199 199 201 195 191 193 195 193 189 186 186 186 190 192 194 193 185 185 185 191 196 197 197 191 191 189 190 193 192 190 192 194 192 187 197 198 199 197 192 188 187 184 182 178 179 180 181 183 180 180 180 178 178 177 174 174 176 175 175 176 175 175 176 176 176 180 180 185 184 183 186 190 191 191 189 187 189 189 186 181 179 178
202 200 197 196 193 190 192 196 200 198 196 199 197 195 197 197 191 191 194 194 193 189 184 185 185 185 184 185 183 182 185 190 193 193 195 190 190 193 197 190 187 188 189 190 190 186 195 196 197 190 185 185 184 181 179 177 178 177 178 179 180 178 176 175 175 176 175 178 178 178 178 175 174 174 176 176 176 181 182 184 187 185 188 190 191 188 187 187 186 182 182 182 178 179
201 199 197 193 192 189 192 195 196 196 194 195 194 195 196 196 189 189 192 192 193 191 185 182 181 181 180 179 180 181 184 187 188 189 191 188 189 193 196 192 185 185 186 185 187 185 191 186 188 184 180 181 181 178 176 175 175 174 176 177 176 174 173 173 172 173 177 179 180 177 178 175 175 180 175 175 176 179 182 185 187 188 190 187 189 186 185 187 182 180 180 185 179 179
200 199 196 194 189 188 191 194 197 195 192 195 194 193 195 195 189 189 188 190 191 191 188 180 179 180 178 178 181 185 183 183 184 187 188 186 184 191 196 191 192 193 191 186 182 181 186 183 185 183 180 178 178 177 175 175 173 173 175 176 176 173 171 173 175 175 177 177 179 179 176 176 174 176 175 173 174 176 180 184 189 188 189 184 186 184 182 183 181 181 183 187 180 178
198 193 192 190 187 188 190 192 194 195 191 195 194 192 194 193 190 189 189 189 187 187 184 181 179 178 176 177 179 185 182 180 182 185 184 182 183 189 193 195 198 202 200 193 185 181 179 180 179 179 177 176 176 173 173 173 173 173 174 172 172 173 172 172 173 174 175 177 176 177 176 175 173 174 174 173 174 176 179 181 186 189 187 184 180 182 180 182 183 182 182 183 179 177
199 195 195 195 190 185 186 191 193 193 190 192 193 192 193 195 192 193 196 192 185 184 181 182 181 181 177 176 177 180 177 180 181 180 181 181 185 189 195 202 199 199 196 191 187 180 177 175 177 177 176 174 175 173 172 171 171 171 173 172 171 171 172 171 171 172 173 173 173 172 173 173 174 174 173 174 173 174 180 181 183 186 186 183 181 178 178 183 181 179 178 178 177 178
