DEM/DEM13.asc
ncols 800
nrows 800
xllcenter 720150.000000
yllcenter 1760150.000000
cellsize 300.000000
nodata_value -9999
[rows 0 to 41 of 800, columns 658 to 751 of 800]
-9999 -9999 -9999 -9999 -9999 -9999 -9999 -9999 -9999 -9999 -9999 -9999 -9999 -9999 -9999 -9999 -9999 -9999 -9999 -9999 -9999 -9999 -9999 -9999 -9999 -9999 -9999 -9999 -9999 -9999 -9999 -9999 -9999 -9999 -9999 -9999 -9999 -9999 -9999 -9999 -9999 -9999 -9999 -9999 -9999 -9999 -9999 162 162 164 162 159 162 167 183 189 190 176 190 196 196 196 189 186 183 185 187 185 180 175 175 185 191 194 188 185 188 176 172 171 170 164 160 161 159 159 160 161 164 177 187 191 191 192
-9999 -9999 -9999 -9999 -9999 -9999 -9999 -9999 -9999 -9999 -9999 -9999 -9999 -9999 -9999 -9999 -9999 -9999 -9999 -9999 -9999 -9999 -9999 -9999 -9999 -9999 -9999 -9999 -9999 -9999 -9999 -9999 -9999 -9999 -9999 -9999 -9999 -9999 -9999 -9999 -9999 -9999 -9999 -9999 -9999 -9999 -9999 160 162 162 162 159 161 165 174 180 182 179 182 192 197 193 188 182 179 182 180 180 178 175 176 185 188 191 192 192 185 174 174 173 169 162 159 161 159 159 160 162 165 169 176 185 186 189
-9999 -9999 -9999 -9999 -9999 -9999 -9999 -9999 -9999 -9999 -9999 -9999 -9999 -9999 -9999 -9999 -9999 -9999 -9999 -9999 -9999 -9999 -9999 -9999 -9999 -9999 -9999 -9999 -9999 -9999 -9999 -9999 -9999 -9999 -9999 -9999 -9999 -9999 -9999 -9999 -9999 -9999 -9999 -9999 -9999 -9999 -9999 153 163 166 165 161 160 162 166 170 175 184 189 193 196 195 192 188 178 175 172 173 172 171 176 183 184 184 189 194 182 172 168 168 169 163 159 161 160 160 162 160 161 164 171 169 177 186
-9999 -9999 -9999 -9999 -9999 -9999 -9999 -9999 -9999 -9999 -9999 -9999 -9999 -9999 -9999 -9999 -9999 -9999 -9999 -9999 -9999 -9999 -9999 -9999 -9999 -9999 -9999 -9999 -9999 -9999 -9999 -9999 -9999 -9999 -9999 -9999 -9999 -9999 -9999 -9999 -9999 -9999 -9999 -9999 -9999 -9999 -9999 144 157 163 161 160 159 162 161 165 170 173 182 189 190 192 190 185 180 173 171 171 169 168 174 177 179 180 185 189 185 182 172 165 165 163 161 160 161 161 164 159 159 162 165 165 170 181
-9999 -9999 -9999 -9999 -9999 -9999 -9999 -9999 -9999 -9999 -9999 -9999 -9999 -9999 -9999 -9999 -9999 -9999 -9999 -9999 -9999 -9999 -9999 -9999 -9999 -9999 -9999 -9999 -9999 -9999 -9999 -9999 -9999 -9999 -9999 -9999 -9999 -9999 -9999 -9999 -9999 -9999 -9999 -9999 -9999 -9999 -9999 154 164 162 161 160 160 161 162 164 165 168 177 181 185 187 184 180 177 171 170 169 169 169 170 172 172 175 178 179 176 174 171 166 166 167 161 161 159 161 161 163 161 161 162 167 169 172
-9999 -9999 -9999 -9999 -9999 -9999 -9999 -9999 -9999 -9999 -9999 -9999 -9999 -9999 -9999 -9999 -9999 -9999 -9999 -9999 -9999 -9999 -9999 -9999 -9999 -9999 -9999 -9999 -9999 -9999 -9999 -9999 -9999 -9999 -9999 -9999 -9999 -9999 -9999 -9999 -9999 -9999 -9999 -9999 -9999 -9999 -9999 164 164 162 161 160 159 161 163 162 163 166 169 172 180 184 182 177 175 170 168 166 165 166 167 166 167 171 171 177 178 174 172 168 170 168 163 160 162 164 165 166 165 160 161 163 168 172
-9999 -9999 -9999 -9999 -9999 -9999 -9999 -9999 -9999 -9999 -9999 -9999 -9999 -9999 -9999 -9999 -9999 -9999 -9999 -9999 -9999 -9999 -9999 -9999 -9999 -9999 -9999 -9999 -9999 -9999 -9999 -9999 -9999 -9999 -9999 -9999 -9999 -9999 -9999 -9999 -9999 -9999 -9999 -9999 -9999 -9999 -9999 165 164 162 161 161 160 161 160 161 161 164 166 175 183 182 179 176 174 169 169 166 166 166 166 165 166 166 170 174 176 174 172 171 169 167 163 161 162 163 166 165 163 161 161 165 168 172
-9999 -9999 -9999 -9999 -9999 -9999 -9999 -9999 -9999 -9999 -9999 -9999 -9999 -9999 -9999 -9999 -9999 -9999 -9999 -9999 -9999 -9999 -9999 -9999 -9999 -9999 -9999 -9999 -9999 -9999 -9999 -9999 -9999 -9999 -9999 -9999 -9999 -9999 -9999 -9999 -9999 -9999 -9999 -9999 -9999 -9999 -9999 166 165 164 164 163 160 162 161 162 160 163 169 181 184 185 183 182 179 173 171 167 166 165 165 165 167 166 169 172 176 179 177 173 168 165 162 160 162 162 168 169 165 161 163 163 167 166
-9999 -9999 -9999 -9999 -9999 -9999 -9999 -9999 -9999 -9999 -9999 -9999 -9999 -9999 -9999 -9999 -9999 -9999 -9999 -9999 -9999 -9999 -9999 -9999 -9999 -9999 -9999 -9999 -9999 -9999 -9999 -9999 -9999 -9999 -9999 -9999 -9999 -9999 -9999 -9999 -9999 -9999 -9999 -9999 -9999 -9999 -9999 165 162 164 164 161 162 164 162 160 161 162 169 183 186 190 188 187 182 178 173 170 170 170 166 165 168 165 168 171 176 181 180 176 170 168 165 162 161 167 167 166 167 167 163 162 163 165
-9999 -9999 -9999 -9999 -9999 -9999 -9999 -9999 -9999 -9999 -9999 -9999 -9999 -9999 -9999 -9999 -9999 -9999 -9999 -9999 -9999 -9999 -9999 -9999 -9999 -9999 -9999 -9999 -9999 -9999 -9999 -9999 -9999 -9999 -9999 -9999 -9999 -9999 -9999 -9999 -9999 -9999 -9999 -9999 147 162 164 165 164 166 164 162 161 161 162 161 160 162 166 172 180 192 194 191 187 181 175 173 173 171 170 170 167 167 166 168 171 177 180 180 175 171 166 161 163 168 169 167 168 169 164 162 165 167
-9999 -9999 -9999 -9999 -9999 -9999 -9999 -9999 -9999 -9999 -9999 -9999 -9999 -9999 -9999 -9999 -9999 -9999 -9999 -9999 -9999 -9999 -9999 -9999 -9999 -9999 -9999 -9999 -9999 -9999 -9999 -9999 -9999 -9999 -9999 -9999 -9999 -9999 -9999 -9999 -9999 -9999 -9999 -9999 158 166 165 167 163 165 166 165 162 161 160 161 167 167 165 172 178 189 195 189 187 184 176 172 171 169 168 167 168 167 165 168 172 176 180 173 172 169 163 162 162 171 173 170 169 168 171 168 167 163
-9999 -9999 -9999 -9999 -9999 -9999 -9999 -9999 -9999 -9999 -9999 -9999 -9999 -9999 -9999 -9999 -9999 -9999 -9999 -9999 -9999 -9999 -9999 -9999 -9999 -9999 -9999 -9999 -9999 -9999 -9999 -9999 -9999 -9999 -9999 -9999 -9999 -9999 -9999 -9999 -9999 -9999 -9999 -9999 166 166 163 164 166 165 164 164 164 163 160 162 164 167 168 171 175 185 189 184 183 179 177 176 174 172 172 167 168 172 165 165 171 175 179 173 169 166 162 164 167 175 179 178 173 169 169 170 167 167
-9999 -9999 -9999 -9999 -9999 -9999 -9999 -9999 -9999 -9999 -9999 -9999 -9999 -9999 -9999 -9999 -9999 -9999 -9999 -9999 -9999 -9999 -9999 -9999 -9999 -9999 -9999 -9999 -9999 -9999 -9999 -9999 -9999 -9999 -9999 -9999 -9999 -9999 -9999 -9999 -9999 -9999 -9999 -9999 166 165 161 162 166 164 165 165 164 162 160 160 162 165 168 169 179 186 186 183 180 179 185 185 175 171 171 169 166 168 163 163 169 171 172 171 166 168 163 166 170 179 181 183 178 170 170 170 172 172
-9999 -9999 -9999 -9999 -9999 -9999 -9999 -9999 -9999 -9999 -9999 -9999 -9999 -9999 -9999 -9999 -9999 -9999 -9999 -9999 -9999 -9999 -9999 -9999 -9999 -9999 -9999 -9999 -9999 -9999 -9999 -9999 -9999 -9999 -9999 -9999 -9999 -9999 -9999 -9999 -9999 -9999 -9999 -9999 163 162 162 162 166 164 164 164 165 165 162 163 164 165 168 174 184 183 185 182 182 183 193 193 177 172 170 169 169 171 166 163 166 168 166 166 164 165 164 164 170 177 184 186 180 174 174 172 171 171
-9999 -9999 -9999 -9999 -9999 -9999 -9999 -9999 -9999 -9999 -9999 -9999 -9999 -9999 -9999 -9999 -9999 -9999 -9999 -9999 -9999 -9999 -9999 -9999 -9999 -9999 -9999 -9999 -9999 -9999 -9999 -9999 -9999 -9999 -9999 -9999 -9999 -9999 -9999 -9999 -9999 -9999 164 164 160 162 163 163 164 163 163 165 165 168 169 166 166 170 169 180 186 184 185 185 184 184 187 187 176 175 176 174 168 166 167 165 166 165 165 162 165 166 168 164 170 174 183 188 185 180 178 173 169 168
-9999 -9999 -9999 -9999 -9999 -9999 -9999 -9999 -9999 -9999 -9999 -9999 -9999 -9999 -9999 -9999 -9999 -9999 -9999 -9999 -9999 -9999 -9999 -9999 -9999 -9999 -9999 -9999 -9999 -9999 -9999 -9999 -9999 -9999 -9999 -9999 -9999 -9999 -9999 -9999 -9999 -9999 167 163 160 163 164 165 167 163 163 167 168 170 171 171 171 173 175 183 188 190 188 189 191 187 182 181 175 179 183 177 173 172 170 164 165 164 164 166 167 166 168 167 169 177 183 189 186 183 177 170 170 167
158 156 158 164 157 160 153 154 156 151 153 157 151 155 158 164 163 -9999 -9999 -9999 -9999 -9999 -9999 -9999 -9999 -9999 -9999 -9999 -9999 -9999 -9999 -9999 -9999 -9999 -9999 -9999 -9999 -9999 -9999 -9999 -9999 -9999 164 163 163 165 165 165 165 164 164 167 168 168 171 172 175 178 180 183 186 189 191 191 192 192 187 180 177 183 185 180 176 172 168 164 164 168 169 168 168 170 169 169 170 174 180 186 191 182 173 169 171 177
162 164 167 167 167 168 166 161 158 154 153 155 154 150 142 158 163 -9999 -9999 -9999 -9999 -9999 -9999 -9999 -9999 -9999 -9999 -9999 -9999 -9999 -9999 -9999 -9999 -9999 -9999 -9999 -9999 -9999 -9999 -9999 -9999 -9999 164 163 163 166 163 164 167 167 163 166 167 167 168 171 177 178 177 182 181 186 189 187 187 187 185 178 179 186 189 180 175 170 170 166 165 168 172 173 174 172 169 173 173 173 178 187 191 188 180 174 177 185
164 162 163 163 163 162 164 166 168 166 162 158 154 153 153 156 152 -9999 -9999 -9999 -9999 -9999 -9999 -9999 -9999 -9999 -9999 -9999 -9999 -9999 -9999 -9999 -9999 -9999 -9999 -9999 -9999 -9999 -9999 -9999 -9999 -9999 165 169 166 164 162 164 166 166 162 165 165 168 169 172 176 177 176 180 182 187 189 185 181 183 179 175 179 183 189 181 175 173 173 164 164 170 176 174 179 181 178 176 174 173 177 184 194 194 188 180 175 180
163 162 162 162 163 163 162 164 164 164 165 166 163 159 157 158 152 151 153 -9999 -9999 -9999 -9999 -9999 -9999 -9999 -9999 -9999 -9999 -9999 -9999 -9999 -9999 -9999 -9999 -9999 -9999 -9999 -9999 166 166 164 164 164 163 163 162 163 163 164 163 164 165 169 172 174 175 175 177 182 184 184 189 186 185 181 180 177 181 187 188 181 178 175 171 169 164 170 174 174 179 180 184 181 182 179 178 185 193 194 189 181 185 182
162 163 163 162 161 162 162 161 163 163 164 165 167 166 163 162 161 152 143 -9999 -9999 -9999 -9999 -9999 -9999 -9999 -9999 -9999 -9999 -9999 -9999 -9999 -9999 -9999 -9999 -9999 -9999 -9999 -9999 167 164 165 165 167 164 163 162 163 164 163 163 163 163 169 175 172 173 175 179 180 177 181 183 189 186 182 179 180 184 189 189 184 176 173 171 171 165 169 174 175 176 180 182 178 178 179 181 183 191 195 191 184 189 186
161 162 160 161 162 161 160 161 162 164 163 162 164 166 168 165 162 162 158 161 168 164 163 163 -9999 -9999 -9999 -9999 -9999 -9999 -9999 -9999 -9999 -9999 165 155 164 166 165 162 162 163 162 165 167 164 162 163 162 160 162 161 163 164 172 171 172 177 174 176 176 180 182 185 188 182 179 180 185 189 191 185 180 176 173 171 166 167 170 175 177 179 178 176 177 181 180 182 191 194 200 192 190 188
162 160 160 161 161 161 162 161 161 162 165 163 162 164 165 165 165 162 162 160 157 157 162 163 -9999 -9999 -9999 -9999 -9999 -9999 -9999 -9999 -9999 -9999 154 173 169 170 163 162 163 162 165 163 166 167 165 163 162 160 161 164 166 172 173 170 170 172 172 175 175 178 181 185 188 181 182 181 184 189 189 186 182 178 172 171 169 166 167 173 174 178 176 177 179 183 184 185 189 191 199 199 196 192
162 164 162 161 161 160 160 160 162 162 162 163 162 162 162 162 164 165 162 162 160 165 164 166 -9999 -9999 -9999 -9999 -9999 -9999 -9999 -9999 -9999 -9999 150 169 172 169 162 160 162 165 166 166 167 167 164 162 165 167 165 167 170 169 169 170 170 173 175 177 179 180 183 186 188 188 186 181 185 188 188 187 181 176 173 170 167 165 167 171 170 172 174 176 176 178 184 184 183 186 193 197 202 203
162 162 162 163 162 162 162 162 161 161 162 163 162 161 160 162 163 165 166 165 161 159 166 158 167 166 163 -9999 -9999 -9999 -9999 -9999 160 162 166 170 170 164 160 161 162 163 166 164 163 166 162 160 162 165 162 164 169 166 167 170 175 175 182 180 181 182 185 190 192 189 184 182 185 190 186 180 178 174 171 168 168 166 168 172 170 172 176 178 173 176 180 180 181 188 194 200 201 202
161 162 160 159 162 163 163 164 163 163 163 162 163 161 163 163 164 162 163 167 165 162 159 152 153 159 165 -9999 -9999 -9999 -9999 -9999 152 173 168 167 164 162 161 161 161 162 163 163 162 161 162 161 161 159 162 165 167 164 166 172 171 172 174 176 178 182 188 196 196 191 185 184 188 190 182 177 175 173 173 173 170 166 167 169 174 176 180 182 177 178 179 182 183 191 194 205 204 195
160 160 161 160 160 164 161 161 162 164 164 164 163 163 162 162 163 163 161 162 164 165 162 154 156 153 152 154 154 147 146 163 162 172 168 167 165 160 160 159 161 162 165 162 161 161 162 162 163 161 161 161 163 165 165 173 175 173 174 173 175 181 190 195 196 189 184 185 193 195 186 179 178 178 176 177 172 167 166 168 172 177 180 185 184 181 184 188 188 190 189 196 195 194
163 164 158 160 159 161 162 160 161 163 163 163 163 164 165 162 162 162 162 162 162 163 165 165 163 148 157 157 159 168 172 175 173 173 175 175 165 161 159 159 160 162 165 161 161 161 162 167 167 171 170 163 167 168 168 173 180 180 178 178 176 182 190 196 194 188 185 186 194 203 188 184 180 181 177 173 172 167 165 169 174 176 178 183 185 185 188 189 185 184 185 190 190 192
160 162 161 161 161 160 160 162 162 164 165 165 163 163 162 163 162 162 162 162 160 161 161 162 164 164 167 165 171 176 174 173 171 171 173 177 175 163 160 161 160 162 164 162 160 160 161 162 165 168 172 175 173 176 174 175 178 184 181 181 181 189 197 193 185 188 185 185 192 203 199 189 184 180 178 176 174 170 167 168 172 174 178 181 183 183 186 188 183 182 188 193 193 191
158 161 161 161 162 161 161 161 163 162 167 166 162 161 158 162 167 162 162 165 161 162 161 163 161 163 166 169 179 174 175 173 170 169 167 169 171 168 159 161 164 161 164 161 161 160 161 159 163 165 170 169 171 172 178 178 184 185 182 177 180 189 194 186 181 182 185 186 193 197 201 192 183 180 176 175 174 169 168 168 175 178 177 177 179 180 182 182 182 184 190 194 193 186
159 161 162 160 162 161 164 164 163 163 168 166 166 161 165 161 170 166 165 171 162 161 163 163 162 165 169 174 179 178 175 176 175 171 169 165 165 163 160 160 160 163 162 161 161 162 161 160 161 162 163 167 171 174 177 178 181 185 182 179 178 186 189 183 179 187 186 187 185 191 197 195 188 180 175 172 169 170 167 169 170 175 175 173 175 178 178 179 179 182 185 193 192 184
164 163 163 161 164 158 163 172 168 171 168 171 174 165 166 165 168 171 174 174 166 163 172 175 169 170 177 179 184 183 179 177 179 174 167 163 164 162 162 163 161 164 163 163 164 162 161 160 161 161 162 165 169 173 176 180 179 180 178 175 175 180 178 177 178 182 179 183 180 187 195 192 187 180 174 171 170 171 169 169 169 172 172 176 174 177 178 178 181 185 187 191 191 185
167 164 162 160 161 162 160 170 177 172 173 172 175 168 172 172 170 173 174 175 171 168 168 172 177 183 180 181 181 181 178 179 178 175 169 165 161 165 170 165 161 165 164 163 160 161 160 161 161 162 165 169 171 176 174 176 175 175 178 175 173 177 176 177 181 179 173 175 178 179 191 188 186 182 178 174 171 170 171 169 169 171 176 181 178 177 178 182 186 189 191 192 193 183
168 170 167 166 164 158 161 169 171 171 174 173 171 169 175 180 174 172 171 171 177 173 173 181 183 184 182 179 178 176 176 177 177 172 169 165 169 174 169 162 162 164 163 162 160 162 161 160 160 160 163 166 169 173 172 171 171 172 176 172 173 180 181 178 176 170 172 174 174 176 181 185 180 180 176 171 171 170 174 175 171 172 178 183 180 179 182 184 188 193 192 189 189 183
172 171 170 168 165 164 158 163 165 170 173 173 172 173 177 184 181 172 173 174 176 177 177 181 179 182 183 183 181 179 176 172 171 170 167 167 169 173 168 166 162 163 162 162 163 163 161 160 161 163 164 168 170 169 168 166 169 173 171 168 169 180 181 174 168 169 172 170 174 175 179 186 183 185 176 173 172 174 173 177 174 172 176 182 182 180 184 189 191 191 190 185 185 183
176 177 174 168 166 164 163 159 164 167 172 174 175 173 180 184 185 178 173 174 174 175 176 177 177 182 183 182 184 180 176 177 174 172 172 171 174 178 176 175 162 163 160 162 162 161 160 160 160 161 165 165 165 165 166 165 167 169 168 169 171 179 175 170 166 171 172 171 171 172 180 189 188 186 179 177 174 176 170 176 173 171 176 181 184 185 187 188 191 191 187 184 182 179
179 179 175 168 166 162 164 165 169 168 173 174 173 174 180 186 188 176 173 172 171 172 172 174 177 179 180 180 184 180 181 182 178 177 178 175 175 176 176 174 169 166 161 163 161 163 161 162 161 165 165 165 165 162 162 162 165 167 169 169 169 172 168 168 166 171 170 173 171 173 182 188 191 185 181 179 174 174 173 178 175 172 177 183 186 187 188 189 190 188 186 181 178 177
173 177 174 171 167 167 162 163 164 167 171 173 174 176 182 184 183 174 171 168 170 169 170 173 175 177 175 177 181 179 181 184 182 184 184 180 179 176 175 172 168 161 165 164 161 162 161 162 162 163 163 166 163 159 161 163 165 166 165 166 169 172 173 171 168 171 169 172 170 175 182 190 191 187 181 180 175 178 172 176 177 172 176 185 187 187 188 188 189 190 186 181 178 177
167 169 168 166 164 161 161 161 166 170 172 174 175 179 185 184 179 168 167 164 166 167 171 172 175 176 174 178 181 179 183 190 186 182 189 187 183 177 173 171 169 164 160 162 160 161 162 161 161 163 162 164 159 159 161 161 165 165 166 167 170 174 174 174 170 169 168 171 172 172 179 188 189 186 180 182 180 181 172 179 180 173 174 180 184 184 185 185 186 188 184 180 176 175
170 170 171 173 166 166 162 160 167 170 173 176 177 179 183 181 179 168 167 164 163 166 167 171 173 173 177 180 180 178 184 185 179 176 183 189 181 178 172 172 169 168 162 162 161 160 161 161 162 163 163 167 161 160 166 164 166 171 172 170 168 171 171 168 167 166 166 170 174 174 183 191 191 184 183 183 182 182 173 179 181 172 176 179 181 182 185 186 185 186 181 179 177 177
180 176 178 177 171 167 167 162 165 170 174 177 180 179 179 175 174 168 166 163 164 166 167 168 171 172 176 180 180 177 177 178 174 171 176 182 180 175 177 170 167 165 163 161 162 161 159 161 162 163 160 159 161 160 166 170 172 172 171 171 171 169 165 165 165 165 166 168 173 174 184 189 191 188 187 183 178 181 173 178 181 174 174 178 182 184 184 186 184 184 180 180 180 183
187 186 183 173 168 167 166 162 163 168 174 175 176 178 179 177 174 169 167 165 163 166 166 168 171 175 177 176 179 177 172 174 171 169 172 175 175 175 174 169 167 166 162 161 162 160 160 160 161 162 161 160 161 160 160 160 165 166 164 167 169 165 161 166 167 164 164 169 172 172 178 182 186 189 189 184 181 181 173 177 179 175 175 179 183 187 185 185 189 182 180 181 185 184
