DEM/DEM16.asc
ncols 800
nrows 800
xllcenter 240150.000000
yllcenter 1520150.000000
cellsize 300.000000
nodata_value -9999
[rows 350 to 384 of 800, columns 560 to 639 of 800]
-9999 -9999 -9999 -9999 -9999 -9999 -9999 -9999 -9999 -9999 -9999 -9999 -9999 -9999 -9999 -9999 -9999 -9999 -9999 -9999 -9999 -9999 -9999 -9999 368 446 579 630 574 658 760 815 619 558 571 572 569 602 543 457 450 490 407 365 333 348 355 334 289 288 349 373 432 472 512 582 624 567 534 525 501 497 523 515 427 374 421 427 381 414 371 333 383 284 237 281 265 188 216 288
-9999 -9999 -9999 -9999 -9999 -9999 -9999 -9999 -9999 -9999 -9999 -9999 -9999 -9999 -9999 -9999 -9999 -9999 -9999 -9999 -9999 -9999 -9999 -9999 357 489 475 446 491 614 735 761 670 589 529 484 519 537 555 490 418 433 408 350 315 306 294 321 280 302 306 361 391 448 484 556 588 531 479 468 506 464 471 517 455 452 482 520 478 496 420 403 395 285 304 338 275 197 234 262
-9999 -9999 -9999 -9999 -9999 -9999 -9999 -9999 -9999 -9999 -9999 -9999 -9999 -9999 -9999 -9999 -9999 -9999 -9999 -9999 -9999 -9999 -9999 -9999 -9999 -9999 -9999 431 561 686 785 728 633 590 531 475 466 475 523 520 437 376 345 309 307 323 301 288 290 339 318 320 363 403 437 487 543 509 490 447 421 415 425 503 480 507 545 543 532 530 473 471 422 346 375 355 241 192 236 282
-9999 -9999 -9999 -9999 -9999 -9999 -9999 -9999 -9999 -9999 -9999 -9999 -9999 -9999 -9999 -9999 -9999 -9999 -9999 -9999 -9999 -9999 -9999 -9999 -9999 -9999 -9999 466 614 721 806 758 635 541 496 485 479 437 397 431 343 347 317 332 361 349 355 350 312 364 354 377 375 379 430 494 516 490 483 463 482 439 380 448 442 506 535 525 512 474 454 483 404 366 337 254 218 233 234 335
-9999 -9999 -9999 -9999 -9999 -9999 -9999 -9999 -9999 -9999 -9999 -9999 -9999 -9999 -9999 -9999 -9999 -9999 -9999 -9999 -9999 -9999 -9999 -9999 -9999 -9999 -9999 553 645 754 793 721 628 564 569 553 561 528 452 376 367 341 373 374 388 401 400 344 337 389 369 394 420 423 403 491 512 544 498 518 511 469 374 434 393 448 439 440 431 397 435 521 397 288 239 247 232 276 250 296
-9999 -9999 -9999 -9999 -9999 -9999 -9999 -9999 -9999 -9999 -9999 -9999 -9999 -9999 -9999 -9999 -9999 -9999 -9999 -9999 -9999 -9999 -9999 -9999 -9999 -9999 -9999 587 660 755 748 658 618 654 649 638 658 555 436 414 424 381 433 425 395 433 431 361 327 346 360 423 449 487 499 484 535 551 517 502 428 397 392 357 345 357 313 321 334 351 501 532 479 358 227 277 253 289 288 290
-9999 -9999 -9999 -9999 -9999 -9999 -9999 -9999 -9999 -9999 -9999 -9999 -9999 -9999 -9999 -9999 -9999 -9999 -9999 -9999 -9999 -9999 -9999 -9999 -9999 -9999 -9999 599 630 748 728 710 669 615 619 635 617 524 500 529 501 499 521 527 488 478 447 359 400 395 359 395 407 481 561 533 584 522 474 458 473 477 499 411 351 335 345 299 303 401 501 511 408 320 227 281 263 313 337 344
-9999 -9999 -9999 -9999 -9999 -9999 -9999 -9999 -9999 -9999 -9999 -9999 -9999 -9999 -9999 -9999 -9999 -9999 -9999 -9999 -9999 -9999 -9999 -9999 -9999 -9999 -9999 572 643 748 763 707 635 588 583 551 525 500 538 605 557 587 596 591 487 422 384 405 468 385 410 465 447 473 554 633 629 578 541 529 523 552 540 465 433 466 438 318 284 357 418 470 397 286 231 265 240 279 319 374
-9999 -9999 -9999 -9999 -9999 -9999 -9999 -9999 -9999 -9999 -9999 -9999 -9999 -9999 -9999 -9999 -9999 -9999 -9999 -9999 -9999 -9999 -9999 -9999 -9999 -9999 -9999 504 602 672 706 661 603 595 583 560 537 535 614 593 560 612 668 609 495 422 406 440 498 410 469 540 546 515 588 642 607 583 527 491 474 507 522 531 485 425 384 315 296 288 335 407 414 314 223 208 216 247 302 346
-9999 -9999 -9999 -9999 -9999 -9999 -9999 -9999 -9999 -9999 -9999 -9999 -9999 -9999 -9999 -9999 -9999 -9999 -9999 -9999 -9999 -9999 -9999 -9999 -9999 -9999 -9999 480 496 532 623 608 580 579 634 603 582 586 595 570 561 585 627 583 496 495 466 466 516 428 464 545 620 621 653 616 611 560 540 500 473 462 453 451 453 405 366 398 348 274 265 347 446 429 312 240 207 250 299 291
-9999 -9999 -9999 -9999 -9999 -9999 -9999 -9999 -9999 -9999 -9999 -9999 -9999 -9999 -9999 -9999 -9999 -9999 -9999 -9999 -9999 -9999 -9999 -9999 -9999 -9999 -9999 -9999 -9999 497 487 471 490 580 638 634 565 613 591 578 608 591 620 634 554 556 492 535 546 463 475 535 574 680 642 582 565 541 538 522 493 481 488 444 397 374 435 513 458 342 278 264 381 395 320 233 202 238 244 283
-9999 -9999 -9999 -9999 -9999 -9999 -9999 -9999 -9999 -9999 -9999 -9999 -9999 -9999 -9999 -9999 -9999 -9999 -9999 -9999 -9999 -9999 -9999 -9999 -9999 -9999 -9999 -9999 -9999 430 421 398 503 624 673 679 602 630 639 606 602 594 628 688 680 586 549 579 577 503 522 601 648 690 657 599 598 589 529 526 506 492 464 475 444 437 470 523 456 339 296 246 332 303 256 213 227 298 294 285
-9999 -9999 -9999 -9999 -9999 -9999 -9999 -9999 -9999 -9999 -9999 -9999 -9999 -9999 -9999 -9999 -9999 -9999 -9999 -9999 -9999 -9999 -9999 -9999 -9999 -9999 -9999 -9999 -9999 -9999 -9999 -9999 525 634 708 661 604 645 676 614 618 624 639 656 713 678 661 648 656 609 613 671 712 717 641 587 542 543 532 517 519 495 529 536 527 531 539 486 423 373 360 262 243 224 242 244 226 257 282 316
-9999 -9999 -9999 -9999 -9999 -9999 -9999 -9999 -9999 -9999 -9999 -9999 -9999 -9999 -9999 -9999 -9999 -9999 -9999 -9999 -9999 -9999 -9999 -9999 -9999 -9999 -9999 -9999 -9999 -9999 -9999 -9999 535 618 729 653 617 643 687 631 673 675 657 701 689 761 788 723 733 667 637 643 700 668 634 613 595 522 492 511 536 509 517 566 590 570 570 460 351 352 421 335 250 234 313 263 220 255 311 312
-9999 -9999 -9999 -9999 -9999 -9999 -9999 -9999 -9999 -9999 -9999 -9999 -9999 -9999 -9999 -9999 -9999 -9999 -9999 -9999 -9999 -9999 -9999 -9999 -9999 -9999 -9999 -9999 -9999 -9999 -9999 -9999 503 612 743 713 652 656 692 642 657 677 720 737 761 804 797 710 694 664 589 635 667 629 598 590 607 546 517 476 475 482 497 513 596 614 538 420 336 325 351 268 224 266 348 265 230 273 286 333
-9999 -9999 -9999 -9999 -9999 -9999 -9999 -9999 -9999 -9999 -9999 -9999 -9999 -9999 -9999 -9999 -9999 -9999 -9999 -9999 -9999 -9999 -9999 -9999 -9999 -9999 -9999 -9999 -9999 -9999 -9999 -9999 531 604 715 702 656 678 707 660 682 714 738 745 697 744 759 640 624 641 578 614 652 597 525 542 616 607 548 516 499 481 452 476 573 630 526 381 306 294 278 282 275 250 357 280 243 297 295 332
-9999 -9999 -9999 -9999 -9999 -9999 -9999 -9999 -9999 -9999 -9999 -9999 -9999 -9999 -9999 -9999 -9999 -9999 -9999 -9999 -9999 -9999 -9999 -9999 -9999 -9999 -9999 -9999 -9999 -9999 -9999 -9999 474 533 653 714 725 720 719 710 716 757 708 673 636 681 662 654 589 607 562 529 567 582 526 537 614 551 491 564 532 513 483 450 546 585 474 407 363 381 356 321 299 270 347 276 237 259 271 291
-9999 -9999 -9999 -9999 -9999 -9999 -9999 -9999 -9999 -9999 -9999 -9999 -9999 -9999 -9999 -9999 -9999 -9999 -9999 -9999 -9999 -9999 -9999 -9999 -9999 -9999 -9999 -9999 -9999 -9999 -9999 -9999 390 457 549 689 798 810 802 782 789 722 687 632 589 606 610 617 558 545 499 481 453 450 433 454 547 493 462 542 526 557 520 420 480 519 420 342 338 391 391 282 229 312 337 271 225 289 305 328
-9999 -9999 -9999 -9999 -9999 -9999 -9999 -9999 -9999 -9999 -9999 -9999 -9999 -9999 -9999 -9999 -9999 -9999 -9999 -9999 -9999 -9999 -9999 -9999 -9999 -9999 -9999 -9999 -9999 -9999 -9999 -9999 350 386 481 647 786 913 931 885 824 768 736 687 647 606 591 553 558 533 502 468 492 471 478 409 486 426 480 509 446 516 467 390 411 430 407 349 301 338 418 362 277 236 314 296 230 258 263 328
-9999 -9999 -9999 -9999 -9999 -9999 -9999 -9999 -9999 -9999 -9999 -9999 -9999 -9999 -9999 -9999 -9999 -9999 -9999 -9999 -9999 -9999 -9999 -9999 -9999 -9999 -9999 -9999 -9999 -9999 -9999 -9999 371 377 507 678 798 890 885 904 897 871 825 771 749 663 628 608 630 576 622 621 603 598 515 415 378 360 447 498 430 528 502 438 397 359 371 355 277 308 377 303 270 259 339 310 248 274 275 297
-9999 -9999 -9999 -9999 -9999 -9999 -9999 -9999 -9999 -9999 -9999 -9999 -9999 -9999 -9999 -9999 -9999 -9999 -9999 -9999 -9999 -9999 -9999 -9999 -9999 -9999 -9999 -9999 -9999 -9999 -9999 -9999 471 460 534 668 783 822 808 839 849 839 872 845 740 686 697 684 640 602 667 671 643 632 534 455 396 386 460 475 445 533 528 531 457 379 335 308 263 263 340 328 258 317 412 337 255 284 300 341
-9999 -9999 -9999 -9999 -9999 -9999 -9999 -9999 -9999 -9999 -9999 -9999 -9999 -9999 -9999 -9999 -9999 -9999 -9999 -9999 -9999 -9999 -9999 -9999 -9999 -9999 -9999 -9999 -9999 -9999 -9999 -9999 588 637 651 747 769 777 766 824 806 785 815 881 830 792 766 730 653 635 701 671 636 619 572 497 463 407 397 447 469 545 610 609 521 508 434 354 295 264 305 333 250 357 418 348 268 305 315 321
-9999 -9999 -9999 -9999 -9999 -9999 -9999 -9999 -9999 -9999 -9999 -9999 -9999 -9999 -9999 -9999 -9999 -9999 -9999 -9999 -9999 -9999 -9999 -9999 -9999 -9999 -9999 -9999 -9999 -9999 -9999 -9999 598 709 804 810 736 729 747 770 774 753 817 882 821 802 772 695 588 625 699 681 642 650 650 624 524 443 358 388 453 529 562 650 632 528 481 337 264 242 248 247 267 336 404 399 282 294 352 344
-9999 -9999 -9999 -9999 -9999 -9999 -9999 -9999 -9999 -9999 -9999 -9999 -9999 -9999 -9999 -9999 -9999 -9999 -9999 -9999 -9999 -9999 -9999 -9999 -9999 -9999 -9999 -9999 -9999 -9999 -9999 -9999 621 734 874 836 772 704 695 732 724 775 855 869 789 769 751 686 580 555 599 605 596 646 662 568 512 450 359 378 438 535 596 637 603 406 399 360 249 245 280 319 357 373 447 423 298 288 364 412
-9999 -9999 -9999 -9999 -9999 -9999 -9999 -9999 -9999 -9999 -9999 -9999 -9999 -9999 -9999 -9999 -9999 -9999 -9999 -9999 -9999 -9999 -9999 -9999 -9999 -9999 -9999 -9999 -9999 -9999 -9999 -9999 704 767 851 757 760 710 677 727 730 763 809 855 800 734 687 582 534 499 504 510 507 589 629 581 495 455 338 378 448 516 550 583 519 390 328 370 289 242 270 345 387 446 480 440 324 286 337 437
-9999 -9999 -9999 -9999 -9999 -9999 -9999 -9999 -9999 -9999 -9999 -9999 -9999 -9999 -9999 -9999 -9999 -9999 -9999 -9999 -9999 -9999 -9999 -9999 -9999 -9999 -9999 -9999 -9999 635 663 768 782 781 829 741 688 677 651 703 706 741 779 817 775 688 624 532 495 455 447 460 433 500 556 622 535 401 326 394 443 468 518 509 425 330 274 268 298 241 244 275 356 439 534 459 344 299 358 445
-9999 -9999 -9999 -9999 -9999 -9999 -9999 -9999 -9999 -9999 -9999 -9999 -9999 -9999 -9999 -9999 -9999 -9999 -9999 -9999 -9999 -9999 -9999 -9999 -9999 -9999 -9999 -9999 -9999 642 726 777 788 767 798 753 684 654 638 670 731 767 825 857 838 753 705 647 591 540 489 434 391 455 529 559 456 340 317 354 370 397 388 388 406 291 343 317 251 236 274 341 432 484 503 447 332 306 381 448
-9999 -9999 -9999 -9999 -9999 -9999 -9999 -9999 -9999 -9999 -9999 -9999 -9999 -9999 -9999 -9999 -9999 -9999 -9999 -9999 -9999 -9999 -9999 -9999 -9999 -9999 -9999 -9999 -9999 663 745 775 796 753 802 751 681 622 616 662 724 757 788 854 868 858 792 777 756 655 540 483 414 408 500 467 390 319 302 280 269 294 293 283 344 289 340 337 290 263 265 373 443 440 484 475 340 340 379 465
-9999 -9999 -9999 -9999 -9999 -9999 -9999 -9999 -9999 -9999 -9999 -9999 -9999 -9999 -9999 -9999 -9999 -9999 -9999 -9999 -9999 -9999 -9999 -9999 -9999 -9999 -9999 -9999 -9999 719 752 753 761 714 788 743 652 611 592 617 677 717 760 771 798 793 710 687 703 695 552 490 428 375 433 404 367 327 347 281 275 323 351 300 284 280 370 367 372 303 283 375 394 451 512 511 376 384 428 505
-9999 -9999 -9999 -9999 -9999 -9999 -9999 -9999 -9999 -9999 -9999 -9999 -9999 -9999 -9999 -9999 -9999 -9999 -9999 -9999 -9999 -9999 -9999 -9999 -9999 -9999 -9999 -9999 -9999 643 723 732 699 653 693 714 661 617 598 639 700 675 741 724 710 714 642 602 619 709 631 568 467 390 377 350 318 318 367 295 321 415 399 339 284 359 425 425 403 311 293 383 426 474 494 515 409 381 446 545
-9999 -9999 -9999 -9999 -9999 -9999 -9999 -9999 -9999 -9999 -9999 -9999 -9999 -9999 -9999 -9999 -9999 -9999 -9999 -9999 -9999 -9999 -9999 -9999 -9999 -9999 -9999 569 535 567 702 796 778 696 645 639 641 618 595 611 649 661 686 669 598 627 609 554 611 688 716 646 535 449 396 353 345 365 390 306 317 330 383 447 425 485 495 479 381 325 286 319 343 376 401 443 447 395 476 558
-9999 -9999 -9999 -9999 -9999 -9999 -9999 -9999 -9999 -9999 -9999 -9999 -9999 -9999 -9999 -9999 -9999 -9999 -9999 -9999 -9999 -9999 -9999 -9999 -9999 -9999 -9999 406 460 595 685 773 754 711 695 644 610 616 601 590 593 613 593 607 593 565 580 514 567 605 702 720 627 543 436 374 376 440 417 340 300 293 354 421 519 541 591 471 359 406 341 308 323 324 366 450 501 403 457 560
-9999 -9999 -9999 -9999 -9999 -9999 -9999 -9999 -9999 -9999 -9999 -9999 -9999 -9999 -9999 -9999 -9999 -9999 -9999 -9999 -9999 -9999 -9999 -9999 -9999 -9999 -9999 -9999 -9999 525 600 620 629 714 728 685 628 625 617 616 588 564 493 512 559 540 570 492 482 579 641 656 618 520 422 418 469 490 432 345 329 332 320 389 520 599 602 459 370 428 377 374 399 335 386 490 556 447 467 566
-9999 -9999 -9999 -9999 -9999 -9999 -9999 -9999 -9999 -9999 -9999 -9999 -9999 -9999 -9999 -9999 -9999 -9999 -9999 -9999 -9999 -9999 -9999 -9999 -9999 -9999 -9999 -9999 -9999 450 512 481 530 592 722 734 667 642 640 623 620 596 567 486 512 494 495 452 492 561 601 577 556 465 434 454 442 446 399 333 330 317 390 492 558 577 516 433 427 456 417 375 364 335 390 479 546 501 477 561
-9999 -9999 -9999 -9999 -9999 -9999 -9999 -9999 -9999 -9999 -9999 -9999 -9999 -9999 -9999 -9999 -9999 -9999 -9999 -9999 -9999 -9999 -9999 -9999 -9999 -9999 -9999 -9999 -9999 366 420 417 490 568 720 782 756 720 673 655 682 657 628 491 451 450 424 405 469 581 569 540 505 444 410 391 372 373 327 340 411 395 446 576 669 643 568 504 484 431 441 392 387 372 361 423 489 565 512 550
