DEM/DEM14.asc
ncols 800
nrows 800
xllcenter 960150.000000
yllcenter 1760150.000000
cellsize 300.000000
nodata_value -9999
[rows 702 to 740 of 800, columns 0 to 87 of 800]
156 155 156 156 152 154 154 153 153 155 155 150 149 151 146 151 153 155 153 150 151 151 153 151 150 151 150 147 147 147 146 150 151 152 150 152 150 149 150 151 148 149 149 151 146 146 149 149 148 145 144 144 144 146 152 149 149 147 146 145 145 145 145 143 145 145 145 143 144 144 146 146 147 148 149 148 148 149 150 147 147 146 146 152 150 146 151 151
160 157 159 157 154 154 153 150 150 151 151 150 151 154 148 152 154 154 152 151 151 151 150 149 148 150 148 148 146 147 146 147 149 149 150 150 149 149 149 150 152 148 146 146 146 146 145 144 144 143 144 144 144 146 149 151 150 149 145 144 145 145 145 145 145 145 145 144 144 144 146 149 153 152 149 150 152 151 153 152 150 149 147 148 149 147 148 146
165 158 159 156 155 157 154 150 150 151 151 148 150 154 148 149 152 154 152 152 152 150 149 149 149 149 149 148 150 149 149 150 152 150 149 149 148 148 150 151 155 145 146 146 146 146 146 145 146 145 144 146 149 148 147 151 149 149 144 146 146 145 145 144 144 144 145 145 145 144 147 150 153 151 152 155 155 155 152 153 155 154 150 147 145 145 145 145
165 158 158 155 160 156 157 158 155 152 151 150 149 149 149 148 149 150 149 151 151 151 150 151 151 153 150 152 154 155 152 151 152 150 149 149 148 151 155 158 148 146 146 146 147 148 148 148 150 151 148 150 153 153 149 148 145 145 146 146 146 145 144 145 145 145 145 146 146 146 150 152 153 151 155 158 159 153 153 157 157 157 152 148 145 145 145 146
164 162 158 158 162 158 161 162 159 154 153 151 150 152 151 149 151 152 151 152 153 154 153 152 153 152 153 153 155 156 158 153 154 153 150 149 149 150 152 153 147 147 147 150 151 154 152 152 154 154 152 153 157 155 147 146 145 146 146 147 145 145 146 146 147 148 148 147 147 152 153 157 156 154 158 162 157 157 156 162 160 156 151 149 145 145 145 147
169 167 161 157 163 161 162 162 161 155 158 155 156 153 150 150 151 153 152 155 156 155 155 154 157 153 157 158 158 159 161 156 162 158 153 151 151 152 156 156 148 147 149 155 157 159 158 156 156 157 159 161 159 153 147 145 145 147 147 147 148 147 150 151 153 150 154 148 150 159 161 162 160 160 161 160 161 164 162 158 156 157 155 154 149 145 148 149
167 163 159 159 161 165 163 164 163 155 159 161 155 155 151 152 160 155 155 154 156 159 161 156 159 156 163 164 161 165 165 162 166 162 153 151 151 153 156 151 147 148 153 158 161 165 162 162 159 162 165 163 160 152 145 145 148 150 148 148 154 154 152 151 156 152 158 153 149 153 159 160 163 168 164 165 166 160 159 160 158 151 152 155 150 148 147 151
169 162 159 161 167 166 165 159 159 159 158 159 157 153 151 154 158 159 159 155 156 157 161 162 164 158 162 168 170 168 171 173 168 159 151 154 151 150 149 148 147 148 150 153 157 161 163 162 159 160 160 156 155 152 151 149 147 153 157 151 152 159 156 153 155 154 161 156 150 153 155 156 159 165 169 166 166 159 156 154 152 151 152 149 147 146 147 147
168 161 161 164 170 170 162 162 165 164 161 159 155 153 153 160 160 164 161 156 159 158 159 165 170 163 169 167 172 173 171 170 167 159 152 153 149 149 149 148 148 148 153 155 156 160 162 159 156 154 154 152 148 148 148 147 136 147 157 158 154 157 160 157 155 158 162 160 154 152 155 159 164 166 169 164 161 156 152 150 150 150 149 149 147 146 146 147
168 163 165 165 170 168 164 169 169 165 159 155 154 154 159 163 165 168 161 158 161 164 160 163 169 169 173 174 169 170 167 165 162 154 151 150 149 148 148 149 150 150 151 154 155 161 161 157 155 151 152 152 150 150 148 149 152 149 156 159 159 160 160 163 162 166 167 164 155 153 155 156 160 166 164 159 155 153 152 151 150 150 150 150 150 152 148 147
169 163 169 171 171 172 168 167 166 160 155 154 154 155 157 159 160 163 167 164 163 170 165 165 170 170 168 171 165 162 159 156 155 152 150 150 150 149 147 149 151 154 155 156 159 161 157 159 157 155 157 155 152 149 149 153 148 147 152 156 164 162 168 171 166 171 168 160 155 154 158 157 160 164 161 160 158 154 151 151 154 154 153 150 155 154 149 149
167 166 173 175 171 167 165 161 158 157 155 154 157 162 162 161 161 163 169 169 163 171 170 172 170 167 163 159 157 157 155 154 152 154 156 157 151 148 148 151 153 158 155 160 159 165 163 163 159 158 161 156 153 150 151 149 149 148 154 159 160 156 162 162 160 163 168 167 159 156 159 160 163 164 166 165 159 154 152 154 159 157 154 152 159 160 153 152
170 168 174 173 167 164 160 159 160 157 162 158 157 164 166 168 165 162 174 174 169 171 173 176 172 166 162 160 157 154 154 154 155 157 158 152 150 149 150 154 154 159 157 160 166 166 162 162 157 158 158 153 150 150 151 150 153 151 157 161 154 152 154 154 156 158 167 168 162 160 163 165 165 160 158 159 157 153 155 161 158 153 151 154 163 162 155 152
172 172 171 168 164 163 163 164 161 158 165 158 157 160 162 163 167 166 169 170 172 172 174 174 173 172 169 163 158 154 153 156 155 156 152 151 150 153 153 160 157 160 163 165 167 168 161 159 156 152 151 151 151 152 148 149 151 150 151 152 152 156 161 162 162 160 159 163 166 164 168 168 163 164 162 157 156 156 161 165 162 155 157 158 162 158 151 149
173 174 170 166 165 170 172 169 163 159 165 164 161 160 163 164 172 172 170 166 165 164 171 172 166 170 167 164 158 153 152 157 152 151 150 150 153 160 155 158 162 159 163 168 166 165 161 157 155 152 152 152 153 151 151 151 149 148 149 149 151 153 158 163 165 165 162 161 165 170 171 167 169 168 163 158 156 162 162 160 157 156 161 159 156 152 149 149
176 176 173 169 166 172 175 169 162 161 170 167 165 161 166 165 174 177 170 164 162 162 168 167 163 162 166 159 154 152 151 153 151 150 151 152 153 160 157 161 165 164 161 168 168 165 162 156 155 158 158 156 154 152 150 149 152 149 152 149 154 159 159 160 162 169 168 163 168 175 177 173 168 163 158 156 159 165 163 162 158 159 157 160 155 150 150 150
173 173 175 171 171 169 168 166 161 164 174 172 164 161 169 172 172 176 169 169 163 160 160 161 160 159 162 157 153 153 153 151 152 153 154 153 153 162 163 160 167 169 164 170 167 161 159 155 158 161 161 157 153 153 153 150 152 153 158 152 154 160 164 166 167 168 171 165 166 174 172 168 164 160 159 161 160 168 169 163 161 159 157 154 151 150 153 153
166 168 173 177 174 172 171 163 162 164 172 168 164 162 166 171 173 175 175 174 170 166 160 156 155 155 155 153 156 158 154 156 157 157 156 158 154 157 162 166 169 172 172 171 165 159 159 158 160 161 158 155 153 153 149 151 151 156 164 161 155 155 158 161 171 177 176 170 168 172 177 172 164 161 162 167 165 167 164 160 161 155 153 152 151 152 156 155
166 171 175 181 177 176 172 162 163 167 170 169 168 162 165 168 170 176 174 170 169 171 164 159 157 155 155 157 158 162 157 157 159 160 158 161 157 156 155 163 168 171 173 169 167 159 162 161 164 160 158 154 154 153 149 148 151 153 159 165 163 155 157 166 172 174 172 173 174 176 176 166 163 166 167 169 171 167 161 159 158 157 157 154 152 152 158 157
165 167 172 176 176 171 168 164 167 174 171 174 173 169 169 172 173 178 172 167 165 167 166 164 162 157 157 155 153 159 160 164 164 161 161 165 158 157 156 159 162 164 169 164 162 161 161 162 162 161 157 154 153 152 151 150 156 161 158 166 167 158 156 163 170 168 169 171 174 179 176 167 166 173 175 171 173 165 165 164 163 161 159 154 152 152 155 159
163 166 175 177 172 170 168 165 168 169 173 176 176 174 175 174 170 175 171 166 161 162 166 163 161 155 154 154 153 155 160 165 170 166 163 164 160 164 158 158 163 167 168 162 163 166 164 161 160 158 155 154 153 151 149 150 156 162 162 164 166 162 158 157 162 165 170 165 169 171 174 175 174 172 169 170 169 164 162 162 163 159 155 153 152 153 154 160
167 165 167 170 177 178 176 168 170 174 176 173 171 168 170 171 169 169 170 163 161 158 160 158 157 156 154 154 153 153 160 169 175 171 164 161 165 169 164 158 159 166 169 164 168 169 163 161 159 157 155 153 151 152 147 150 151 157 164 163 167 169 168 162 158 162 163 165 165 168 173 178 171 170 165 167 168 167 163 158 157 158 155 153 153 154 153 161
170 168 168 172 174 181 174 172 178 177 176 172 170 169 167 166 168 164 162 160 158 157 156 156 155 156 158 159 154 152 158 165 173 176 170 165 165 166 161 162 168 168 167 165 168 164 161 158 158 157 154 156 156 152 150 151 150 152 155 157 164 167 171 170 165 160 163 172 174 176 176 172 167 167 166 162 163 165 164 162 160 158 154 154 155 158 156 159
177 173 170 173 175 181 175 179 180 176 173 175 176 175 174 166 162 164 161 157 157 157 156 156 157 160 162 159 154 153 157 161 168 175 176 171 166 165 164 162 168 173 170 171 169 166 164 162 159 157 154 156 154 150 150 156 151 152 152 154 161 166 171 176 169 166 166 165 168 173 174 168 167 165 163 163 161 159 159 157 159 157 154 154 158 162 157 161
178 172 175 177 177 178 178 183 180 179 177 179 177 175 173 170 162 161 159 160 159 157 156 158 165 161 159 159 153 154 158 164 169 170 174 171 171 172 169 165 164 168 170 172 170 169 164 166 166 162 157 154 151 151 152 158 153 151 151 155 164 163 168 172 170 168 171 174 173 176 173 171 172 167 166 163 161 160 158 157 156 155 154 156 158 163 160 158
180 182 181 183 180 183 181 180 175 174 175 172 168 168 165 167 164 160 159 166 163 162 163 161 163 160 157 155 154 155 157 161 161 163 165 170 179 179 175 169 165 170 170 170 166 163 160 161 161 160 155 153 155 155 151 155 159 153 151 154 159 159 161 164 163 163 168 170 171 175 177 172 169 167 165 165 166 164 158 156 156 156 156 156 157 158 160 161
178 183 181 189 186 182 174 174 172 168 169 171 166 165 164 162 162 161 161 170 174 170 167 168 164 157 157 160 154 157 157 159 163 168 168 172 179 183 179 177 171 172 167 164 166 162 157 157 156 155 155 155 159 153 151 155 161 155 152 151 152 157 159 160 165 171 176 176 176 173 173 175 173 171 170 168 163 160 158 157 159 163 158 160 160 157 158 164
173 174 179 186 187 180 183 182 179 173 168 166 165 165 167 166 161 161 164 167 170 170 166 166 159 159 159 160 155 155 158 158 163 166 169 171 175 180 178 183 179 177 171 163 160 160 158 159 160 156 155 159 153 152 154 159 162 156 153 153 153 155 158 166 173 175 171 172 170 171 167 169 172 174 171 172 166 159 159 159 160 163 161 164 163 158 159 161
179 177 181 182 188 188 185 177 175 172 171 167 167 172 170 168 164 162 164 170 171 168 166 164 164 164 163 160 155 155 159 160 161 162 164 169 174 170 175 180 183 175 171 162 166 165 160 163 164 159 158 157 153 155 161 168 166 157 152 153 154 157 165 172 174 167 167 170 164 170 165 167 172 170 166 164 162 160 160 161 162 167 165 163 162 161 163 161
181 177 180 183 189 184 181 177 174 173 171 169 168 172 167 164 168 164 164 171 173 170 163 161 169 169 167 165 156 156 156 159 158 162 168 171 167 167 171 171 175 170 165 166 171 165 162 169 166 160 162 160 155 155 165 170 165 159 154 153 153 154 162 165 165 159 163 162 163 169 163 165 171 172 166 162 163 161 161 164 162 168 167 163 164 162 167 165
182 184 188 193 190 187 181 179 180 178 175 170 170 170 167 168 169 162 169 174 173 169 163 166 168 171 170 165 160 157 156 157 159 163 170 168 163 163 168 171 178 172 166 170 170 163 168 173 166 168 168 163 156 154 162 166 170 161 155 154 154 153 154 156 158 157 158 158 162 162 161 163 165 170 167 167 166 162 162 167 165 165 172 167 167 163 169 167
191 196 199 198 197 193 186 183 177 174 173 173 175 171 170 170 166 166 173 175 168 165 166 169 174 174 167 166 164 158 157 156 158 159 161 161 162 165 171 177 179 174 168 172 171 166 169 174 173 175 169 161 158 154 157 163 169 164 155 153 154 155 156 155 156 158 159 158 159 162 167 166 168 170 170 171 166 163 162 169 171 169 171 172 168 168 169 172
195 198 196 191 196 197 188 180 179 178 183 183 180 170 172 170 170 167 174 173 169 167 168 173 174 168 164 166 165 159 158 156 156 158 158 161 166 166 170 173 175 176 172 173 172 167 170 175 175 172 167 166 163 156 156 160 165 163 156 154 154 156 159 155 155 161 165 162 162 167 170 171 171 174 169 166 167 164 168 165 171 174 174 173 170 174 175 173
191 189 189 196 197 192 185 190 191 186 183 179 175 172 171 170 177 171 173 173 172 170 172 173 173 169 164 164 161 159 159 159 157 158 160 167 169 171 172 169 168 172 175 178 176 172 175 172 167 164 165 165 160 156 156 159 165 163 158 154 154 155 159 158 155 158 164 168 167 168 165 166 170 172 173 172 166 167 173 168 174 176 175 175 175 172 176 175
184 183 188 192 196 195 193 197 194 191 182 176 177 174 171 174 176 171 174 177 178 172 174 175 169 168 164 169 163 161 158 164 158 158 162 163 162 165 165 166 169 172 178 183 181 178 175 170 166 165 163 159 159 158 155 158 165 167 158 155 154 156 162 163 157 158 163 164 164 163 164 167 171 175 177 171 169 172 176 173 176 178 174 173 174 170 173 175
180 182 190 192 196 200 200 195 192 186 181 184 179 179 174 179 180 174 181 176 178 171 169 171 168 168 166 163 160 160 160 163 157 158 159 160 162 164 167 165 167 170 173 181 177 172 169 168 168 165 162 163 167 160 156 158 164 164 159 155 155 155 157 160 158 157 159 160 164 164 170 170 170 171 175 178 175 172 170 169 173 174 173 170 172 168 170 173
179 188 194 198 201 201 199 194 189 185 190 189 182 180 174 182 182 177 177 173 178 176 168 168 166 163 163 161 161 159 160 161 158 157 160 165 169 169 168 169 171 169 175 177 174 171 168 167 165 169 169 166 163 160 157 159 164 164 159 160 156 155 159 163 160 158 162 166 170 169 172 174 175 173 175 179 175 174 171 170 168 169 168 168 168 166 167 170
183 192 190 193 193 196 194 195 194 193 191 186 189 183 181 181 177 175 173 170 172 173 174 166 164 165 163 163 167 163 161 164 162 158 159 161 163 165 169 170 170 175 177 176 173 176 170 173 167 163 162 161 160 158 157 162 170 168 161 161 155 157 162 169 164 158 160 164 165 167 173 179 179 174 178 180 180 177 175 177 172 168 165 165 169 167 164 171
188 189 185 189 186 191 189 187 192 195 192 192 193 189 184 180 178 177 173 170 167 166 166 164 166 168 163 166 169 162 163 164 159 159 160 160 161 162 162 167 171 172 174 178 174 170 166 165 164 165 163 167 166 159 157 165 170 167 161 156 156 160 161 169 167 161 161 163 167 168 172 171 171 175 177 176 179 177 177 180 178 170 169 166 165 164 162 166
