DEM/DEM11.asc
ncols 800
nrows 800
xllcenter 240150.000000
yllcenter 1760150.000000
cellsize 300.000000
nodata_value -9999
[rows 70 to 104 of 800, columns 711 to 789 of 800]
691 718 788 811 798 759 727 687 644 593 539 524 508 453 379 310 281 282 266 249 249 247 247 247 248 248 249 254 246 249 254 250 258 266 274 289 314 332 353 303 294 297 305 311 307 300 301 303 303 302 303 296 289 287 287 283 280 282 283 282 281 284 287 293 298 307 317 324 332 342 357 368 372 363 359 384 393 363 380
589 680 762 745 802 834 772 736 709 641 564 501 461 463 405 320 282 257 245 245 247 246 246 245 245 247 248 247 246 248 249 258 260 265 280 287 303 339 371 305 308 306 325 343 329 319 313 316 316 309 303 298 296 295 289 286 285 279 281 285 284 283 286 290 295 305 312 323 333 344 359 368 382 379 353 357 353 359 379
515 602 713 712 801 851 806 778 747 678 596 530 442 427 405 322 281 256 247 248 247 246 245 242 246 246 247 248 249 246 248 257 251 266 276 284 307 323 334 307 310 326 347 342 348 339 330 330 325 316 308 305 298 298 292 289 284 279 283 290 287 288 288 290 297 305 313 331 336 340 358 371 377 362 347 356 353 355 345
487 552 621 694 778 794 760 762 718 640 549 552 477 401 357 330 291 263 256 249 247 246 247 250 248 247 247 247 248 249 255 249 245 256 263 277 296 331 303 309 321 346 366 385 388 390 368 352 345 337 320 313 307 301 295 289 284 282 283 284 285 284 287 293 300 310 312 315 325 355 376 393 412 376 347 360 385 354 328
460 497 518 635 710 720 688 700 631 587 513 450 376 341 319 342 276 253 247 245 246 246 242 249 248 247 248 249 249 247 250 253 244 262 277 299 303 309 294 313 336 341 358 385 421 419 407 396 376 357 340 322 314 308 300 290 285 284 289 283 286 286 287 289 294 301 305 316 334 356 385 400 397 352 345 371 350 322 329
466 436 509 516 608 645 600 630 608 512 483 378 310 307 290 285 295 279 265 250 242 248 250 248 248 247 248 248 248 254 251 245 250 257 272 281 301 290 296 327 367 368 374 396 443 449 452 451 398 366 344 333 322 310 298 290 288 288 290 285 287 285 286 290 293 299 310 327 337 361 362 363 383 356 330 344 330 324 331
444 430 438 421 459 521 512 488 535 422 353 345 365 411 368 374 337 303 292 267 255 250 250 246 247 246 248 246 246 244 247 245 245 252 264 271 282 294 305 345 362 428 472 476 500 493 542 566 431 372 354 347 330 311 297 294 291 294 292 288 287 287 288 293 292 298 318 331 338 335 344 348 353 335 327 327 326 324 326
443 499 477 450 398 387 398 385 392 362 377 456 457 507 482 434 398 350 311 282 284 260 251 249 248 250 255 249 247 248 246 246 245 249 249 262 279 288 316 350 406 459 507 545 590 588 675 643 507 409 384 374 340 316 300 297 296 294 288 286 287 288 289 292 293 295 312 315 323 320 328 321 317 338 337 328 322 324 327
492 571 553 488 473 441 376 374 385 410 452 481 562 585 526 495 447 392 331 316 286 265 258 249 251 254 263 263 258 245 246 246 245 244 249 263 279 291 311 357 479 557 598 649 622 667 742 691 541 450 427 403 360 323 307 301 299 294 290 288 288 288 289 292 293 296 297 302 306 309 308 307 322 331 331 323 331 326 325
552 619 582 534 501 451 410 436 427 422 506 533 590 624 582 551 461 414 367 324 293 276 263 256 274 315 301 303 287 257 247 248 249 245 249 268 291 310 330 365 443 536 648 753 784 786 792 708 615 529 524 505 405 345 317 309 303 297 292 289 290 290 292 292 293 296 297 299 299 302 311 321 356 338 328 327 331 332 332
622 641 622 535 491 440 472 512 495 458 478 546 621 654 611 554 502 454 418 385 338 295 278 270 295 360 312 348 302 256 255 271 262 223 244 269 293 317 336 396 457 481 552 682 812 880 845 770 655 639 642 533 411 368 328 316 305 299 296 295 294 291 293 293 293 292 295 296 298 303 305 313 342 330 319 320 326 332 339
606 588 568 532 495 448 528 542 555 529 507 515 623 652 603 566 542 519 481 418 356 343 310 285 290 325 316 314 289 256 273 311 265 193 244 268 293 322 356 423 514 600 611 628 727 838 918 844 758 693 613 516 424 381 341 320 308 303 298 298 295 294 295 294 294 294 293 296 298 300 307 317 333 321 326 333 333 329 338
665 612 556 517 502 471 521 585 596 565 605 564 591 650 616 583 577 547 487 432 452 434 376 310 280 279 282 279 269 251 290 301 294 250 247 260 284 321 383 519 561 638 693 657 722 777 925 923 860 717 599 508 427 389 351 328 314 309 304 306 303 299 296 292 295 296 299 296 297 304 314 323 335 325 328 334 342 340 340
732 662 594 551 505 480 517 597 668 605 654 645 641 648 626 545 491 497 463 443 485 493 435 340 279 263 260 258 255 261 299 303 296 257 245 264 285 343 395 491 599 675 739 709 793 859 899 1007 924 748 618 525 438 403 363 333 321 313 307 304 303 300 297 297 298 299 308 307 302 305 312 328 339 336 335 340 335 338 346
728 692 628 600 547 536 499 548 612 635 672 708 704 621 618 541 486 474 467 447 472 510 482 375 301 279 276 266 266 280 277 263 254 276 264 250 300 363 439 549 628 722 789 781 791 881 976 952 845 716 611 538 455 412 375 338 327 318 311 308 305 301 299 299 302 302 307 320 311 307 313 329 345 342 343 348 346 343 350
755 740 673 627 584 607 546 516 552 638 693 779 761 616 555 516 483 473 465 463 463 458 448 386 367 312 322 299 286 290 290 274 279 282 269 253 289 337 431 535 606 687 798 854 891 951 995 957 826 680 577 498 433 392 361 344 336 325 316 311 307 304 300 302 301 304 308 315 317 317 315 326 343 347 352 360 349 341 347
800 784 724 678 647 686 648 563 530 593 682 774 775 679 609 537 500 490 478 475 468 483 485 468 446 382 360 334 333 337 309 329 332 353 288 244 269 325 463 532 578 669 749 821 895 956 982 868 773 685 584 488 422 390 363 349 336 328 321 316 310 307 304 306 305 303 307 314 319 331 322 330 333 341 355 364 354 356 351
844 804 758 724 677 724 696 633 574 559 634 734 775 741 673 596 556 540 530 508 501 495 525 540 532 461 430 389 381 348 355 401 369 379 299 248 265 347 470 486 595 691 759 755 812 924 969 894 778 654 598 519 445 415 369 349 340 330 323 317 313 311 311 308 304 306 306 319 330 339 330 340 340 348 350 343 351 351 351
870 839 782 777 717 727 762 722 625 598 588 648 742 807 747 681 642 636 627 593 593 532 575 603 579 455 399 368 353 351 422 441 373 333 275 253 270 321 402 448 524 606 637 687 758 862 978 925 824 759 632 565 520 472 391 355 345 334 329 324 320 316 312 309 304 307 307 311 320 323 327 334 335 336 336 332 339 348 364
806 871 835 820 757 780 806 773 670 649 643 616 717 825 827 803 775 742 700 674 701 625 604 643 575 475 439 410 385 380 465 421 356 304 303 257 276 305 390 427 410 448 558 660 723 855 973 982 870 732 671 621 575 487 458 385 364 347 341 333 324 323 316 312 306 305 307 311 311 318 319 323 325 335 340 345 354 367 372
811 809 872 882 802 830 872 826 761 698 732 656 665 772 886 857 811 788 739 716 775 721 649 680 605 536 518 489 437 411 476 464 394 348 327 277 260 296 363 385 363 402 494 561 696 777 874 980 881 816 778 644 602 496 531 445 400 368 354 343 335 329 320 312 310 310 311 312 316 315 317 321 320 330 341 357 357 356 365
923 873 840 899 869 886 956 950 873 751 761 754 691 721 826 869 848 804 773 775 839 837 743 688 592 512 467 475 482 488 511 501 438 378 331 263 255 258 290 324 342 373 454 530 592 681 822 936 985 926 781 749 643 552 572 523 498 419 371 353 340 330 320 317 314 314 314 318 326 326 332 335 319 321 324 337 347 371 366
972 984 909 850 894 952 1013 1008 933 827 789 833 772 764 760 833 861 826 800 807 841 877 827 719 580 489 428 403 399 446 467 463 441 367 315 291 269 252 254 271 306 334 405 503 614 713 808 919 992 917 865 816 660 622 634 599 541 496 396 374 345 332 328 327 322 318 320 324 333 336 338 326 324 325 322 329 350 377 373
997 1042 996 894 854 931 1009 1036 991 910 858 895 874 852 844 813 870 857 838 837 848 780 763 731 625 532 464 399 357 359 376 394 418 356 296 330 316 254 265 253 272 303 366 482 606 721 796 864 949 1016 957 807 717 739 724 645 609 575 433 385 355 345 336 330 326 324 324 323 332 342 337 327 326 331 326 334 343 350 353
1081 1066 1027 969 909 873 976 1048 1034 1001 952 960 992 935 930 875 864 884 882 893 853 771 684 626 554 487 447 420 418 368 327 337 371 341 294 279 282 306 284 253 263 299 360 434 527 633 730 808 921 1037 1013 854 809 830 743 669 622 537 464 466 385 358 351 340 337 331 330 328 333 345 338 343 332 336 335 334 334 337 341
1147 1139 1065 1034 1002 913 925 1055 1076 1035 976 1006 997 957 989 971 932 875 861 862 826 761 702 632 564 513 503 478 509 446 369 311 316 308 289 302 347 371 310 260 261 299 366 426 475 583 683 769 875 997 1044 967 876 850 807 735 653 552 544 481 416 381 367 362 349 335 338 336 339 345 341 345 340 350 350 346 343 341 351
1109 1178 1125 1065 1057 1003 921 994 1082 1028 984 1034 1017 970 1013 1022 966 894 845 827 813 784 746 696 610 573 573 533 580 514 448 351 306 301 290 371 461 414 309 250 266 305 336 353 409 603 698 731 834 960 1035 1063 1012 980 907 798 658 636 594 505 444 400 376 368 353 344 345 347 354 355 349 363 343 348 359 353 354 351 358
1105 1147 1171 1111 1086 1050 970 917 1002 1028 989 1029 1042 996 1020 1029 974 913 863 845 851 837 799 758 715 702 679 653 647 607 532 425 367 413 353 398 477 433 328 256 269 288 329 419 465 541 645 716 795 905 991 1100 1141 1023 939 863 801 737 647 611 537 453 403 401 389 368 357 363 361 360 354 354 352 351 359 356 359 368 366
1128 1125 1171 1141 1103 1062 1025 982 935 977 1011 1033 1043 1044 1059 1023 985 958 922 900 865 894 870 834 768 811 765 697 626 628 536 417 444 509 428 429 480 393 277 254 264 271 334 428 488 541 597 680 766 869 958 1063 1125 1064 979 917 902 819 758 694 622 502 443 453 466 436 393 375 369 373 367 371 373 372 367 366 364 380 388
1115 1129 1131 1185 1144 1080 1063 1057 1011 974 976 1053 1060 1091 1090 1050 986 1020 970 954 889 915 925 831 835 830 761 682 578 540 490 466 553 539 432 398 429 348 260 244 257 257 307 383 443 515 611 699 776 838 926 1042 1112 1129 1045 961 970 970 882 747 683 588 521 476 445 428 416 388 380 376 381 382 382 379 374 372 369 372 383
1081 1069 1111 1199 1148 1096 1090 1087 1076 1067 998 1002 1083 1108 1110 1103 1004 1023 1019 1009 948 913 917 919 910 818 769 671 600 553 523 557 564 470 417 393 363 322 275 257 248 263 322 383 433 513 589 640 711 816 928 1001 1116 1168 1146 1005 1033 1079 894 793 770 708 613 500 452 497 457 437 438 396 390 391 389 387 381 376 376 378 382
1001 1028 1105 1212 1151 1138 1123 1112 1114 1138 1060 1016 1023 1081 1158 1138 1051 1017 1073 1067 1027 933 877 884 894 842 772 715 671 618 565 578 550 513 513 446 398 369 315 289 245 259 324 391 405 465 529 596 705 804 892 968 1089 1175 1186 1061 1082 1047 902 915 842 773 699 574 541 545 530 487 504 424 403 398 397 395 394 388 386 396 401
956 1050 1113 1211 1203 1167 1154 1140 1128 1158 1117 1056 1051 1045 1138 1158 1096 1064 1075 1089 1030 951 885 856 856 837 795 747 735 676 608 601 594 593 576 553 457 354 334 322 269 254 314 371 405 492 588 674 740 830 898 1026 1090 1165 1169 1143 1133 1045 1036 996 887 827 745 642 589 646 576 553 494 439 420 408 404 401 402 390 392 405 423
954 1028 1076 1159 1215 1148 1176 1175 1139 1163 1163 1099 1124 1070 1090 1166 1149 1126 1109 1089 1056 965 894 875 850 847 827 797 811 760 677 635 662 730 692 616 508 437 444 382 288 252 313 349 402 483 596 648 715 782 850 989 1050 1060 1049 1065 1119 1159 1145 1093 1008 882 846 718 633 660 661 588 534 498 462 417 411 411 402 398 408 422 449
951 997 1056 1123 1162 1121 1193 1197 1156 1159 1168 1123 1168 1159 1121 1133 1171 1177 1155 1110 1061 991 925 928 875 866 862 888 862 851 770 682 714 731 718 661 607 569 589 459 331 265 265 389 493 563 650 700 759 825 909 1006 994 972 976 1003 1052 1165 1133 1120 1030 932 865 783 712 608 617 533 497 460 449 427 427 422 414 408 411 416 433
