DEM/DEM14.asc
ncols 800
nrows 800
xllcenter 960150.000000
yllcenter 1760150.000000
cellsize 300.000000
nodata_value -9999
[rows 273 to 311 of 800, columns 88 to 175 of 800]
190 192 184 182 183 184 186 184 186 184 183 187 185 183 183 182 181 181 182 179 180 183 182 181 180 179 179 178 181 181 187 187 186 193 193 192 192 192 191 191 196 194 196 197 205 204 198 203 196 196 198 200 200 198 195 186 173 179 176 186 183 183 176 186 187 182 181 182 187 190 190 194 199 195 191 188 186 184 188 181 188 200 194 194 193 193 187 179
184 186 188 184 184 182 183 184 186 184 187 185 183 184 186 185 180 181 181 180 180 181 182 180 179 178 178 183 188 187 180 182 183 188 186 186 191 192 192 195 193 193 198 203 205 207 205 203 200 204 202 206 204 202 195 188 179 178 180 183 185 183 177 180 185 188 187 182 187 193 194 194 198 195 193 191 193 193 193 183 189 197 193 193 194 192 186 181
184 184 186 190 188 185 183 183 184 185 187 184 183 187 190 185 182 180 180 182 181 182 181 180 179 180 179 188 194 194 183 183 189 187 186 185 187 190 192 194 189 193 194 199 202 203 203 199 206 204 195 198 191 187 187 185 183 180 184 183 185 183 182 183 182 185 189 188 190 194 194 197 200 197 197 194 196 196 191 187 185 193 194 194 196 195 188 183
185 185 184 186 187 183 185 186 183 186 188 186 185 185 183 183 183 182 181 183 180 181 182 181 180 180 179 191 196 193 183 185 193 196 191 189 188 191 194 193 189 192 191 198 201 196 196 195 200 200 191 189 184 177 183 183 182 183 184 186 185 185 182 179 177 183 187 190 192 196 198 201 200 199 199 198 200 194 195 192 187 193 196 196 195 193 186 187
188 185 186 185 187 186 186 185 186 187 186 184 183 183 182 184 182 183 183 183 180 181 182 183 181 181 182 190 191 191 186 185 195 197 195 192 191 194 195 190 186 189 188 197 199 191 192 194 200 196 188 184 184 182 182 182 181 180 193 199 184 183 182 181 182 181 181 183 184 194 203 208 203 202 202 203 207 202 199 196 189 196 198 198 195 193 186 194
187 189 189 186 186 187 187 188 186 186 184 186 186 183 183 184 182 185 183 184 183 182 181 183 183 180 181 186 185 187 185 186 197 197 195 193 193 194 193 189 186 185 185 194 198 190 191 192 198 198 186 185 183 182 183 182 182 182 193 198 182 182 185 182 186 182 181 181 182 186 190 194 202 205 203 210 211 205 199 193 194 203 205 200 190 189 194 195
188 187 188 186 187 187 186 186 187 188 185 186 183 184 184 182 183 186 183 184 185 188 190 187 186 184 183 181 188 189 189 189 191 192 192 190 191 189 188 185 185 182 183 189 190 186 191 189 196 196 191 184 184 180 186 180 186 182 181 182 188 185 183 183 186 182 183 182 182 181 190 197 200 203 207 213 208 198 193 190 195 204 207 202 192 195 200 202
188 190 187 188 188 185 186 187 187 185 184 184 183 184 183 180 187 184 183 186 186 190 191 187 188 186 186 180 183 192 195 194 192 189 189 191 189 188 188 187 183 182 184 184 185 187 190 187 191 191 188 189 185 187 183 179 179 181 179 183 184 186 184 184 187 190 187 189 190 183 187 191 195 200 205 205 201 195 193 194 196 199 201 194 194 199 204 206
188 190 189 188 188 188 187 186 185 186 185 184 182 183 184 187 188 185 187 190 192 193 189 188 186 187 188 182 182 190 190 194 195 191 190 190 191 189 195 194 186 185 186 183 183 186 187 187 183 184 186 185 184 186 184 184 189 183 184 183 184 191 185 190 189 193 196 202 193 187 187 192 199 199 202 207 202 200 197 196 200 198 200 196 193 196 204 202
190 190 190 188 191 189 186 186 186 185 184 183 182 184 186 184 187 187 190 194 193 191 188 189 190 190 188 184 189 184 186 190 190 191 193 194 192 192 190 192 189 185 185 183 177 183 186 188 187 186 191 195 191 185 182 185 184 183 185 184 184 190 191 197 197 201 199 200 193 195 197 198 202 204 209 213 212 206 202 201 202 201 203 205 201 199 201 204
190 189 190 190 189 189 190 190 188 186 187 191 190 189 187 189 191 189 193 196 191 194 193 189 190 191 188 184 193 188 184 184 187 190 193 196 193 190 186 184 185 184 185 182 181 177 185 184 188 187 188 193 188 185 184 184 180 185 188 186 188 196 208 209 209 214 209 205 204 206 216 226 231 233 239 242 240 232 218 209 214 216 215 221 213 210 208 211
189 189 192 192 190 194 196 197 191 195 191 197 197 196 195 193 191 191 196 194 193 194 190 190 192 193 186 186 190 194 188 185 188 191 193 193 197 192 190 186 184 181 183 183 181 182 183 183 178 182 184 184 186 188 185 180 182 184 183 183 187 192 202 210 220 235 247 246 229 228 238 256 268 266 267 277 280 278 269 258 258 248 237 247 251 248 236 231
190 190 193 194 192 194 195 196 190 195 192 195 197 198 196 193 190 193 194 194 194 192 190 192 192 192 184 192 192 192 190 187 189 190 191 192 195 195 189 185 183 182 186 183 182 182 182 183 182 183 176 174 186 186 184 186 185 182 182 187 191 192 201 211 226 247 248 245 244 247 257 273 287 295 301 305 306 307 307 309 312 290 284 279 283 286 270 265
189 190 191 194 194 195 198 195 190 195 196 196 196 195 192 191 195 194 195 196 196 190 195 196 194 186 188 192 192 192 190 187 187 190 191 193 197 192 187 185 183 181 183 183 181 182 184 183 182 182 181 181 184 185 185 183 182 184 184 190 196 196 199 206 217 220 213 222 243 259 273 290 300 317 332 334 335 335 335 344 352 346 333 321 313 321 331 325
192 191 191 195 196 197 197 195 189 196 198 196 196 196 193 195 196 194 197 198 196 193 198 199 193 183 191 194 197 192 189 188 192 191 194 196 195 190 186 185 185 184 183 183 182 183 185 185 184 184 184 181 184 184 187 186 189 187 184 191 195 197 197 199 205 204 204 211 229 243 260 278 295 311 332 348 357 362 367 375 379 383 372 357 352 353 362 370
192 192 190 195 198 199 195 191 191 198 199 200 200 198 194 198 198 196 198 195 198 194 200 199 188 184 193 195 196 192 191 189 191 194 193 194 191 190 187 185 184 183 184 184 184 184 187 188 183 183 181 186 187 184 184 190 195 194 192 195 197 195 197 197 196 199 202 219 235 243 252 263 284 301 326 346 351 356 371 386 401 411 400 391 391 389 392 393
192 192 193 196 198 199 197 193 191 199 199 199 202 196 195 198 197 198 200 201 200 196 196 194 188 188 189 192 193 192 192 191 193 192 194 192 191 189 187 184 184 183 183 184 187 184 184 184 180 182 184 185 187 185 190 193 191 193 197 195 191 191 196 198 194 195 202 217 246 265 268 275 285 292 306 324 328 336 348 365 390 410 418 416 410 410 415 418
194 193 196 201 199 201 198 195 195 200 201 202 201 197 195 200 199 198 201 200 198 195 196 191 193 193 188 191 195 196 195 193 193 194 193 191 189 188 185 184 186 188 187 185 185 184 184 182 185 178 184 184 187 186 188 193 186 191 194 193 186 188 196 196 194 193 199 209 227 259 268 283 293 281 281 298 301 316 331 347 366 386 399 398 391 395 399 396
194 194 198 201 202 202 200 194 197 201 204 202 202 197 198 200 198 197 198 198 198 196 198 192 194 189 193 192 194 195 197 196 196 196 193 193 189 188 187 185 186 188 186 185 185 185 184 183 183 183 182 177 179 184 185 185 183 184 185 187 190 188 196 198 192 195 202 203 214 232 243 264 278 267 256 270 285 304 319 325 341 367 374 371 365 368 376 374
196 201 199 201 202 202 203 198 197 203 205 203 201 197 197 200 197 198 199 199 196 195 192 193 193 192 194 191 194 196 196 195 195 196 197 193 192 190 189 191 186 184 184 181 184 187 188 182 181 183 186 181 185 183 185 183 186 186 188 192 200 201 198 196 194 197 198 200 205 211 215 233 255 242 223 235 255 273 287 294 300 316 325 330 339 344 351 351
200 204 201 198 202 203 200 198 197 201 205 203 202 203 197 199 197 200 203 199 192 193 199 200 192 193 193 195 193 195 195 194 197 196 194 188 187 188 185 183 184 184 188 185 186 186 184 183 183 182 181 177 183 180 178 183 186 189 194 193 196 203 205 205 203 201 206 205 204 201 205 211 216 223 206 212 234 245 253 259 272 280 287 298 306 315 321 324
207 206 206 201 202 203 202 203 199 203 204 203 204 204 197 201 201 199 197 195 196 197 198 197 193 195 195 197 194 196 196 194 195 195 195 190 184 183 184 185 179 186 188 183 192 186 180 183 185 185 192 185 189 183 183 183 184 185 190 189 192 192 199 205 206 208 206 203 206 201 199 201 204 204 202 210 223 227 225 230 245 260 276 279 274 278 304 309
211 211 208 202 207 204 205 205 204 201 204 203 204 201 200 200 202 200 197 194 198 198 197 194 194 197 196 195 196 197 196 196 195 194 190 186 184 183 183 184 183 183 186 186 186 188 184 184 184 186 184 189 187 182 185 185 180 184 184 185 187 190 194 200 200 203 203 201 199 197 197 202 204 200 195 197 203 207 205 216 244 281 302 273 251 273 302 303
209 213 210 203 211 207 208 205 205 204 204 204 204 198 201 201 202 200 198 199 200 199 198 194 198 200 197 196 198 199 198 199 192 188 184 184 184 183 184 187 185 185 184 185 183 186 184 184 181 182 183 180 188 185 180 184 181 191 181 186 191 193 192 193 194 195 198 205 204 192 197 201 204 198 192 197 201 198 199 225 258 274 280 256 230 240 257 265
211 215 210 206 210 210 213 210 208 204 205 206 202 201 202 202 204 202 200 206 204 199 199 195 198 198 197 197 197 198 197 191 187 185 185 186 184 182 185 188 186 186 183 188 184 184 184 184 184 182 181 185 187 186 183 181 182 181 184 187 190 186 189 190 194 191 193 196 201 193 203 203 199 198 191 196 196 194 203 225 235 239 242 228 206 211 218 223
217 214 208 208 219 216 215 213 208 203 206 205 202 202 204 204 204 204 201 203 204 202 198 197 198 200 199 198 197 194 192 189 188 189 195 188 187 188 193 192 191 191 188 186 184 186 184 183 186 179 185 184 185 186 184 184 184 184 185 183 184 184 187 188 186 187 191 194 192 193 200 198 202 200 194 194 201 201 200 208 216 219 220 218 202 202 212 214
214 210 209 212 219 221 217 215 211 206 204 203 202 204 207 206 207 204 203 205 204 205 199 199 197 201 199 201 197 189 188 193 196 195 194 186 192 195 197 199 199 197 193 191 189 185 186 185 184 186 184 183 183 184 185 181 185 182 179 182 183 184 184 183 185 188 190 194 189 192 196 194 199 196 190 202 210 210 212 210 211 211 216 213 204 198 203 206
215 212 215 215 217 215 216 213 211 209 206 204 206 206 209 212 212 207 206 207 206 204 201 200 201 204 199 200 192 190 194 199 201 196 195 189 189 200 197 202 201 197 195 190 189 188 185 183 184 185 183 183 184 184 181 183 179 184 184 185 182 181 183 183 184 185 185 188 186 192 192 191 194 191 190 200 202 205 206 203 203 210 213 210 207 197 202 203
225 222 223 224 219 216 212 211 211 208 205 205 208 208 211 209 207 208 207 207 207 203 204 202 198 199 199 196 192 192 198 205 204 201 197 191 188 198 202 206 209 202 195 195 190 186 183 183 182 185 183 184 184 184 184 188 183 182 182 183 186 182 183 184 182 186 185 185 185 189 188 186 185 187 192 199 200 200 199 201 206 211 209 203 203 198 207 204
256 244 231 229 222 217 214 211 210 208 208 205 210 214 215 212 212 212 208 210 208 205 204 203 201 202 199 197 195 193 200 206 206 205 193 192 189 190 199 207 212 205 199 197 195 192 187 184 183 183 182 184 185 184 182 184 185 184 184 184 187 181 184 186 185 183 186 184 183 183 184 185 192 194 193 197 197 194 197 202 202 204 202 199 198 196 203 200
293 272 252 239 230 219 217 218 213 208 208 209 212 215 215 213 217 214 213 210 210 209 206 206 201 201 202 198 194 194 204 206 205 199 192 189 192 188 194 208 211 209 202 201 195 194 186 188 190 187 183 185 185 183 184 182 185 183 184 184 184 186 182 184 184 183 183 180 180 187 184 186 189 191 192 195 190 194 197 199 200 199 202 197 191 196 200 198
334 329 303 278 253 244 231 223 216 212 211 214 216 219 218 218 217 217 215 213 212 209 212 209 206 203 203 198 194 195 201 203 197 193 190 193 198 192 200 205 205 212 210 202 193 190 188 191 185 184 187 186 187 185 184 182 184 183 185 184 183 185 183 181 183 184 184 183 179 185 182 184 183 187 191 188 194 198 197 196 200 197 196 192 191 193 193 195
393 383 352 319 301 290 266 243 235 218 220 217 216 217 220 214 212 213 212 217 218 226 226 215 209 202 197 196 195 202 205 204 203 197 193 194 199 194 196 199 204 212 201 194 198 197 190 188 190 191 189 187 188 185 184 181 186 183 188 186 184 182 184 183 182 184 184 187 184 185 182 183 184 184 184 185 191 196 194 196 199 194 198 193 189 194 199 200
436 429 385 343 350 343 300 286 262 244 233 227 224 219 216 213 212 208 206 212 215 226 222 212 201 197 196 195 195 205 207 204 204 199 195 196 204 202 196 196 201 210 202 198 199 192 198 199 197 192 190 188 188 185 184 184 189 183 190 188 186 184 183 182 183 185 183 181 185 186 182 183 180 183 182 189 193 194 192 195 192 196 197 192 193 201 198 199
452 436 394 373 400 387 355 325 302 293 273 255 235 221 214 212 213 214 208 204 208 212 210 207 199 202 205 204 198 199 204 199 198 194 194 196 201 205 201 196 201 208 202 205 196 194 202 203 198 192 189 189 188 185 186 186 186 186 187 187 185 185 184 186 185 189 185 184 184 184 185 184 184 184 184 185 189 192 187 191 189 194 193 188 196 201 197 197
367 422 404 422 452 429 386 347 353 343 324 292 257 235 217 213 211 212 212 208 202 203 200 198 199 206 215 209 205 204 203 204 200 196 195 197 198 202 203 199 205 207 206 202 198 198 205 202 203 199 192 186 185 189 191 189 187 189 190 190 184 184 184 191 189 190 184 188 189 185 191 186 183 184 188 187 187 184 186 188 191 192 187 189 195 195 196 195
285 351 398 462 479 424 364 359 398 384 367 335 299 270 247 222 212 208 207 208 203 200 200 199 200 203 210 209 202 215 216 208 203 200 198 196 196 201 203 199 204 202 207 206 198 204 203 201 202 198 192 188 189 192 197 192 191 191 189 185 183 184 187 187 192 186 185 189 191 188 190 188 182 184 184 184 184 185 187 189 190 189 185 190 193 192 192 195
232 264 310 360 403 376 356 396 439 445 413 366 345 321 287 258 234 211 207 206 203 202 200 205 205 206 211 205 203 215 220 213 214 210 202 198 198 201 203 201 201 201 208 209 209 206 202 199 192 190 188 191 195 196 193 191 193 191 188 183 187 188 189 191 192 186 190 192 190 188 188 186 183 183 183 184 184 184 184 184 184 186 187 190 190 186 192 195
224 227 240 278 339 373 392 441 468 452 405 384 371 368 332 300 270 238 212 206 206 205 203 215 215 210 214 209 204 208 218 216 216 213 205 200 197 198 202 203 204 203 201 204 205 203 198 196 195 191 193 193 195 194 191 196 194 186 183 183 187 195 195 194 195 190 193 191 191 186 184 183 182 183 183 184 184 183 183 184 184 185 183 184 183 188 191 194
