DEM/DEM14.asc
ncols 800
nrows 800
xllcenter 960150.000000
yllcenter 1760150.000000
cellsize 300.000000
nodata_value -9999
[rows 390 to 428 of 800, columns 0 to 87 of 800]
180 178 173 174 176 181 188 188 188 188 186 183 183 181 179 181 179 176 184 190 195 196 186 180 179 178 181 187 199 205 209 206 201 192 189 188 185 185 190 192 196 199 199 194 194 193 197 202 194 196 205 202 197 203 213 224 227 224 229 238 241 204 181 173 173 173 192 237 270 297 297 301 308 313 313 309 312 318 318 325 315 283 254 238 225 237 264 275
176 175 172 180 183 181 185 186 188 190 186 183 184 186 179 179 178 178 182 184 190 192 182 178 182 182 190 191 192 199 202 205 208 196 187 187 184 183 185 191 197 196 199 196 191 192 203 202 191 200 204 193 197 206 214 215 218 215 226 227 225 192 179 175 173 173 195 240 268 282 296 297 300 307 311 306 310 310 307 312 286 233 220 210 226 244 254 254
173 173 173 189 194 195 189 185 186 191 187 183 183 184 178 178 176 182 182 179 182 187 181 177 185 191 193 195 196 195 194 201 208 207 198 188 183 183 186 191 195 193 197 199 194 189 198 202 189 199 201 190 194 200 205 207 207 207 217 217 213 179 175 173 174 176 203 243 254 262 280 284 283 298 303 306 309 306 300 300 269 211 203 229 235 224 225 218
174 171 172 186 195 200 195 183 184 187 185 186 183 181 182 179 177 174 179 179 185 186 182 176 189 193 189 194 195 196 190 195 202 205 202 191 181 183 185 192 196 194 194 197 195 188 191 198 190 195 199 190 189 190 197 200 197 203 214 208 205 174 171 173 175 182 213 239 243 248 265 271 268 281 282 295 294 292 286 288 242 202 205 233 223 212 211 211
174 171 171 182 188 191 189 182 186 183 182 187 184 180 181 177 175 174 177 177 181 182 175 175 184 187 190 191 192 190 188 197 197 194 194 184 187 195 194 190 194 194 191 190 191 193 185 188 186 186 193 190 186 194 191 192 193 202 207 202 200 177 170 170 171 179 207 221 227 240 263 262 250 251 257 268 268 250 253 277 229 198 199 210 221 210 208 208
171 172 170 181 186 183 181 183 184 178 181 185 181 179 181 181 175 174 176 176 175 182 178 176 178 182 189 186 190 186 184 187 190 185 185 182 195 202 203 199 199 201 198 190 187 191 187 183 186 184 188 187 187 197 191 185 188 191 195 196 190 183 170 171 185 193 205 209 218 233 245 246 235 236 233 241 231 217 233 265 238 201 203 238 238 210 206 205
172 174 170 176 187 181 181 178 178 184 188 187 180 176 178 179 182 177 173 174 177 180 176 174 176 181 182 186 187 183 191 194 188 180 180 184 192 198 200 200 208 206 205 194 188 185 186 184 187 182 184 181 187 195 193 184 188 180 181 186 183 172 173 175 185 194 200 204 215 226 228 230 220 221 218 226 214 219 235 243 243 206 206 239 233 213 208 204
174 170 169 174 186 182 181 178 181 187 193 193 183 175 176 176 179 176 174 174 180 180 175 173 175 177 179 181 183 179 185 196 191 178 183 187 188 192 190 194 202 211 211 195 191 185 185 184 182 184 181 179 182 187 191 182 186 189 180 174 172 172 181 178 184 191 195 202 207 214 215 213 206 207 202 213 207 215 221 225 223 209 206 224 226 222 212 204
179 172 169 169 184 181 174 173 174 179 183 185 185 175 173 173 177 173 171 174 183 178 175 172 172 174 177 177 181 178 179 187 192 181 180 186 182 185 182 188 195 207 212 204 195 191 190 190 182 181 183 181 177 177 187 180 184 188 189 183 172 174 178 187 190 184 187 189 196 200 204 198 197 199 195 202 204 208 209 210 212 203 203 213 218 216 215 210
178 172 170 171 182 178 173 171 170 173 179 185 188 179 178 172 171 174 172 173 180 180 175 172 173 175 173 175 178 173 180 187 185 179 178 178 179 181 184 190 198 201 211 208 198 197 198 192 182 179 177 181 176 174 180 177 180 181 187 189 182 171 174 184 187 187 180 188 193 196 193 188 188 192 189 198 200 201 201 199 197 195 200 206 211 213 212 208
180 174 169 170 183 183 184 185 181 174 181 186 186 175 172 170 169 171 172 175 180 180 172 174 171 172 171 172 173 172 178 183 183 180 176 178 184 190 192 194 201 207 204 202 199 199 201 201 193 187 181 177 174 176 174 176 175 183 189 189 179 170 172 178 174 177 179 185 188 192 192 185 183 188 193 192 195 197 198 190 190 190 191 195 201 207 207 203
182 179 170 168 182 188 191 192 185 171 172 175 180 174 172 169 171 173 176 178 185 177 175 175 172 170 170 171 176 179 178 182 180 176 175 178 185 193 201 203 204 204 201 198 197 194 202 204 205 202 192 184 176 175 172 172 178 181 185 183 173 170 172 173 170 172 179 177 177 182 182 182 183 189 191 187 194 196 194 188 187 191 194 196 202 205 204 202
179 176 170 167 173 179 186 187 175 170 170 173 175 175 172 171 170 174 176 177 187 182 179 174 176 171 169 173 176 177 177 180 177 173 175 177 179 186 192 195 201 201 201 195 196 194 199 199 203 205 200 194 188 174 172 171 171 174 181 176 171 170 169 172 170 171 175 174 170 174 174 175 176 179 181 183 183 183 184 184 184 187 189 191 195 200 204 207
175 171 168 168 169 171 176 175 171 167 170 170 175 183 183 178 168 172 176 180 186 182 178 174 173 170 169 173 173 175 173 173 176 176 177 175 178 179 181 190 192 191 196 194 192 191 195 194 200 201 197 199 194 190 179 175 171 170 172 173 169 172 175 180 185 186 189 187 182 177 178 178 177 180 180 182 181 182 184 187 191 190 193 194 197 200 204 204
172 170 167 169 176 178 173 171 171 168 170 170 175 179 179 172 168 170 174 174 183 184 177 174 172 169 168 171 174 171 171 172 173 175 173 177 180 180 182 185 183 188 188 190 196 189 190 199 202 199 195 193 190 189 188 187 184 175 173 169 170 175 182 181 184 186 190 194 189 185 180 184 181 183 182 185 183 184 191 196 202 206 206 207 207 207 203 200
170 167 166 169 175 172 172 171 172 166 167 171 173 175 174 172 169 172 171 168 175 182 179 172 169 167 171 177 171 170 174 174 174 176 175 179 182 183 181 183 182 184 181 186 191 187 192 199 201 200 197 194 194 190 187 189 191 187 183 172 177 184 182 187 192 192 188 186 189 191 187 188 188 191 189 187 192 193 198 201 202 206 209 208 212 206 202 197
167 168 166 169 174 170 172 169 169 166 169 170 169 171 170 170 169 169 169 170 174 183 178 174 167 167 172 169 169 171 171 173 175 175 177 179 176 179 181 182 179 178 181 185 184 188 195 195 196 195 195 192 191 191 186 188 186 184 175 169 175 184 179 185 191 193 187 185 191 198 201 201 203 202 200 195 199 203 205 202 204 211 214 213 214 211 204 200
166 168 165 166 173 171 169 169 164 165 170 168 166 169 170 171 167 168 167 170 175 177 177 172 171 168 169 167 168 172 170 174 176 175 176 173 177 177 176 180 178 179 183 187 191 190 193 188 190 187 189 188 188 186 185 191 189 178 172 170 170 173 173 175 181 181 179 184 190 188 190 199 206 204 203 200 204 206 204 199 207 211 212 212 212 210 208 208
169 169 164 167 172 175 169 168 163 168 170 166 165 168 169 172 169 168 166 168 174 175 177 171 171 168 167 169 172 174 175 172 172 172 173 175 175 174 174 175 177 178 182 184 189 192 192 187 188 183 185 185 190 189 185 189 189 187 182 177 170 169 172 170 173 177 179 185 185 185 187 193 198 201 198 196 200 202 197 200 202 205 206 206 205 200 201 204
167 174 167 163 173 177 170 161 167 173 173 165 168 172 176 175 168 168 166 166 169 174 172 170 170 167 168 171 171 172 174 169 170 170 171 173 174 175 176 179 178 178 181 183 186 189 190 188 185 181 185 187 189 188 183 189 189 189 183 176 176 169 169 170 173 175 177 178 181 187 196 199 196 200 199 196 200 196 195 197 198 199 201 204 202 198 194 195
167 173 166 163 170 176 171 162 168 175 169 167 169 173 178 177 172 171 167 163 165 171 168 167 165 164 170 174 169 171 173 170 169 173 174 177 179 179 182 180 179 182 180 183 187 187 186 188 185 180 185 188 187 183 181 188 188 187 185 173 169 169 169 178 184 183 187 185 186 194 198 198 193 198 196 199 196 193 195 199 202 204 205 206 206 201 194 190
163 167 165 163 166 168 166 164 166 170 165 164 171 178 177 180 179 174 169 164 164 167 166 170 166 169 173 173 172 170 168 167 169 172 174 179 177 177 181 178 179 184 182 185 185 183 182 185 183 179 184 189 182 182 179 185 186 183 184 178 170 170 174 182 187 187 190 190 192 196 197 194 191 198 198 196 190 193 195 200 203 203 206 205 208 205 197 197
164 165 164 164 166 164 162 164 165 164 164 164 171 174 172 180 182 176 173 165 162 165 170 168 165 165 170 168 168 164 165 169 170 173 176 175 176 178 178 177 182 182 182 188 185 184 181 181 180 179 183 190 184 180 180 186 186 181 182 178 170 172 177 182 183 180 181 184 186 187 188 187 189 197 196 194 190 196 200 201 201 198 198 201 205 209 208 205
176 173 173 170 176 176 175 167 167 169 166 164 166 166 174 178 176 178 180 170 163 164 165 167 166 166 163 165 163 166 169 174 171 175 174 175 177 175 173 177 178 180 182 186 185 185 181 179 179 177 179 182 177 177 185 187 183 180 181 171 168 171 172 178 177 174 175 177 177 179 179 185 193 192 195 192 188 192 193 195 196 195 196 199 203 205 205 207
173 178 176 171 181 184 182 169 170 180 178 169 165 163 167 174 168 177 180 169 161 165 164 167 165 164 160 167 162 165 169 173 172 174 170 174 175 172 172 177 178 178 182 186 185 182 180 179 181 179 175 176 174 178 188 186 183 183 181 174 167 169 174 175 174 170 171 175 179 179 182 188 195 194 195 189 188 189 191 192 192 193 193 194 200 198 201 205
169 176 175 173 177 183 181 166 167 183 182 174 165 166 164 167 165 171 173 168 164 163 164 165 163 162 164 167 167 171 171 171 172 170 170 171 170 171 173 175 177 179 181 183 183 182 180 179 178 178 177 177 175 178 181 181 180 182 180 172 167 171 172 172 170 170 177 180 182 184 187 189 192 191 192 187 188 189 188 189 189 191 191 192 193 195 198 199
167 174 173 173 176 175 167 164 172 179 175 170 173 176 170 162 162 164 169 174 165 160 159 166 164 165 165 169 170 171 174 168 171 168 167 169 172 176 176 176 179 183 181 179 180 184 181 179 175 175 175 179 174 179 179 180 179 175 170 169 169 169 169 167 166 173 177 176 178 183 189 192 190 189 186 184 188 187 188 188 188 187 189 191 190 192 193 193
171 174 176 180 177 171 167 168 174 181 176 170 177 181 177 166 164 163 165 176 168 149 164 167 169 173 173 171 169 168 171 164 165 165 170 173 174 175 176 176 177 180 179 181 182 183 183 181 176 177 174 177 174 178 179 180 178 169 167 169 168 167 169 168 170 172 172 175 179 183 191 190 187 187 185 184 188 185 185 185 188 188 191 192 190 190 192 190
173 173 175 174 173 169 173 177 171 179 177 171 178 180 174 167 171 162 161 168 164 160 175 163 168 171 175 175 165 166 167 166 172 171 173 176 175 174 173 174 177 176 178 180 183 182 179 181 179 174 172 175 174 176 178 180 179 169 167 166 167 167 166 167 167 170 174 181 185 186 189 188 186 187 186 183 183 183 185 186 187 189 191 189 188 187 191 188
173 176 177 175 170 167 177 180 174 176 172 173 178 173 167 172 181 170 165 161 153 166 161 160 165 168 171 165 164 169 171 172 180 181 178 176 177 172 171 174 179 177 175 177 177 181 178 179 183 182 173 175 176 176 176 178 179 173 166 167 167 165 165 168 175 170 176 184 185 187 190 187 185 189 186 183 181 185 188 189 190 191 189 188 187 186 184 183
177 179 176 176 170 171 173 179 179 177 177 177 174 169 169 174 185 175 169 157 161 169 171 165 162 169 166 163 170 179 181 181 183 179 175 181 181 172 174 174 180 181 174 173 175 178 176 179 178 177 175 173 176 177 174 175 175 168 165 165 172 170 168 172 178 174 177 182 186 188 187 184 182 187 187 181 180 182 186 189 189 191 190 187 186 185 184 183
179 177 175 176 172 178 181 178 181 183 181 182 177 176 176 175 186 187 181 174 166 171 175 170 162 165 159 164 176 184 184 181 176 172 181 180 174 169 174 179 179 182 179 173 174 177 174 178 182 177 171 172 175 175 172 170 166 164 166 165 169 170 175 180 185 182 180 185 187 188 187 183 182 186 185 180 180 183 187 189 190 196 193 189 187 186 184 183
179 178 179 177 176 176 183 177 181 182 188 189 182 187 184 186 196 200 194 187 177 170 171 167 163 191 163 159 169 174 173 172 169 176 185 183 175 170 169 178 178 180 180 176 171 173 175 175 176 178 171 172 175 177 176 169 165 164 170 169 170 176 179 182 184 180 182 185 187 186 184 178 181 182 178 179 182 186 190 192 191 194 194 190 187 186 186 179
184 184 182 180 179 179 180 180 184 192 201 195 191 199 197 209 209 209 202 194 186 175 170 169 162 172 168 163 171 174 166 165 171 179 178 177 171 167 171 175 182 185 177 175 169 170 178 176 174 172 170 172 175 177 175 167 165 165 171 176 173 180 188 185 180 178 181 184 183 184 181 178 180 180 177 180 181 182 186 189 190 192 188 185 187 187 187 181
190 191 186 188 185 185 185 189 199 226 229 215 212 218 216 216 214 211 205 199 191 182 169 163 162 166 169 163 165 167 167 171 173 175 171 171 168 172 175 176 183 186 184 173 169 169 175 174 169 172 175 176 174 176 170 164 164 166 172 177 178 181 187 185 182 178 181 179 178 180 179 177 178 178 180 182 184 186 186 186 189 188 187 184 185 188 184 180
198 198 194 194 193 193 194 200 220 234 232 225 220 217 213 210 207 206 202 196 191 183 169 165 162 161 160 171 161 159 167 165 168 174 166 165 168 169 170 174 176 182 185 175 172 168 171 174 167 173 176 173 174 172 165 164 164 167 180 184 182 184 188 187 182 178 177 176 176 177 178 176 177 179 179 183 187 187 187 191 191 186 182 182 181 182 182 178
224 225 217 207 208 207 209 223 228 228 225 221 214 209 206 202 200 199 198 195 191 183 173 168 165 158 160 160 167 164 160 157 164 166 160 167 168 172 173 175 182 190 188 181 173 168 170 167 169 174 173 173 169 164 164 164 164 168 181 184 182 184 189 184 180 174 174 174 175 177 178 178 181 183 184 183 186 190 190 192 192 184 182 179 180 179 179 175
234 231 227 222 223 223 223 224 224 220 216 211 205 200 199 196 192 194 191 190 186 179 170 166 164 161 148 164 169 170 159 163 163 165 164 171 175 180 183 177 180 186 189 184 181 171 165 167 175 176 169 170 168 167 164 164 170 181 186 185 181 185 188 182 178 174 172 174 177 179 180 180 184 185 187 192 189 195 197 196 190 188 185 182 177 176 176 175
223 222 220 215 216 216 215 213 213 208 204 203 196 192 190 186 184 181 182 183 180 172 165 162 164 159 156 168 168 164 164 158 166 167 163 166 178 180 178 181 174 178 182 184 178 173 166 167 172 170 167 165 166 166 165 169 176 184 189 185 179 184 184 178 171 172 172 176 177 178 182 183 184 190 189 195 196 202 202 201 194 190 184 181 178 179 175 174
