DEM/DEM17.asc
ncols 800
nrows 800
xllcenter 480150.000000
yllcenter 1520150.000000
cellsize 300.000000
nodata_value -9999
[rows 588 to 636 of 800, columns 96 to 191 of 800]
825 807 803 790 786 792 800 777 737 736 698 686 673 764 732 671 635 621 607 631 609 608 622 642 626 596 588 580 577 602 564 497 451 433 416 432 522 410 269 189 131 68 66 65 68 71 149 208 228 299 377 389 435 533 514 543 538 596 678 639 666 578 578 524 433 312 301 333 332 289 230 219 210 207 205 206 203 199 198 217 262 221 204 201 204 206 209 211 217 222 229 242 279 311 372 486
841 815 807 794 800 800 816 786 757 760 716 699 669 692 783 738 645 625 618 654 647 622 656 660 668 617 606 587 577 580 552 527 476 444 426 469 617 479 347 225 175 92 67 64 63 70 124 223 244 338 423 459 427 487 582 616 587 612 710 720 649 626 591 510 432 335 336 344 296 252 233 229 218 212 210 208 205 205 203 208 216 230 234 205 204 207 208 214 218 224 231 246 255 283 361 408
833 841 821 800 799 803 826 839 787 789 741 694 679 664 701 720 658 625 617 629 658 622 659 667 673 668 658 603 589 626 588 590 503 465 442 485 672 598 455 345 212 131 74 63 63 75 98 150 233 310 376 389 417 435 522 615 671 689 660 671 686 668 561 516 491 431 449 352 284 258 250 265 228 219 215 211 208 208 207 204 205 220 248 215 208 210 212 214 219 223 230 242 255 273 312 338
820 838 825 808 804 812 816 829 759 750 738 728 723 684 658 660 678 638 631 620 651 658 661 673 667 700 698 643 631 701 658 615 526 481 456 447 608 678 541 438 287 159 79 67 65 71 88 109 154 259 295 309 337 369 429 551 641 703 636 602 597 603 562 605 519 445 398 346 311 278 260 244 232 226 220 214 212 212 210 208 206 210 218 217 209 210 214 217 223 227 232 244 256 265 296 353
788 803 838 825 810 812 814 831 818 783 753 728 695 673 658 684 702 645 668 639 648 688 685 697 686 709 713 697 689 689 656 609 542 486 460 446 527 697 608 501 390 227 99 70 65 62 72 81 107 217 281 300 326 359 397 473 603 647 612 618 577 577 608 592 468 399 383 345 316 288 265 250 238 229 221 214 215 217 217 211 206 207 210 212 212 213 217 219 223 227 232 252 273 273 328 425
749 762 810 828 831 811 806 812 818 786 754 735 758 703 678 722 764 728 716 660 651 636 646 672 691 698 728 709 667 633 628 589 555 508 459 441 463 624 642 546 458 272 135 76 68 66 65 68 90 211 284 299 327 346 374 472 617 667 636 591 612 606 541 506 426 392 375 346 325 299 282 313 257 232 224 220 220 222 220 217 217 213 218 230 225 223 221 225 227 228 233 237 245 264 336 386
745 734 781 819 835 811 801 805 802 806 804 772 791 732 705 769 821 800 738 682 666 644 648 658 675 683 747 736 680 683 683 631 569 547 473 439 437 518 606 578 499 308 173 78 67 67 66 64 78 175 278 303 359 335 358 471 637 684 643 623 680 606 463 435 412 391 363 346 326 306 292 296 280 238 230 228 226 225 239 240 245 235 231 245 263 243 239 234 240 237 238 241 246 267 302 308
753 717 739 780 815 823 803 795 800 811 812 835 795 743 706 729 816 813 740 725 711 663 663 666 694 687 725 746 716 715 696 686 600 552 501 442 432 454 537 582 513 351 208 82 61 63 66 62 70 168 269 304 305 317 342 427 566 614 595 641 625 535 456 440 447 397 374 348 336 310 296 300 320 252 238 234 230 230 236 257 250 248 265 274 288 258 253 245 257 258 247 249 249 259 278 289
695 715 742 750 792 804 810 801 789 791 786 789 785 752 737 721 761 799 760 750 725 716 694 673 658 680 704 734 738 701 662 703 641 585 528 452 425 423 469 602 550 447 271 97 63 64 64 69 64 123 274 280 254 289 313 360 520 575 569 629 632 535 475 461 496 410 385 359 350 320 304 302 306 280 248 242 235 234 234 236 248 253 249 266 276 299 296 281 295 295 287 281 258 260 274 290
690 671 711 752 785 765 782 809 796 780 775 777 783 762 773 762 731 738 646 637 646 702 721 676 635 629 718 721 731 694 661 698 705 623 548 478 430 416 440 603 571 495 318 139 63 63 67 69 69 81 176 260 227 241 262 337 488 523 528 561 654 622 571 510 492 427 398 386 373 365 346 335 325 307 267 254 243 237 239 242 265 287 253 260 273 321 333 353 337 353 341 314 278 268 308 304
727 676 685 713 740 719 773 807 802 788 776 772 780 771 774 779 763 750 648 581 569 630 711 716 696 631 705 706 699 659 636 655 745 690 570 512 455 414 411 508 567 499 314 154 71 63 82 68 72 82 107 187 196 202 238 307 393 423 484 542 641 592 563 564 550 465 425 395 391 376 364 356 341 327 308 274 254 244 243 251 252 289 271 268 283 293 320 403 427 416 411 364 329 299 313 376
753 728 722 701 681 731 783 818 842 841 810 784 772 763 765 798 828 800 736 614 550 570 599 622 647 608 639 717 659 648 651 682 705 762 665 554 496 431 395 437 566 508 346 167 79 63 69 68 73 84 101 131 158 177 215 286 373 399 481 607 622 515 454 549 596 523 436 404 395 384 380 363 349 336 330 304 267 253 247 262 259 272 277 291 318 320 327 382 418 418 415 403 371 324 312 372
737 753 718 718 721 674 709 736 779 829 850 845 824 788 774 775 820 813 781 700 584 525 515 523 532 523 575 665 683 623 613 660 656 728 720 587 498 464 400 383 450 406 268 160 93 72 67 65 74 85 103 121 144 162 180 257 360 393 512 600 598 511 423 447 493 476 433 410 400 396 395 369 356 343 331 315 274 261 255 253 264 298 323 288 321 375 384 400 401 392 389 385 380 373 321 362
573 690 715 700 690 733 689 679 726 771 790 840 861 834 819 806 800 775 765 708 647 536 516 503 495 493 500 537 596 550 572 593 591 662 718 625 517 489 435 373 336 289 263 202 114 82 85 63 107 93 98 118 134 150 186 248 356 409 548 545 507 518 420 428 506 433 420 425 408 403 391 375 361 350 336 324 283 265 260 258 259 283 325 315 304 361 369 379 399 405 406 383 372 373 364 365
493 551 735 752 705 706 738 673 624 677 691 758 790 830 882 875 844 772 722 683 665 628 647 577 517 516 488 473 494 510 519 551 522 563 636 662 544 471 503 469 406 387 365 285 136 98 156 74 73 72 88 107 122 142 203 238 327 423 553 523 487 420 388 435 466 404 404 417 416 413 399 389 371 360 351 345 319 278 271 280 287 279 331 360 317 324 328 331 349 372 392 381 373 365 372 382
430 461 620 759 745 735 681 672 586 587 590 698 789 828 833 881 903 846 798 803 779 748 714 646 593 640 585 496 468 457 444 432 440 488 525 611 523 420 478 467 449 429 448 377 205 115 164 77 85 65 72 91 114 135 214 247 288 369 483 474 434 385 372 394 380 380 390 407 416 415 406 401 394 386 375 361 334 298 289 286 299 312 369 439 390 393 350 350 345 341 355 368 363 362 372 380
414 465 617 709 709 726 708 636 615 597 618 671 725 764 813 895 905 876 878 906 862 809 764 713 713 713 652 602 529 504 481 450 408 407 418 476 499 345 337 397 414 406 435 312 173 100 93 112 162 76 65 78 98 120 206 238 251 314 448 435 452 378 358 364 379 392 399 410 422 426 421 418 416 413 409 457 403 339 311 299 309 324 378 476 488 467 422 359 360 355 357 359 361 369 371 375
402 448 655 725 723 652 621 559 546 659 721 731 676 613 641 748 717 697 738 763 796 852 828 802 781 742 743 687 640 559 579 567 480 455 491 386 354 293 261 276 267 289 360 229 100 89 101 150 167 88 59 65 76 98 131 197 235 287 385 339 352 339 341 379 433 424 422 425 443 457 454 440 440 495 481 560 460 367 333 318 322 328 357 444 522 466 407 376 367 360 357 355 364 377 363 368
492 474 647 730 708 658 583 538 454 475 586 647 675 530 540 609 648 594 604 595 652 767 827 855 839 806 816 755 701 670 689 620 586 568 508 526 446 313 396 350 255 207 214 208 157 158 193 188 139 89 64 67 66 79 104 147 226 274 278 297 291 315 351 417 430 433 432 465 479 480 495 497 493 574 561 626 535 432 383 348 339 342 349 367 457 512 479 405 378 364 353 354 366 371 358 361
536 484 591 680 705 680 613 558 504 425 469 558 604 501 528 620 622 562 540 531 585 653 707 788 796 836 828 801 732 738 788 706 645 606 520 424 433 377 487 468 380 316 320 341 324 328 317 208 154 94 64 65 69 73 94 129 253 256 236 242 301 371 395 464 504 443 470 508 563 506 519 539 567 653 638 704 652 507 491 433 438 385 377 382 428 448 445 421 385 367 357 353 357 356 358 358
436 453 560 640 710 718 601 511 484 485 403 387 411 509 572 644 611 583 513 473 515 541 618 642 624 717 802 787 757 783 814 802 709 610 522 413 362 374 477 442 361 386 423 412 443 442 383 239 166 118 64 61 60 70 93 109 157 156 210 273 365 434 481 528 510 454 476 536 607 549 546 560 656 709 742 748 667 581 552 531 554 501 487 486 443 431 422 410 391 370 356 350 365 375 371 362
383 416 484 589 640 690 622 512 418 454 473 404 354 388 409 544 620 572 522 469 427 460 541 598 491 544 611 640 729 841 820 790 714 622 566 477 412 369 383 301 303 289 327 360 396 416 381 230 117 90 63 63 62 72 96 108 122 133 185 299 403 498 530 595 527 468 507 572 607 564 581 598 673 762 780 777 656 569 546 613 612 633 625 626 503 455 455 430 397 378 351 347 358 367 370 376
489 500 521 563 578 642 601 475 397 401 403 404 371 317 350 491 499 497 575 502 375 427 475 550 443 418 454 542 685 805 812 786 768 714 619 531 454 391 367 287 212 215 212 203 229 281 347 293 186 86 65 56 62 74 90 106 117 132 162 250 340 412 456 512 548 493 553 606 590 574 598 586 603 706 787 769 709 625 540 571 572 603 604 623 546 503 478 468 413 379 354 342 351 358 368 374
470 573 620 549 547 604 572 494 395 365 377 373 410 323 311 348 363 372 451 446 326 350 457 446 394 334 373 470 620 701 756 785 785 784 726 597 531 457 312 243 185 162 148 130 119 125 157 249 195 86 62 61 66 76 89 104 118 137 154 194 258 336 384 442 504 559 560 552 558 593 547 511 579 702 707 697 670 656 540 518 541 497 500 516 542 617 538 504 446 399 376 333 346 354 361 369
403 511 579 493 523 575 612 580 405 348 346 347 366 328 261 263 268 310 320 297 275 339 379 318 378 308 330 373 462 585 630 708 785 782 788 705 591 457 349 265 219 168 148 127 113 105 99 125 209 188 74 59 62 72 84 99 110 133 166 169 221 341 414 420 454 558 519 491 487 562 526 480 539 656 677 659 581 563 500 489 518 478 473 484 502 605 562 534 502 421 412 340 326 343 354 363
375 433 544 467 482 495 557 578 441 387 345 318 339 363 301 248 241 260 238 250 245 327 299 299 354 327 266 302 350 493 542 619 716 769 733 712 633 519 420 325 237 255 207 149 115 99 92 90 119 227 108 60 59 70 114 106 117 121 135 159 246 317 334 341 407 522 497 447 443 498 533 461 501 575 624 647 577 484 420 450 483 467 466 473 488 583 560 586 556 438 383 310 313 329 345 359
351 382 477 445 400 412 485 590 593 552 441 328 316 344 336 286 240 222 215 212 217 217 222 271 254 302 286 238 279 368 408 476 615 698 712 650 651 580 500 441 329 242 272 198 143 100 87 81 78 98 92 62 59 99 137 189 204 173 138 148 185 246 254 292 419 486 467 435 424 425 463 420 438 486 527 581 573 477 375 447 433 439 452 467 478 561 562 601 566 454 385 294 306 318 333 358
335 350 379 374 386 417 468 576 654 642 553 361 302 311 342 336 269 223 212 201 202 195 191 189 198 221 228 259 204 220 292 354 460 588 639 563 588 637 596 496 367 213 193 181 123 104 91 77 73 72 63 59 63 157 234 223 279 261 193 156 165 189 220 257 365 428 446 460 423 390 393 396 397 407 428 461 464 441 340 408 358 346 396 469 478 537 536 532 565 496 413 309 299 313 329 363
336 355 349 360 370 434 413 502 592 603 579 412 333 301 300 316 264 243 225 201 187 183 178 174 177 183 207 237 191 179 253 278 306 421 519 483 545 650 653 558 420 301 187 145 122 117 96 77 68 64 60 61 63 115 239 215 233 292 290 195 176 184 205 230 284 404 455 395 391 366 369 376 375 374 359 343 338 321 315 347 323 310 354 471 466 503 527 505 513 486 410 307 283 311 331 363
369 350 369 330 348 379 375 419 522 542 511 430 419 325 289 264 254 236 227 219 206 186 177 167 162 163 171 171 161 158 202 226 200 255 298 341 466 564 578 610 509 390 301 170 123 104 105 82 67 63 68 59 63 81 213 211 213 290 368 266 229 250 230 214 244 302 387 438 366 350 350 360 359 351 342 315 302 292 279 271 277 274 321 415 387 413 500 484 433 421 383 264 249 312 333 372
426 363 347 330 328 337 345 375 446 465 418 415 457 377 325 328 302 261 235 228 227 211 179 168 161 153 153 147 144 142 146 155 158 158 177 227 333 459 509 549 500 469 403 253 134 105 86 81 66 60 63 61 62 52 115 198 200 245 355 294 220 233 275 235 230 255 304 407 351 347 338 347 365 341 330 312 298 282 251 241 239 234 267 302 333 363 374 386 418 360 314 203 220 310 333 369
464 454 321 314 309 316 324 337 384 381 388 414 458 410 419 443 389 324 270 246 225 208 188 174 165 158 152 144 139 137 133 141 140 139 148 156 215 372 445 470 383 351 392 317 200 123 96 80 68 63 69 59 56 31 50 149 195 200 292 329 235 214 248 252 236 241 272 321 332 335 329 341 373 337 324 311 293 272 244 236 224 219 230 263 293 304 323 367 442 335 228 169 192 294 334 371
453 444 346 300 294 310 312 322 332 374 422 462 469 426 485 553 498 417 334 275 235 214 204 181 171 163 153 146 144 135 142 131 130 129 132 136 156 258 352 401 336 247 268 321 274 177 141 141 89 79 72 72 58 61 57 95 214 196 207 290 248 202 200 204 224 237 241 267 295 310 316 327 359 333 320 306 282 258 241 231 220 206 203 210 223 241 275 342 372 298 201 160 170 246 335 372
409 428 393 334 249 289 303 310 318 379 413 442 406 416 521 632 621 485 428 342 274 229 216 196 176 165 156 147 145 161 165 139 125 121 116 119 126 164 270 303 315 241 163 199 259 267 173 168 125 78 80 94 65 66 57 65 167 201 185 206 224 194 191 194 202 228 226 263 267 273 289 297 314 324 317 299 274 250 235 224 206 198 195 191 191 196 214 250 241 211 185 155 162 186 334 392
387 419 377 330 217 228 264 294 312 324 349 363 368 382 497 620 677 591 496 410 308 252 223 204 188 164 154 147 143 169 182 157 150 129 115 111 108 122 140 181 245 264 161 121 163 275 203 119 118 80 102 120 102 63 59 60 103 175 183 184 187 187 186 187 193 215 215 250 267 257 267 275 292 325 327 293 270 246 233 218 201 192 190 187 184 183 185 193 175 165 156 157 161 208 370 432
304 317 265 213 173 171 196 260 248 283 340 342 386 360 432 521 583 639 642 534 395 310 238 201 177 169 154 145 138 146 160 211 183 147 125 112 107 103 109 122 145 220 201 112 110 152 217 117 96 105 72 71 81 58 57 54 66 130 170 177 181 184 184 184 190 199 207 214 238 240 248 291 295 294 345 341 302 250 227 210 197 189 184 183 181 177 173 168 158 153 153 153 183 246 344 413
167 154 142 161 146 146 181 201 196 215 299 302 343 285 293 346 406 453 491 505 425 370 264 191 171 157 150 141 136 135 136 149 183 194 163 129 112 105 98 99 99 122 145 119 92 102 148 159 82 96 66 54 51 52 53 56 58 69 131 171 178 182 182 182 185 187 194 204 218 227 240 312 360 326 261 267 308 297 242 212 192 185 178 176 174 171 164 158 153 148 148 151 160 217 300 388
129 107 119 129 123 121 138 148 183 248 272 210 271 250 214 228 280 295 340 369 346 311 258 182 162 151 145 146 136 132 131 129 134 150 165 131 130 109 102 96 90 92 91 92 85 86 99 133 100 69 65 57 57 58 65 65 58 65 97 149 191 184 183 179 181 179 181 190 205 219 229 291 372 354 294 222 230 270 329 260 198 183 174 171 169 167 162 158 153 146 144 148 163 179 249 309
87 90 98 103 107 111 119 130 164 229 272 184 183 215 173 180 194 201 214 242 252 231 200 169 157 149 145 144 141 138 134 129 125 124 125 123 117 110 109 138 100 88 84 81 78 76 74 82 88 65 60 53 57 55 57 62 68 65 93 145 200 214 190 180 175 173 174 179 190 196 212 258 328 331 289 285 208 204 264 306 285 233 192 168 165 164 161 156 154 148 145 146 156 156 189 248
82 87 92 95 98 102 110 117 118 139 187 171 164 145 148 154 159 165 168 175 179 184 176 163 158 157 156 158 161 158 144 135 130 127 124 123 119 116 112 129 143 110 89 79 74 70 73 65 64 64 57 53 54 53 56 60 77 101 78 173 268 251 200 187 189 171 169 171 172 177 190 224 303 361 277 332 232 187 184 201 265 303 257 176 165 159 157 155 152 148 144 141 142 146 157 185
83 85 87 90 93 96 101 105 104 111 120 127 131 130 135 141 143 146 153 156 155 164 170 174 175 176 192 208 225 210 188 160 141 134 128 127 122 123 119 116 116 128 118 85 74 68 70 69 58 54 54 52 63 58 64 85 73 100 102 113 271 284 242 204 251 173 165 165 165 170 182 211 290 350 256 323 279 188 178 175 185 213 233 221 189 175 156 152 149 146 143 141 140 141 153 171
80 80 82 86 87 87 91 94 93 97 106 113 117 120 123 127 137 131 151 152 193 223 233 272 278 286 322 332 336 320 273 219 169 153 137 132 127 123 121 118 112 107 116 126 90 79 70 62 60 57 52 58 62 69 64 104 130 83 83 87 139 225 231 233 278 168 162 162 158 164 175 189 223 290 239 301 322 204 171 167 169 177 199 302 299 242 169 152 147 145 146 138 136 137 143 151
74 74 75 79 82 81 83 84 87 93 100 104 109 117 112 115 120 123 133 254 406 450 486 484 478 547 572 550 514 440 382 327 268 206 156 142 136 129 123 119 117 110 107 106 105 90 81 71 67 67 57 53 52 56 58 84 89 68 70 79 90 109 172 255 211 157 153 156 154 159 190 179 190 237 246 257 313 211 170 159 159 164 179 243 355 276 210 161 148 141 140 137 135 133 136 141
67 70 72 75 76 76 78 79 83 90 95 99 111 126 107 109 114 119 184 376 533 545 623 712 723 710 679 716 715 645 586 484 364 265 179 164 151 141 132 127 120 112 110 107 103 95 90 82 75 72 64 65 57 53 54 55 58 58 67 77 83 94 105 122 142 146 149 148 151 157 191 192 198 222 221 257 306 209 172 158 153 157 168 190 257 329 244 179 154 141 136 135 132 130 131 136
67 67 67 70 72 72 74 77 80 85 91 94 94 97 101 106 111 115 231 367 443 492 568 698 704 723 733 750 730 693 654 601 491 393 291 261 222 188 160 143 130 123 120 115 111 105 97 95 89 81 75 74 66 58 58 52 50 53 67 78 82 88 96 103 112 130 148 149 147 151 167 235 214 208 193 259 291 242 196 163 154 150 158 172 203 301 298 252 181 150 136 132 130 129 129 130
63 61 64 67 70 70 70 75 79 82 87 90 90 95 98 102 105 111 199 330 380 459 544 652 691 716 704 690 648 646 639 597 556 529 449 399 362 336 248 176 148 138 131 121 112 108 103 101 100 95 88 84 75 64 61 56 55 51 61 78 83 87 92 98 104 114 134 141 145 150 159 193 244 194 183 218 242 226 206 183 200 155 147 156 169 230 361 333 244 178 144 134 129 127 125 126
59 60 63 65 66 67 68 71 75 77 83 85 88 92 95 97 100 108 124 207 257 339 508 609 625 641 676 646 615 612 579 542 534 560 580 560 528 482 379 267 192 152 143 130 119 109 106 104 105 99 93 88 79 68 66 60 55 53 56 72 81 85 86 94 95 103 123 135 140 147 165 163 187 193 182 182 207 188 178 252 282 206 150 142 153 178 266 358 328 215 176 145 130 127 124 124
57 59 59 59 60 65 67 70 72 74 79 82 86 86 91 95 101 108 120 145 179 283 512 567 604 612 631 591 582 512 502 498 504 533 591 599 589 564 497 489 367 253 208 165 135 117 112 111 111 105 100 97 89 80 71 65 60 55 53 56 66 75 82 87 88 96 109 128 138 143 152 158 164 178 176 176 218 224 185 224 260 249 184 137 137 149 174 214 313 286 215 212 148 130 125 123
56 55 57 60 63 64 66 69 72 76 78 79 85 89 93 98 105 112 121 139 165 273 486 546 578 573 557 569 514 442 445 473 543 557 596 624 615 584 571 595 550 449 417 333 242 178 127 119 117 112 107 105 99 91 81 73 65 63 56 51 54 60 67 78 83 89 104 129 136 140 150 154 161 174 177 177 220 279 221 209 247 243 194 170 133 133 147 159 209 281 280 250 170 144 141 125
