DEM/DEM18.asc
ncols 800
nrows 800
xllcenter 720150.000000
yllcenter 1520150.000000
cellsize 300.000000
nodata_value -9999
[rows 672 to 713 of 800, columns 475 to 569 of 800]
352 364 352 326 303 284 286 308 360 459 495 490 476 474 462 441 382 355 313 294 277 271 245 214 165 166 160 161 189 200 202 200 200 202 191 188 190 185 179 175 173 170 164 168 164 161 162 165 161 156 158 166 176 185 191 178 165 152 150 150 150 148 145 145 144 142 139 137 134 132 130 130 129 130 130 129 129 140 164 195 232 218 191 164 191 179 168 165 149 153 173 178 194 193 185
347 348 327 307 302 276 276 293 357 456 483 468 457 458 447 430 396 289 255 267 262 246 236 209 171 137 141 137 162 177 188 187 199 203 198 198 190 187 181 173 173 172 171 168 167 174 177 174 167 177 178 195 216 223 228 223 207 182 162 155 156 162 158 147 147 144 138 136 133 133 133 131 128 127 127 129 132 153 200 201 197 179 156 151 177 161 134 134 134 146 152 145 171 196 194
344 317 301 293 285 287 283 281 335 385 390 352 337 382 430 418 358 253 204 175 199 211 213 188 154 125 123 126 141 148 154 185 207 213 203 189 182 179 175 173 179 185 189 197 197 198 209 201 186 205 221 226 247 262 281 291 278 230 197 178 187 180 161 155 157 153 142 134 133 132 133 132 130 128 127 126 128 136 163 170 160 154 138 134 144 139 128 129 128 137 146 139 150 166 168
327 318 308 314 325 340 336 287 287 311 295 258 246 260 312 322 271 218 168 144 136 142 161 174 158 127 119 117 122 128 151 217 227 211 196 189 204 202 202 183 193 210 198 229 242 244 247 228 217 244 262 271 283 308 325 353 361 297 243 222 257 226 187 214 219 193 173 144 133 132 128 129 128 126 126 124 125 127 129 132 131 130 128 127 128 127 126 126 125 126 126 126 128 130 135
337 333 320 382 443 447 404 318 282 269 261 283 277 227 213 217 218 177 166 178 165 157 136 134 139 125 117 116 111 121 176 226 214 200 194 201 214 229 232 197 226 228 217 253 274 277 278 256 252 271 291 311 324 349 388 421 414 344 286 303 307 231 215 264 290 262 218 167 138 132 130 127 127 126 127 127 124 126 125 125 124 123 125 125 125 124 123 124 124 122 123 122 124 125 127
355 340 356 436 473 448 422 392 356 328 292 351 400 326 254 223 181 172 207 235 215 185 133 116 123 116 119 115 109 127 165 202 214 207 201 200 206 213 215 226 256 239 256 289 312 317 317 305 306 321 335 350 396 428 461 444 388 346 332 354 305 232 240 309 317 308 277 208 155 137 131 128 127 126 125 125 125 123 123 122 124 122 122 122 123 121 122 121 122 121 121 120 122 122 122
322 326 333 346 367 377 387 395 391 344 331 351 359 332 284 239 214 214 208 184 146 121 115 116 121 112 112 109 115 152 186 190 215 209 215 217 215 220 230 264 286 275 292 328 343 345 355 360 364 393 416 431 476 482 467 400 357 337 357 364 318 245 250 326 337 329 319 237 167 143 133 130 127 125 124 124 125 122 122 121 121 120 120 120 120 120 118 119 120 120 117 119 120 120 120
330 325 332 336 336 356 384 387 363 343 338 347 340 283 229 189 160 143 138 125 114 110 108 117 119 110 100 104 125 161 154 145 164 197 242 244 254 262 261 297 325 315 331 367 377 384 391 422 451 491 503 495 496 482 452 374 351 361 371 366 323 252 270 345 351 360 344 253 184 153 135 129 125 124 124 124 124 121 123 122 120 120 119 120 116 120 119 117 117 117 117 117 117 119 118
318 329 351 371 351 361 394 372 339 315 314 338 316 263 234 198 145 122 115 111 107 103 101 104 111 101 104 104 102 112 118 150 178 205 258 265 299 323 330 377 390 387 397 428 438 450 484 507 522 540 524 514 496 468 409 367 359 373 383 377 347 259 293 368 371 372 381 297 218 173 140 130 128 126 125 123 124 127 123 121 120 118 119 118 117 118 117 116 116 115 115 115 115 115 114
319 323 327 345 345 342 353 350 345 335 296 261 265 245 226 186 146 126 118 110 104 98 95 93 94 94 96 98 100 109 147 188 211 226 265 304 336 369 421 443 454 471 479 531 560 566 549 546 544 568 552 538 497 439 388 376 376 386 389 380 349 263 313 373 381 377 371 337 241 189 143 131 130 129 128 123 121 124 122 122 123 120 117 118 116 118 116 115 114 114 113 113 113 112 114
328 327 326 326 328 331 333 343 359 345 313 256 214 227 205 175 152 134 126 117 109 105 96 92 91 91 103 102 98 107 152 197 224 240 285 332 371 417 456 498 547 560 546 593 589 574 567 576 571 582 564 530 470 420 393 389 391 397 393 378 343 273 326 371 378 366 355 351 284 209 165 138 135 132 128 124 122 121 121 122 121 120 119 117 118 116 117 116 113 112 114 113 112 111 111
361 344 333 343 340 332 333 342 342 323 290 256 174 169 161 144 139 131 127 130 116 100 91 91 91 92 103 104 105 108 117 182 235 248 272 331 400 484 565 599 606 584 587 595 610 600 587 586 577 587 551 499 430 402 407 411 410 404 390 372 331 281 334 351 362 350 338 345 342 277 211 166 145 142 135 128 124 122 120 120 119 120 119 118 115 116 116 113 112 112 113 111 110 110 110
387 370 354 383 365 346 335 333 330 312 283 221 135 122 121 121 132 124 114 119 107 94 91 90 92 93 96 103 103 109 140 186 227 250 273 317 396 506 566 581 607 599 615 616 620 609 601 604 598 561 491 447 410 384 391 409 402 388 375 367 334 291 325 331 334 328 323 328 327 319 299 239 173 147 135 132 127 126 121 118 118 118 118 117 115 115 112 111 111 110 111 111 108 109 110
410 389 385 408 388 381 364 352 347 315 288 253 155 114 109 113 122 119 112 95 92 92 91 91 91 92 102 107 105 104 124 179 212 260 274 306 367 436 470 486 514 524 555 564 556 526 539 560 554 506 453 416 397 370 367 372 369 362 346 341 317 299 311 313 317 309 307 321 321 311 281 257 202 166 138 134 131 128 124 119 119 118 119 117 115 113 113 113 111 110 110 109 110 108 108
454 431 435 443 428 421 402 375 375 348 290 217 159 114 104 105 100 107 108 97 92 91 91 92 90 91 96 103 97 100 106 130 196 267 302 313 337 381 401 412 421 430 440 448 453 458 459 466 462 441 403 359 353 325 328 329 328 319 304 298 291 287 290 293 295 303 309 313 314 306 290 264 240 205 176 162 154 135 127 119 118 116 118 119 117 115 114 112 111 108 109 108 111 107 107
521 479 481 491 476 460 428 384 347 318 289 206 138 108 98 93 92 93 101 94 92 91 92 88 91 91 95 101 91 94 97 104 139 240 312 309 306 342 348 356 359 362 364 381 398 404 399 402 390 385 349 310 275 262 260 259 268 272 279 283 277 278 277 293 323 343 358 358 360 357 341 312 290 264 241 231 200 162 133 119 117 115 118 117 116 115 114 112 112 109 108 107 107 106 106
571 556 537 568 571 511 449 397 343 308 276 178 114 100 93 91 91 92 92 92 91 90 91 88 93 92 92 98 90 91 93 97 113 181 271 291 286 300 309 315 318 308 307 333 352 358 353 348 341 330 289 245 223 235 259 278 304 314 335 345 329 300 292 326 393 461 476 486 488 439 386 362 344 311 292 272 237 195 153 125 120 118 118 114 113 114 115 113 112 109 109 109 107 106 105
612 646 648 643 604 508 437 387 337 313 245 142 112 104 95 91 91 92 90 90 91 91 92 91 90 88 85 89 90 91 91 93 104 136 216 249 278 257 263 272 285 257 265 266 282 288 285 274 274 251 228 212 233 283 321 385 414 436 443 442 428 345 322 395 469 497 516 529 558 546 495 440 407 387 361 338 293 224 169 133 120 116 114 113 113 112 114 112 112 110 110 108 109 107 107
647 630 570 525 480 438 407 366 335 314 215 127 111 108 99 94 92 92 89 89 92 92 92 93 91 87 91 88 88 90 92 101 128 178 232 234 249 232 214 219 225 199 219 200 237 248 235 226 217 197 199 223 275 367 411 439 458 454 433 433 429 378 346 411 451 459 501 516 536 560 570 571 556 511 477 455 361 254 193 142 121 117 116 117 117 113 111 112 112 110 109 108 107 107 108
621 526 474 458 435 400 371 341 312 279 191 122 106 104 101 97 91 92 90 92 95 95 93 93 92 93 93 95 94 100 119 149 182 206 198 172 196 172 170 164 166 162 185 170 189 209 192 187 177 189 237 287 346 407 425 455 447 425 392 394 403 387 379 409 419 435 466 476 499 522 551 564 564 561 541 518 400 298 224 151 124 119 117 117 115 113 112 109 109 109 109 109 106 107 105
498 452 425 410 388 364 336 305 251 189 138 113 103 98 93 94 95 99 93 97 94 90 92 93 95 94 93 107 106 107 115 148 150 175 152 139 142 138 134 123 126 135 143 142 143 155 156 179 214 237 267 357 396 400 418 431 413 381 349 347 352 354 356 371 378 395 410 419 448 479 501 506 506 503 498 480 394 286 215 158 126 121 118 117 114 115 113 111 110 108 109 108 107 106 107
432 406 381 368 343 321 309 259 187 131 120 112 105 98 100 105 102 113 118 129 126 121 104 93 92 93 94 92 93 90 95 114 115 161 141 129 130 132 126 116 112 118 124 130 131 157 201 257 308 338 340 381 388 377 376 380 367 349 326 311 311 305 300 312 328 338 350 375 404 431 446 451 478 462 449 416 324 236 174 138 125 121 119 119 118 116 115 113 114 112 112 112 115 114 111
401 379 352 332 311 280 275 233 164 146 143 142 126 123 128 138 137 143 156 159 136 119 98 96 94 91 90 93 95 96 92 96 106 125 130 124 124 131 134 119 112 112 115 125 148 189 239 295 369 405 380 365 370 360 345 339 329 325 303 291 283 267 256 270 286 301 319 344 379 393 405 425 454 442 409 374 273 205 163 133 129 124 119 121 118 116 118 123 137 145 145 149 155 157 155
361 350 327 295 274 264 259 260 248 237 230 209 192 174 182 184 176 154 141 140 124 119 107 98 90 89 90 95 98 92 93 98 108 123 136 125 119 126 124 109 108 110 120 135 177 214 266 340 409 423 387 370 368 343 314 281 280 276 264 257 250 234 219 223 240 257 280 310 341 348 368 412 437 400 344 301 265 237 199 149 136 124 123 120 119 125 146 173 202 218 221 244 259 247 208
333 319 301 284 262 239 251 244 231 211 193 185 178 153 148 148 150 132 116 129 134 123 105 91 93 84 92 98 104 101 110 120 123 132 133 122 108 113 112 105 105 139 140 163 216 259 333 392 413 414 387 366 350 316 293 257 234 232 227 226 224 209 185 211 235 276 291 295 313 352 408 456 490 393 312 276 247 231 206 155 132 126 125 122 125 167 224 264 312 330 304 280 222 179 151
318 287 265 240 220 206 187 183 180 172 168 175 174 155 132 126 122 114 113 123 135 120 101 91 102 99 104 108 114 111 121 128 128 128 126 111 103 104 102 99 106 134 165 194 240 299 390 403 390 383 368 336 320 297 274 256 218 210 206 204 199 185 169 197 229 271 302 329 350 397 455 495 513 399 313 283 250 223 194 156 133 131 134 139 159 199 224 232 268 276 254 213 172 146 139
258 244 230 213 195 184 175 167 163 161 159 168 162 155 135 118 115 112 106 110 128 124 102 93 105 105 102 101 106 109 114 119 120 116 109 100 96 106 129 123 113 139 173 210 263 336 412 394 376 354 333 310 282 280 260 233 201 181 175 170 167 150 153 168 212 258 306 392 437 452 471 475 456 362 307 268 236 213 185 162 165 173 171 163 165 163 168 168 185 175 163 148 143 144 142
218 213 204 201 188 173 168 159 156 147 147 154 146 140 124 112 108 107 98 100 117 122 104 83 102 98 93 92 96 100 102 110 113 102 97 95 111 171 180 145 120 149 195 249 313 392 418 384 368 345 318 292 262 233 221 197 176 156 145 142 146 145 137 153 207 254 313 369 400 384 376 379 371 316 267 221 232 205 170 154 148 147 149 151 155 159 161 161 160 153 145 137 135 134 132
205 185 194 191 183 172 164 160 156 145 139 137 131 128 125 114 106 103 101 100 114 115 100 87 99 90 86 85 91 98 96 105 110 98 94 92 139 219 197 143 126 154 200 270 364 432 405 376 357 327 298 264 239 210 186 166 150 142 134 136 142 131 129 147 176 203 237 278 322 341 337 319 319 249 193 155 152 154 153 152 150 144 151 159 162 163 159 155 151 144 141 135 129 127 125
197 173 181 188 182 173 169 166 159 150 141 134 129 125 127 121 113 109 104 95 106 107 91 85 90 82 81 80 85 95 91 97 96 91 90 91 118 155 140 144 127 158 204 286 405 454 411 374 336 304 274 245 216 184 163 143 131 126 130 132 130 126 125 130 134 181 196 221 253 273 260 251 221 161 141 148 162 168 162 163 160 146 148 155 159 158 148 143 138 136 135 132 129 123 122
160 164 175 174 182 177 170 162 155 147 142 136 127 119 123 121 115 105 99 90 91 91 82 79 82 78 78 80 82 86 88 87 88 90 88 89 92 99 118 142 132 157 206 279 400 441 395 352 301 258 236 203 180 152 136 126 120 124 123 122 120 120 117 118 124 168 201 200 227 186 158 168 154 147 137 147 153 154 154 153 147 137 135 147 153 152 144 135 130 133 129 127 126 121 119
115 122 137 150 169 177 166 162 153 142 134 132 125 114 112 115 112 104 94 88 89 85 78 80 79 78 79 79 80 83 85 83 90 91 86 90 88 90 101 107 123 158 202 257 354 383 349 311 266 218 179 166 145 131 123 118 117 120 122 117 115 112 113 112 138 162 167 153 155 146 143 146 143 132 133 141 145 147 147 144 136 128 126 138 139 144 138 129 125 126 129 124 119 120 117
103 110 117 127 131 132 129 142 156 146 138 136 131 120 113 107 106 109 101 90 85 88 79 78 77 76 79 79 78 80 82 88 97 98 90 92 94 93 92 95 109 139 168 206 300 334 302 266 230 180 144 139 133 121 113 112 113 114 117 121 132 135 112 112 115 121 127 127 126 127 130 131 129 120 127 135 138 141 140 137 125 123 125 126 129 134 131 129 125 121 127 126 120 117 114
100 104 111 119 121 114 113 115 116 118 143 142 139 130 120 110 101 107 103 92 85 85 78 74 79 76 78 79 78 81 83 88 99 103 97 93 96 98 94 96 103 106 121 154 266 266 257 229 191 146 134 130 125 117 108 109 111 115 120 126 127 117 109 107 111 115 117 115 114 117 119 119 118 115 117 120 124 128 130 128 120 125 128 125 123 126 126 125 123 119 122 125 121 118 112
98 107 112 116 114 106 104 106 106 110 120 118 121 121 116 105 95 100 101 91 83 82 79 74 76 75 79 77 80 80 83 88 98 102 101 99 92 96 94 95 101 100 104 137 244 234 219 193 153 143 136 135 127 114 107 108 113 118 120 124 120 108 109 106 109 115 117 110 109 110 115 114 112 112 117 115 118 121 119 119 121 129 122 120 121 124 125 123 121 118 118 118 118 117 111
97 103 109 113 109 100 97 104 100 102 107 103 102 103 101 98 89 87 88 86 81 78 77 73 73 75 75 78 79 80 86 92 97 99 107 103 97 99 96 97 98 101 109 165 210 203 173 156 146 137 132 128 119 110 106 105 111 112 113 115 115 108 104 104 107 111 112 108 107 108 111 109 107 111 113 110 113 114 115 120 125 124 118 119 119 121 121 122 122 116 116 115 114 111 109
95 100 106 111 107 94 99 99 96 99 105 100 92 90 90 92 86 81 80 82 77 76 76 72 74 76 78 78 77 81 85 91 94 92 99 102 102 104 101 102 100 107 131 178 154 144 136 139 137 128 124 118 114 107 106 103 105 105 105 106 106 105 103 105 105 106 104 106 103 107 106 104 105 109 108 108 109 111 113 120 122 117 116 116 118 118 117 120 119 117 114 112 111 112 110
89 97 103 108 104 93 104 98 94 91 101 100 92 86 83 85 85 80 78 78 77 75 72 73 76 77 78 78 77 79 85 90 93 89 95 95 99 104 103 107 106 110 144 147 142 136 131 128 124 118 116 113 109 105 104 103 104 103 101 104 106 103 103 104 102 102 103 104 100 104 102 102 103 103 104 105 107 109 111 118 115 113 115 114 115 117 118 120 122 121 119 115 115 114 112
87 98 107 104 102 93 102 97 87 92 96 95 95 90 80 79 81 81 79 76 76 73 73 75 76 76 76 76 79 84 88 90 88 85 90 92 96 100 106 110 111 116 124 132 135 132 128 125 122 116 112 109 106 103 101 100 102 104 100 102 101 100 101 101 101 99 100 101 100 99 100 101 107 104 104 104 106 109 109 109 110 111 113 115 118 121 124 125 125 125 126 121 121 117 115
91 96 102 99 100 93 90 87 84 89 96 94 89 89 80 77 78 78 77 75 74 72 72 75 76 75 76 77 79 81 83 83 83 86 95 99 100 102 107 110 114 116 122 125 124 124 123 122 122 115 113 112 108 107 101 98 99 102 100 99 98 98 100 100 99 98 98 100 99 99 102 102 104 108 108 109 109 111 114 115 112 113 117 123 124 126 130 129 129 130 132 128 122 118 118
88 91 97 94 92 87 90 84 88 95 97 89 81 84 81 76 75 76 75 73 70 73 74 74 76 75 77 78 78 81 82 90 90 88 94 93 96 100 102 105 110 114 120 118 117 121 122 117 117 114 112 111 108 107 103 98 99 99 98 96 98 98 101 100 97 96 98 98 97 99 103 106 105 105 106 108 110 115 126 127 123 120 120 129 132 135 135 136 135 137 133 130 124 120 121
83 82 88 88 85 82 86 80 86 94 99 90 83 78 79 75 74 74 73 71 73 73 73 74 75 75 76 77 83 87 94 97 96 92 98 103 105 110 113 115 116 123 127 112 113 115 120 113 114 113 110 111 109 103 100 97 97 98 96 95 97 97 97 97 96 95 95 96 97 101 105 107 108 107 110 111 110 111 123 134 138 133 129 135 140 142 147 148 147 143 138 134 125 127 129
