DEM/DEM18.asc
ncols 800
nrows 800
xllcenter 720150.000000
yllcenter 1520150.000000
cellsize 300.000000
nodata_value -9999
[rows 210 to 251 of 800, columns 95 to 189 of 800]
124 117 114 113 111 110 107 104 100 99 100 95 92 90 91 92 89 89 91 91 93 103 174 256 207 178 161 148 144 147 196 262 264 247 235 226 216 221 228 253 276 276 293 294 299 304 302 311 318 322 333 345 358 357 344 336 330 323 319 316 314 312 312 312 308 310 318 311 305 301 300 301 291 292 289 279 275 274 271 266 263 260 260 260 262 265 266 268 269 273 278 280 280 273 270
120 115 110 108 106 105 103 103 101 96 97 96 91 89 89 89 88 88 89 93 93 98 160 225 202 168 161 145 140 149 192 246 256 257 239 228 215 221 228 244 272 287 289 298 306 309 309 314 317 320 327 339 351 350 341 337 329 328 322 319 321 314 314 311 306 305 307 306 309 302 298 303 303 293 285 281 273 270 269 267 263 262 261 261 263 265 267 271 270 274 279 284 284 279 273
119 115 113 109 103 101 103 99 97 95 94 95 92 88 87 89 86 87 90 95 90 93 143 211 186 156 149 142 131 143 166 213 236 243 223 214 215 218 223 242 255 250 267 286 289 293 298 306 310 316 325 344 353 346 337 332 331 331 328 323 323 321 324 314 310 306 301 299 301 303 298 301 301 292 284 279 276 272 268 266 265 263 264 264 264 266 267 271 273 275 279 282 280 281 277
117 113 111 106 103 99 98 97 94 93 92 93 91 88 88 87 88 89 93 94 89 91 131 205 170 159 136 136 128 135 149 195 226 208 201 212 225 225 232 242 241 245 274 294 296 304 306 308 310 314 319 337 344 344 335 326 325 325 329 330 331 326 320 314 305 303 301 299 297 299 303 295 295 293 285 280 277 273 267 266 268 264 267 269 266 266 268 272 275 280 277 277 278 280 276
117 112 109 104 101 97 95 96 93 91 91 90 89 87 91 88 87 90 95 91 88 91 124 200 158 162 134 131 127 132 141 173 182 178 221 228 233 232 251 245 241 263 263 270 286 308 310 319 320 325 324 332 336 341 333 324 325 320 325 328 329 321 314 309 310 310 307 303 297 295 300 298 292 292 286 279 274 272 270 270 269 265 271 275 270 268 268 270 274 278 274 274 279 282 277
116 112 109 105 103 100 98 94 92 90 89 88 88 87 86 87 91 94 93 89 86 88 128 205 153 154 133 129 126 131 130 133 155 158 200 211 220 236 249 234 236 239 240 251 288 304 307 317 325 324 323 325 327 332 330 321 321 319 323 324 328 320 314 314 315 316 312 302 301 297 293 295 292 290 288 281 275 277 273 270 266 268 276 276 270 271 272 271 275 279 274 271 275 274 275
115 113 112 108 104 100 97 94 91 90 88 86 85 85 87 87 90 91 89 88 84 88 111 199 155 139 130 124 124 127 125 125 138 148 176 207 220 230 232 230 234 237 245 264 296 305 309 314 326 325 325 322 320 324 325 317 316 316 319 326 327 323 319 319 317 312 306 300 298 298 294 291 289 288 286 280 276 279 276 270 267 273 280 278 273 272 274 275 277 277 274 271 271 272 273
112 110 110 105 103 100 97 95 93 91 87 86 84 85 85 86 87 86 87 86 84 87 109 198 172 151 132 123 124 123 125 125 136 160 204 221 217 224 227 229 240 265 287 295 301 313 311 320 329 327 326 325 321 319 318 314 314 311 318 327 326 327 325 322 319 313 305 301 303 303 296 297 291 287 286 284 280 281 277 274 270 274 277 280 279 274 274 278 279 280 276 270 268 275 274
110 107 107 103 101 99 100 97 96 94 90 87 84 84 84 83 83 84 84 84 83 88 116 214 179 152 142 122 119 123 124 124 152 180 195 203 212 220 226 231 239 262 295 306 317 315 314 330 336 333 330 332 331 325 318 311 309 310 318 327 320 316 317 319 322 315 311 307 311 312 307 300 293 287 287 290 287 281 278 276 274 274 274 279 281 277 275 276 278 278 274 270 268 274 272
106 106 103 102 98 98 100 100 98 96 92 90 88 86 84 83 82 83 82 80 82 89 132 232 181 146 142 120 114 118 119 119 133 159 196 225 232 232 243 249 265 274 291 294 309 318 324 325 338 337 336 344 339 330 319 310 306 311 316 325 318 311 316 322 329 325 316 309 310 307 299 295 291 284 285 290 290 289 283 278 276 272 270 273 280 276 272 275 275 274 271 267 269 276 271
106 102 99 100 98 94 95 97 97 94 91 89 88 85 84 83 82 83 82 80 83 90 150 233 180 144 148 122 112 119 116 120 132 170 208 231 253 254 262 289 289 295 301 303 312 331 330 329 350 345 347 348 334 323 317 312 305 310 315 318 310 309 311 315 324 322 314 306 304 298 294 291 289 285 283 285 284 284 282 279 279 274 272 271 277 276 272 271 273 272 269 267 267 272 271
102 100 97 96 94 92 90 91 94 94 91 87 84 85 86 84 83 84 82 83 85 97 185 255 193 141 147 122 113 114 115 124 138 176 210 242 260 279 303 311 316 319 332 319 331 341 347 356 370 363 361 349 335 325 318 310 304 310 315 312 308 307 306 310 317 324 315 312 309 304 298 292 291 291 287 281 284 281 277 276 274 274 270 268 271 273 270 269 270 269 267 264 264 269 270
102 99 98 95 91 90 90 88 89 92 91 87 82 82 82 82 85 83 82 83 86 103 205 259 200 141 134 117 109 111 114 121 143 184 205 233 266 297 310 295 295 307 344 342 342 348 379 385 380 366 356 344 335 327 316 305 303 308 310 306 308 301 302 309 313 319 308 305 303 302 296 292 298 292 286 280 278 277 275 274 270 271 270 268 267 268 266 266 267 267 266 263 263 266 264
105 101 96 94 92 89 89 85 84 88 89 87 83 80 81 82 82 84 82 84 85 102 204 259 198 141 125 117 110 111 117 119 139 189 212 236 265 271 282 290 285 302 334 322 324 336 367 382 370 355 345 336 328 323 314 304 300 308 308 303 309 302 301 309 305 313 314 306 298 295 289 289 293 288 283 280 277 275 274 272 272 270 270 271 269 266 264 264 265 267 265 263 262 264 260
103 101 98 97 95 90 87 84 82 83 86 84 83 81 80 80 81 84 82 82 85 102 200 265 201 139 134 122 112 111 117 124 152 195 215 244 250 246 248 268 277 292 309 308 302 325 367 375 362 352 340 332 325 320 311 308 302 301 307 300 303 297 300 302 301 306 313 313 307 298 289 285 290 289 285 281 280 278 278 274 273 272 275 277 272 265 264 263 262 263 264 260 262 261 259
99 101 102 100 95 91 87 84 80 80 79 82 83 79 79 79 82 84 83 85 90 108 214 265 198 141 138 126 112 111 116 123 154 185 203 208 218 226 228 245 265 274 289 307 294 315 341 373 365 355 346 335 328 322 313 309 305 299 299 296 295 293 296 294 298 304 310 306 304 295 287 282 282 281 282 278 277 279 280 277 277 272 271 272 270 266 263 264 264 260 264 260 263 261 260
96 98 100 99 96 93 89 87 82 79 79 78 80 78 80 80 81 82 84 86 91 111 231 271 204 146 142 130 113 109 112 116 119 144 191 194 199 209 212 237 250 270 276 296 295 311 318 353 356 348 341 330 319 318 312 304 301 300 298 298 295 291 292 292 297 298 309 310 303 296 291 286 284 279 277 274 275 278 279 279 280 274 269 267 266 264 263 261 261 260 264 263 262 257 258
95 94 96 95 94 93 89 88 86 81 78 78 79 79 78 77 79 81 81 84 89 98 185 269 223 156 144 132 113 109 111 110 114 123 162 187 187 199 210 240 264 270 266 268 283 298 304 331 351 344 335 327 320 314 307 302 303 308 305 302 300 296 291 289 292 299 308 306 300 292 289 295 288 280 274 272 277 275 275 280 277 273 273 269 268 264 262 262 260 260 261 263 263 259 256
93 89 91 92 93 91 89 85 85 82 80 79 78 78 78 81 86 83 83 85 89 91 158 265 230 164 148 136 111 109 109 109 110 113 125 146 175 203 211 239 257 262 260 261 274 291 318 343 352 338 331 325 317 311 304 305 309 308 300 295 296 297 291 286 291 300 302 300 297 290 283 285 285 279 273 271 274 270 273 280 278 278 278 274 268 265 265 265 262 262 261 257 258 259 259
95 89 88 89 93 90 86 84 82 81 79 78 77 78 77 80 89 86 86 85 87 89 150 269 228 156 134 136 113 109 108 109 110 113 117 137 179 202 211 235 259 266 250 246 270 291 322 352 350 335 325 319 317 308 307 307 303 299 294 292 290 291 287 287 292 299 295 291 295 288 280 278 277 273 270 268 269 269 270 275 279 278 277 275 269 267 269 266 264 263 261 257 256 258 259
93 89 86 88 88 87 85 84 81 80 79 78 78 77 78 82 85 86 90 88 87 91 126 236 220 150 126 125 114 110 109 113 114 118 130 172 195 205 216 240 259 248 235 238 254 281 315 349 347 335 326 318 312 314 314 308 309 303 297 292 287 286 284 288 294 297 291 284 290 286 282 283 282 275 272 268 265 265 267 269 268 275 269 269 270 270 269 266 263 263 261 261 257 256 256
92 90 87 83 85 86 84 82 80 79 77 78 78 80 81 87 89 87 90 92 90 91 112 216 215 148 124 120 110 109 109 116 122 132 169 195 207 214 232 240 244 240 220 230 252 282 315 343 343 331 324 318 318 320 318 316 312 301 301 299 292 288 283 285 287 291 283 278 283 283 279 278 279 276 274 271 267 264 265 266 264 270 265 266 267 270 271 268 267 268 264 264 260 255 254
92 87 84 81 82 84 83 81 78 78 77 76 80 83 82 87 86 86 89 91 90 93 103 193 212 153 132 128 107 107 108 113 115 126 174 194 204 206 220 236 239 226 215 235 263 303 331 343 341 331 324 320 323 319 322 320 309 302 306 301 297 289 285 281 283 280 277 277 276 277 275 272 271 270 270 271 268 265 263 266 261 264 263 263 266 269 271 269 269 269 268 267 263 256 252
92 90 88 83 79 80 80 79 78 77 76 79 82 79 80 84 85 85 87 87 86 91 101 189 217 156 122 121 105 104 106 111 115 133 175 192 197 200 213 236 234 219 210 227 257 283 333 343 340 332 325 319 316 311 314 321 315 309 310 298 292 288 285 280 280 281 281 277 278 275 272 270 268 268 268 266 264 264 260 263 259 258 261 263 265 269 268 267 266 267 267 267 265 259 254
93 92 91 85 80 77 77 77 74 75 76 76 76 76 82 81 82 83 84 84 85 88 105 195 222 155 118 105 103 106 107 107 120 155 168 183 194 204 204 225 230 225 211 212 247 266 321 339 338 333 326 322 314 310 306 310 313 312 310 298 293 295 291 285 286 292 290 285 283 279 276 272 269 276 273 267 262 263 261 259 257 258 266 266 264 267 268 265 263 262 262 262 262 260 255
93 93 88 85 81 78 76 75 73 74 74 75 75 77 79 81 82 81 82 86 87 89 98 190 223 163 119 100 104 106 116 114 126 148 170 193 198 193 193 216 223 216 206 199 234 261 302 340 337 328 322 321 315 309 306 303 301 306 310 304 297 301 297 289 294 297 294 288 283 283 278 274 278 278 275 271 267 262 260 258 258 258 262 261 261 265 267 267 264 262 260 258 257 257 254
91 91 89 86 83 82 80 76 76 73 75 77 77 78 79 78 79 81 81 83 85 86 95 180 225 164 120 100 106 111 122 119 125 145 171 185 194 187 185 195 215 208 204 197 219 253 283 327 337 325 318 317 318 313 310 306 305 300 304 304 302 309 300 296 299 298 291 289 293 289 280 279 280 275 273 271 270 267 260 258 257 257 258 257 261 264 266 268 267 266 263 257 255 254 251
88 90 90 87 84 82 79 75 73 75 76 76 76 77 77 76 78 78 78 79 80 82 91 151 220 159 116 100 109 116 121 113 119 151 169 178 186 184 181 183 190 190 196 196 218 246 264 315 333 324 315 312 319 314 305 301 298 295 299 298 299 304 303 303 307 299 294 296 301 291 281 277 273 272 269 264 265 264 258 257 255 256 260 261 262 261 262 266 266 266 265 261 258 256 251
88 89 86 84 84 82 77 73 74 75 74 76 78 77 75 78 80 78 78 81 81 82 86 105 190 160 118 99 110 116 117 111 115 155 165 178 180 184 177 175 172 172 189 197 213 260 268 299 327 321 315 309 314 314 305 303 305 299 293 295 297 295 298 299 303 299 296 301 300 290 280 279 278 275 272 265 261 260 258 256 254 256 255 258 257 258 262 264 264 263 263 264 261 255 250
84 86 87 84 79 77 75 73 75 75 77 80 81 78 78 79 80 78 79 82 80 82 86 109 200 156 117 99 108 114 110 110 114 148 168 174 173 176 167 167 169 171 188 200 221 263 272 301 325 322 315 307 310 312 308 309 310 300 293 292 296 293 291 296 298 292 292 298 297 292 284 282 278 273 268 266 263 259 258 257 255 254 252 255 255 255 257 260 263 263 260 259 260 256 253
82 87 88 84 81 76 73 72 72 75 79 84 85 80 78 79 78 80 80 83 81 81 86 113 217 168 111 96 105 111 107 106 115 150 174 168 166 168 163 162 165 179 196 210 250 269 287 323 328 321 315 305 306 305 306 314 315 307 300 290 294 291 288 296 293 289 284 288 294 293 282 277 274 271 269 268 262 263 261 260 257 254 252 251 253 254 257 257 257 260 261 256 257 258 250
81 83 87 85 81 76 73 72 73 74 77 80 83 79 78 79 80 81 81 81 83 83 85 107 218 181 119 95 106 107 105 105 114 140 173 166 161 155 153 166 171 184 198 225 258 281 324 338 329 316 311 303 300 300 304 306 308 309 298 288 289 290 286 291 287 287 282 280 285 286 282 280 279 275 274 270 267 263 259 259 255 253 253 250 252 256 255 256 254 256 258 255 254 255 252
77 79 83 83 78 76 73 72 73 72 73 75 78 79 78 78 79 82 82 83 85 84 83 96 204 190 130 96 104 104 102 103 111 122 151 159 151 147 156 165 173 191 202 240 266 309 341 338 329 317 311 305 305 302 298 297 298 303 304 290 285 286 284 284 282 283 279 276 275 277 281 283 284 277 278 276 266 263 258 255 252 251 252 251 250 253 251 253 251 253 258 256 254 251 250
75 78 81 79 75 72 72 73 72 74 74 78 82 82 80 79 78 81 84 85 85 86 85 88 176 196 131 94 99 99 100 98 104 109 112 134 132 144 167 171 175 190 203 249 272 326 339 328 320 316 313 309 312 303 299 295 293 292 297 289 284 283 282 282 280 279 277 279 281 275 274 279 285 272 268 273 270 266 260 255 257 255 250 251 249 250 249 250 250 251 255 256 256 253 248
75 78 78 76 73 71 71 73 71 75 80 80 86 89 86 81 78 80 83 81 86 89 91 87 119 175 121 95 95 97 98 98 101 102 104 109 124 146 158 168 176 190 224 263 271 320 337 331 328 325 318 314 312 311 304 295 294 292 289 293 288 288 289 289 284 279 281 289 288 280 273 276 282 272 268 266 267 267 262 258 261 258 252 250 249 249 248 247 247 247 249 249 253 253 248
75 77 75 73 70 71 70 71 72 78 86 88 85 88 86 82 79 81 82 80 83 88 89 89 90 106 133 100 101 100 106 101 100 102 104 111 131 147 158 173 188 210 243 269 283 331 343 340 331 321 315 309 308 306 302 295 294 295 301 300 294 294 290 285 282 283 288 293 288 280 275 272 279 275 272 267 261 262 262 256 255 255 251 249 249 248 248 248 247 246 246 247 247 249 248
75 73 71 69 69 72 71 76 77 76 82 87 86 89 85 82 81 81 84 82 81 87 85 86 93 172 171 108 103 103 113 104 101 115 137 154 155 161 169 181 207 254 272 295 318 345 344 339 329 318 311 306 306 302 300 297 299 303 310 301 293 289 287 287 285 289 295 293 294 285 274 271 279 275 269 265 263 259 256 255 254 253 251 251 251 248 249 248 247 246 245 245 244 248 247
71 69 69 69 71 71 73 77 84 83 80 81 88 93 89 84 81 83 84 83 81 84 85 88 101 203 175 111 111 107 114 109 104 127 161 169 160 170 177 189 252 275 289 340 347 354 342 333 327 318 314 309 306 306 306 299 305 316 312 302 295 290 290 289 287 293 292 286 289 284 272 272 276 276 272 270 267 262 259 258 255 256 255 253 252 251 250 248 247 246 245 246 244 246 247
69 69 69 69 74 73 78 83 89 91 88 84 86 95 94 87 83 83 85 87 83 83 78 88 104 208 193 121 113 115 116 112 109 116 156 172 174 180 183 216 275 279 326 357 358 356 350 338 328 320 316 310 310 310 310 302 307 318 314 304 293 292 297 292 289 290 288 282 280 277 271 269 269 273 275 271 269 264 262 261 256 254 253 253 252 251 250 249 247 247 246 246 246 245 249
67 69 70 72 78 81 82 87 95 99 96 91 87 91 94 90 84 84 84 88 85 90 81 87 101 195 214 133 107 113 115 119 114 124 154 164 186 185 191 244 283 308 344 356 351 343 338 333 326 322 316 311 317 319 313 310 312 317 316 307 298 295 297 291 293 294 285 280 278 275 272 272 269 267 270 265 262 261 263 258 254 254 253 253 252 252 251 250 248 248 249 248 247 251 254
68 73 70 70 73 79 82 90 97 101 103 98 92 92 94 89 86 84 84 88 88 90 87 89 98 185 226 144 103 108 112 121 119 143 162 169 182 189 196 262 314 353 362 361 358 353 345 336 326 322 319 312 318 323 324 323 319 309 307 304 298 299 299 291 296 298 286 283 285 283 277 272 268 265 265 262 260 260 258 257 255 255 253 254 254 254 252 251 250 249 249 250 250 254 254
67 73 84 80 72 74 78 85 89 94 102 102 99 100 100 93 87 85 84 86 89 90 86 89 96 166 237 158 108 122 112 129 145 152 172 184 189 194 207 279 322 354 373 374 370 362 350 340 330 325 319 314 319 328 332 324 314 306 303 307 304 303 299 294 301 302 292 287 285 280 274 275 270 263 264 263 260 259 258 257 256 256 254 256 256 254 253 253 253 251 251 252 253 253 250
