DEM/DEM23.asc
ncols 800
nrows 800
xllcenter 720150.000000
yllcenter 1280150.000000
cellsize 300.000000
nodata_value -9999
[rows 287 to 327 of 800, columns 91 to 181 of 800]
62 66 78 66 49 46 60 69 60 49 49 43 37 39 52 54 46 40 47 43 47 46 50 57 63 73 103 86 66 62 69 67 69 73 70 69 75 76 81 90 96 103 99 109 116 123 174 269 332 451 482 406 324 253 190 196 181 108 120 140 106 93 82 84 77 65 61 64 63 57 59 69 53 44 50 67 59 54 56 51 56 53 47 52 47 44 40 34 37 35 33
58 61 67 59 51 46 51 54 47 46 48 38 35 40 48 54 43 39 40 46 42 44 47 52 59 73 86 67 60 62 71 76 96 104 77 72 76 83 84 87 91 93 92 100 109 115 155 216 262 328 423 418 400 295 231 177 154 115 91 124 107 99 89 82 82 74 73 70 65 59 56 62 60 49 51 61 64 61 48 38 40 40 42 43 40 41 39 32 31 35 35
56 52 53 55 56 52 46 42 41 43 50 40 35 41 47 49 46 38 39 49 44 43 44 47 57 72 59 64 64 72 102 129 177 173 91 76 83 89 91 100 94 86 90 99 108 107 123 146 206 209 298 310 313 279 254 237 192 157 108 91 88 107 93 83 78 74 78 76 66 55 60 60 68 53 52 51 65 57 45 41 40 51 56 52 38 38 32 34 36 37 34
49 47 44 48 53 54 58 50 47 42 47 43 35 39 41 43 44 39 36 40 42 42 45 50 52 54 57 63 75 122 176 167 185 134 96 87 90 95 107 108 92 84 92 100 97 88 97 105 137 151 214 213 215 225 264 293 299 249 181 127 98 90 90 85 83 75 76 76 65 61 65 61 56 61 58 50 51 47 44 50 49 54 54 40 32 31 39 46 41 35 32
46 44 45 46 58 67 60 58 55 48 45 49 36 35 42 41 39 37 38 41 42 48 54 51 47 51 59 62 97 104 101 133 233 221 152 119 105 102 99 93 90 84 82 89 88 85 90 94 96 108 123 125 144 158 256 323 355 326 205 117 103 94 82 80 80 78 72 66 59 55 57 54 50 63 66 60 46 47 50 50 47 42 43 35 31 34 42 40 36 32 30
44 45 45 41 47 62 67 67 65 53 41 42 37 34 38 38 38 37 38 43 46 54 66 46 46 54 61 60 62 72 117 216 288 207 158 146 122 109 101 101 93 87 81 84 87 81 90 86 87 91 92 100 96 106 171 287 339 316 250 176 118 88 76 76 73 77 70 61 67 60 55 54 52 52 59 60 50 46 45 41 43 38 40 34 37 47 37 33 32 36 34
45 54 46 40 46 63 68 59 63 51 42 40 36 33 36 38 38 35 39 41 43 54 55 44 48 53 60 57 57 76 167 255 247 211 225 218 166 117 109 107 96 90 87 81 80 78 88 84 86 89 88 90 94 92 125 238 264 254 245 201 152 101 91 81 68 73 70 66 69 58 58 49 52 51 53 46 46 43 42 43 45 54 49 40 55 63 46 40 39 39 35
47 48 47 48 52 62 65 66 59 52 39 37 38 32 34 35 37 41 47 49 47 53 45 44 49 52 55 53 53 74 120 147 132 163 226 277 177 130 123 109 98 90 91 85 79 78 81 80 76 76 82 82 81 92 109 150 182 175 207 212 191 175 146 90 77 86 71 68 64 59 59 55 59 51 42 40 40 39 40 54 61 56 44 47 59 59 46 40 38 40 37
44 45 46 46 48 59 69 68 50 56 40 36 38 34 34 33 33 37 39 45 47 45 43 44 47 48 50 52 63 75 77 87 122 175 243 255 196 163 142 115 105 98 94 90 93 83 76 75 76 74 75 77 74 85 92 103 158 143 148 166 188 187 153 99 78 76 72 74 75 68 75 66 61 44 40 42 44 43 65 64 54 44 39 48 58 49 41 44 45 37 33
41 49 42 46 46 57 73 61 45 50 37 36 36 35 33 35 36 37 44 45 47 47 41 42 45 45 51 57 66 69 88 131 184 245 296 265 203 179 137 118 108 100 100 93 90 82 80 75 74 70 71 75 75 81 84 86 133 144 129 127 149 149 137 100 83 75 70 82 68 54 62 54 47 42 46 45 41 52 69 64 60 39 43 55 64 48 43 53 57 52 40
35 36 36 43 42 52 62 61 44 45 34 34 35 34 32 33 38 38 43 42 40 40 41 41 47 45 49 55 58 59 76 118 163 199 193 189 152 140 119 109 99 104 106 100 90 84 79 80 76 72 67 77 74 72 74 83 86 89 96 118 115 110 107 87 73 72 70 79 65 62 55 50 47 46 51 59 45 57 72 66 56 44 55 49 59 46 45 55 59 59 39
30 30 32 35 44 55 65 66 54 40 36 36 38 32 32 35 35 37 39 41 40 38 41 46 48 51 54 58 55 55 67 87 90 95 97 96 100 126 127 128 118 116 114 101 94 90 87 82 84 76 70 68 66 74 71 76 81 74 80 80 76 90 83 86 80 80 70 73 66 51 53 53 44 56 63 70 59 49 60 66 52 47 63 49 52 53 46 64 48 40 39
29 29 30 37 50 61 66 67 56 40 33 35 36 32 30 32 37 38 38 39 38 41 45 46 49 52 63 64 58 55 58 67 77 72 79 91 111 127 189 208 160 129 117 106 107 97 98 87 80 79 72 70 66 65 69 68 72 65 73 66 68 78 71 76 82 73 62 63 57 55 49 56 50 58 72 67 57 58 57 47 46 59 53 61 72 63 50 60 47 38 43
30 28 28 32 48 53 60 64 56 47 32 33 35 31 30 36 37 40 40 37 40 43 45 52 50 51 54 60 60 59 61 70 81 81 81 91 103 130 193 260 216 170 135 110 105 102 96 90 82 79 76 77 74 73 71 63 65 64 61 60 62 79 75 68 75 74 73 62 51 50 53 80 74 66 65 70 60 74 66 50 58 58 58 60 83 80 56 48 42 44 61
34 30 27 30 42 54 61 65 58 49 35 35 36 29 28 36 34 36 36 38 40 42 50 57 52 56 60 55 56 61 61 65 72 79 80 92 124 148 200 259 280 220 163 114 97 97 95 92 93 84 86 78 81 90 83 73 68 65 63 57 57 63 67 61 64 64 63 58 53 55 59 70 71 67 67 78 70 75 52 46 64 72 68 66 71 90 74 63 52 49 62
33 29 28 28 36 51 56 60 56 43 36 42 39 29 29 34 37 35 35 41 54 52 58 65 64 61 68 68 63 61 65 69 75 71 85 99 126 183 266 328 280 197 147 117 109 110 96 95 94 82 75 78 83 90 79 73 65 72 71 63 65 59 60 56 54 55 52 55 63 62 66 77 77 73 77 84 66 68 46 46 67 66 55 68 68 95 73 68 64 61 59
36 29 31 27 31 44 55 62 55 40 44 37 34 30 29 34 35 35 38 50 56 58 62 64 69 70 71 69 70 64 67 71 77 75 79 93 131 210 323 401 326 248 183 143 114 107 104 102 97 82 78 77 79 79 78 67 76 85 81 73 69 63 64 57 58 62 58 60 66 64 68 77 81 94 107 109 66 56 42 45 57 48 50 60 69 105 64 53 52 46 57
35 39 30 30 26 40 45 53 48 39 45 35 33 28 29 33 33 32 39 48 47 55 61 63 62 67 58 57 60 65 69 73 75 81 81 93 123 226 256 309 372 339 266 193 125 111 106 102 97 91 93 84 74 79 80 71 85 88 78 68 63 68 78 68 67 72 77 74 83 82 80 68 71 82 83 94 66 49 56 44 44 45 60 78 70 76 64 48 42 37 43
40 38 32 34 30 32 50 52 54 48 37 35 32 29 34 30 32 32 36 40 43 47 56 55 54 64 69 63 61 63 67 70 73 79 85 94 132 192 208 245 317 404 313 199 138 120 115 107 99 89 96 90 82 80 80 77 94 84 82 72 71 73 75 67 71 76 79 80 71 73 69 60 71 79 65 62 57 47 56 37 45 46 62 91 72 80 63 52 48 37 37
40 49 33 36 31 27 36 56 60 55 48 30 30 31 32 36 50 43 38 43 43 44 50 56 59 57 66 74 61 64 67 69 74 82 101 116 106 118 154 203 287 390 365 243 152 125 110 102 95 96 92 80 84 75 74 83 95 85 91 78 85 72 77 80 83 83 75 81 72 65 71 59 65 66 70 61 54 45 41 37 47 46 43 55 61 57 64 56 46 36 35
38 51 35 35 28 26 35 56 51 50 41 28 27 29 32 39 42 38 38 38 43 43 47 57 62 62 64 69 68 63 66 68 72 75 90 123 131 140 141 148 231 332 309 206 148 126 113 107 103 98 94 89 86 75 83 91 98 93 82 93 83 73 87 78 76 70 69 60 72 60 68 69 54 65 69 68 56 41 37 36 37 38 37 46 48 45 54 43 40 33 45
51 42 33 30 27 25 31 54 40 40 41 26 30 31 31 42 48 34 35 37 39 45 50 58 54 57 56 71 70 61 63 66 69 72 78 93 100 137 201 198 192 304 296 198 143 124 117 109 99 95 91 85 77 81 83 84 83 86 77 77 88 87 91 84 82 78 71 65 55 52 61 76 55 54 70 65 55 42 44 43 37 33 34 39 34 36 40 31 33 37 45
53 41 28 30 31 26 26 39 45 40 42 27 27 31 38 45 46 36 40 45 45 45 53 52 53 58 62 65 69 63 61 63 73 73 81 100 147 202 237 249 231 288 307 228 202 165 125 111 99 97 88 85 77 88 87 89 97 94 90 82 72 85 89 92 88 72 69 77 70 60 54 60 60 54 64 61 49 37 38 38 38 35 41 54 56 50 40 32 35 29 31
49 50 35 28 33 27 24 29 46 41 37 27 26 30 29 43 36 32 37 44 53 45 49 51 49 54 57 59 67 68 60 66 73 77 99 146 210 277 302 292 290 286 347 330 280 205 132 109 96 87 86 82 81 91 100 92 99 99 92 86 81 71 71 76 75 79 62 81 72 74 58 46 53 52 51 42 40 39 46 44 38 34 35 49 70 67 52 42 38 30 29
36 45 31 30 29 29 25 24 46 37 42 25 26 28 27 32 33 37 40 51 51 41 41 44 44 46 46 58 60 58 55 62 65 73 85 123 205 298 333 339 345 344 298 368 357 261 157 121 105 97 91 83 84 93 101 95 101 104 100 87 88 77 67 67 66 79 73 68 76 77 73 64 66 62 54 44 42 46 47 46 44 38 36 44 60 62 54 41 35 34 31
26 28 32 37 28 32 28 23 36 38 41 26 27 26 26 31 33 47 51 46 36 38 42 44 46 47 53 62 56 56 62 65 63 68 76 93 130 191 276 338 385 379 273 293 345 311 234 141 109 100 92 84 89 94 103 106 103 112 98 85 78 76 74 75 71 67 80 66 55 58 70 70 68 62 54 49 47 51 51 54 68 54 41 34 39 40 36 44 51 43 46
27 23 24 31 35 29 28 22 36 41 43 26 26 26 29 33 51 51 42 36 34 35 39 42 41 46 53 56 50 58 59 63 68 75 78 82 94 133 204 285 342 348 254 199 237 268 223 135 108 96 94 86 96 108 104 109 101 111 105 89 88 84 80 86 81 67 59 56 57 55 51 49 57 54 45 43 48 53 53 62 92 68 36 34 35 33 56 56 61 50 47
26 25 24 23 30 27 26 22 27 36 44 27 25 25 26 34 47 40 33 32 36 45 41 48 42 51 47 48 50 66 70 62 66 72 86 97 128 189 258 323 358 371 304 202 187 221 151 122 106 94 97 88 92 96 107 115 106 119 105 104 89 85 86 90 81 70 57 60 67 63 60 57 50 48 50 45 51 57 59 60 95 67 38 43 43 41 77 70 67 53 35
37 37 27 24 23 22 21 21 24 30 37 24 23 25 26 37 45 33 32 35 36 37 42 50 41 43 44 45 56 63 61 59 63 67 80 96 129 220 294 376 431 381 313 241 167 198 151 119 115 100 110 99 99 103 107 123 113 123 113 100 96 91 87 89 89 75 61 72 69 71 72 60 56 57 54 45 51 59 71 75 86 68 47 40 48 41 50 79 63 45 34
41 33 37 36 24 21 20 21 25 31 26 23 25 26 26 41 35 32 32 33 33 41 47 53 42 41 44 46 47 52 55 62 69 71 76 85 106 164 206 257 378 419 314 233 169 143 142 125 114 108 103 101 97 113 118 126 123 141 115 109 99 102 97 83 74 68 75 78 67 64 58 51 54 58 49 50 68 68 82 90 88 60 49 48 49 41 58 64 59 52 39
43 53 55 45 31 19 20 20 21 26 22 23 24 27 29 36 32 33 31 32 37 41 44 47 50 47 48 45 50 48 58 68 76 77 88 90 101 147 223 297 397 419 374 276 192 145 128 121 123 127 109 93 104 104 113 127 129 165 133 109 100 101 92 82 78 82 78 79 76 67 54 54 59 51 54 78 100 92 113 125 90 59 50 49 46 52 53 55 62 53 37
49 64 55 46 40 25 21 21 20 20 23 25 25 25 27 27 29 32 35 39 41 43 43 46 54 52 54 52 50 57 52 68 83 78 78 86 91 130 203 280 340 295 333 308 203 155 134 118 117 116 98 104 112 114 118 126 148 163 149 117 101 95 94 86 86 79 76 72 67 63 68 61 55 61 95 119 151 154 183 186 124 83 75 54 52 53 49 46 45 40 33
72 60 48 36 29 25 18 19 19 20 24 24 26 26 27 30 33 37 53 46 40 43 47 60 56 52 64 58 52 50 51 69 71 70 70 81 95 150 239 268 241 199 211 259 229 148 134 129 116 120 106 99 113 124 126 136 135 163 143 123 108 100 95 81 85 78 71 76 76 70 66 58 52 77 131 170 219 238 228 181 141 122 98 61 62 57 50 50 40 53 42
71 64 54 44 37 23 19 17 16 21 23 24 25 30 33 36 33 32 43 43 39 41 49 49 47 55 47 48 48 46 53 59 64 67 74 91 114 139 167 191 169 140 148 194 225 152 138 129 126 128 110 113 123 120 134 170 123 157 142 113 103 96 92 89 89 86 73 68 70 69 65 62 58 81 160 228 213 176 162 151 130 98 90 73 72 60 50 45 39 59 57
60 49 40 38 33 24 20 17 19 21 25 23 25 33 30 28 32 36 34 34 40 53 53 41 45 49 45 44 46 51 53 62 65 69 76 100 126 106 100 108 101 103 107 156 210 172 138 126 121 128 113 120 129 127 142 155 125 141 144 116 110 105 100 94 90 78 70 76 85 78 63 58 67 77 121 130 115 100 95 97 105 115 117 104 95 86 80 74 52 52 60
46 42 39 33 29 23 20 17 15 18 23 24 26 31 27 28 38 48 47 38 44 59 43 39 45 44 40 43 45 53 50 57 66 79 79 79 94 83 84 90 96 91 103 152 204 186 137 130 121 119 111 112 130 154 190 182 136 121 116 112 107 99 87 88 82 82 80 89 106 72 63 61 80 102 87 92 87 85 88 103 145 220 236 184 181 198 174 142 112 70 63
65 64 58 48 35 23 19 17 16 18 21 24 28 31 25 28 43 47 44 55 49 53 37 38 41 40 41 40 48 48 49 55 63 68 72 85 93 88 79 88 83 87 99 131 149 162 139 125 117 126 124 115 135 200 221 208 164 125 111 103 101 95 96 93 99 93 86 95 75 77 64 61 80 89 76 80 80 85 101 175 233 257 234 229 205 168 144 113 75 61 51
66 61 55 50 35 23 22 17 16 18 20 22 26 28 24 28 34 33 35 39 44 55 37 38 38 40 47 47 55 49 49 65 69 69 76 86 85 78 73 79 84 88 94 100 105 135 128 132 124 127 136 127 139 204 272 236 186 129 114 108 109 104 109 105 106 98 93 93 84 78 67 72 80 90 88 70 82 94 115 182 167 203 178 148 150 109 94 90 65 53 44
68 59 41 43 37 23 22 19 16 18 23 22 26 26 25 26 37 44 44 46 42 35 35 44 39 35 36 39 41 54 52 49 55 57 63 76 72 65 75 82 86 82 90 91 108 122 114 123 132 132 133 134 150 171 234 245 175 136 119 115 118 109 104 102 101 88 87 81 77 76 65 77 85 105 125 73 99 136 161 177 127 156 123 96 100 94 70 64 66 52 45
67 59 49 38 29 24 23 19 17 17 22 22 24 22 21 24 44 50 50 47 33 30 33 36 34 36 38 39 39 44 44 64 64 52 57 61 60 65 65 73 77 79 80 85 94 94 106 115 128 123 122 128 135 140 168 249 215 156 133 120 113 105 105 97 94 84 83 86 90 83 74 72 80 86 86 73 102 148 157 153 132 159 117 84 102 91 84 67 56 53 52
58 58 58 51 40 25 20 18 16 18 21 21 20 21 24 26 41 46 49 36 29 32 33 39 40 41 42 40 47 49 46 52 51 53 52 55 56 62 63 69 76 78 78 81 85 88 105 121 133 132 115 121 123 128 143 187 248 192 145 123 118 112 106 102 92 86 84 86 82 85 84 77 77 84 88 75 82 105 91 109 115 153 118 79 113 111 83 78 66 55 50
