DEM/DEM22.asc
ncols 800
nrows 800
xllcenter 480150.000000
yllcenter 1280150.000000
cellsize 300.000000
nodata_value -9999
[rows 74 to 110 of 800, columns 340 to 424 of 800]
16 14 13 13 13 12 12 12 12 12 12 11 11 12 12 12 11 10 10 10 10 10 10 11 11 9 8 7 6 7 8 6 5 5 5 5 5 8 10 7 5 6 7 7 7 8 6 7 7 8 8 8 5 6 5 7 9 7 8 7 7 5 5 6 5 6 6 5 5 5 5 6 4 5 5 6 5 4 5 5 5 5 4 5 7
17 14 14 13 13 12 12 12 12 11 12 12 11 12 14 12 12 11 10 11 11 10 10 9 11 11 8 10 7 10 10 9 6 5 5 5 6 9 8 6 6 6 5 8 8 6 8 7 6 10 9 7 6 7 7 9 8 9 8 8 8 8 5 7 7 6 5 6 5 5 4 4 5 6 5 5 4 5 5 5 4 5 5 5 7
16 14 15 15 14 13 13 13 12 12 12 11 12 13 12 9 11 12 11 11 11 12 14 11 11 10 11 10 8 9 10 8 8 6 6 5 5 8 8 6 6 6 7 8 7 8 7 6 6 7 8 9 6 6 7 7 7 8 8 7 7 6 7 7 8 7 5 4 5 6 5 5 5 5 7 5 5 4 5 5 5 7 5 4 7
17 16 16 16 14 13 14 12 13 12 12 13 12 13 11 10 11 11 11 12 10 10 11 10 11 9 9 9 8 8 8 4 8 8 6 4 5 9 8 7 7 6 6 6 5 7 8 7 6 6 8 8 6 6 5 7 10 9 8 6 8 7 6 7 7 6 6 6 5 6 5 6 5 6 6 5 6 4 5 5 5 6 6 5 8
17 17 17 15 15 14 15 14 14 13 12 13 14 12 11 12 12 11 10 10 11 12 11 10 9 8 8 9 5 6 8 11 9 6 6 7 8 9 8 8 8 8 6 6 6 8 7 6 7 8 9 7 6 9 8 9 8 7 7 7 8 7 9 8 6 4 6 7 6 5 4 5 6 6 7 6 6 6 5 6 5 5 5 5 5
18 17 17 16 14 14 17 14 14 15 14 14 23 12 13 12 10 11 11 11 13 10 11 9 9 5 7 6 6 5 6 8 9 9 9 7 7 9 9 8 8 7 6 8 9 8 6 7 9 6 6 9 10 10 11 13 13 9 7 9 9 10 7 7 6 6 7 7 4 5 5 5 6 5 8 9 6 4 5 6 7 6 3 5 5
17 17 16 15 15 15 15 15 15 21 17 15 15 12 12 11 10 9 11 10 11 9 9 9 7 7 5 6 6 6 8 8 7 8 9 9 7 10 7 8 6 7 9 9 12 10 9 10 9 8 9 8 7 9 12 12 10 12 10 10 11 10 8 8 9 9 8 6 7 6 6 5 6 5 9 8 7 7 7 6 5 6 5 5 5
17 17 18 18 16 15 15 14 18 58 32 15 13 13 12 11 10 9 10 9 10 10 8 7 5 8 6 7 6 7 7 7 7 7 9 8 9 10 8 8 7 7 7 5 8 8 11 10 9 10 10 10 4 10 10 9 12 10 12 13 12 9 8 10 12 11 7 7 6 7 6 5 7 6 6 6 6 6 6 6 5 6 5 4 4
19 17 17 17 16 16 15 14 23 67 28 12 11 12 13 11 9 9 9 10 9 10 8 8 8 7 6 5 6 6 5 5 6 7 10 9 9 8 6 6 6 7 7 6 5 7 9 9 8 9 11 10 8 13 12 10 11 10 10 12 12 11 7 9 10 11 8 8 7 7 7 7 6 6 7 7 6 6 4 5 6 6 5 6 5
24 19 17 15 16 16 15 16 18 28 29 13 12 11 11 11 10 9 9 9 8 10 7 6 7 7 6 6 6 5 5 6 5 8 8 7 9 6 5 6 5 5 7 5 6 6 7 6 6 10 10 11 9 11 11 14 13 11 12 10 11 11 10 11 11 10 7 8 8 7 7 6 9 6 7 5 5 8 5 5 6 7 6 5 5
21 41 50 24 16 15 14 15 16 16 19 14 12 11 10 11 10 9 9 8 10 9 8 7 7 7 6 6 5 6 7 6 6 8 9 7 9 6 6 6 6 7 9 8 7 7 9 9 8 10 10 11 11 8 8 11 12 11 8 11 12 12 12 10 9 10 9 8 7 7 8 8 7 7 7 6 6 6 5 5 6 5 6 4 6
26 48 63 28 19 15 15 14 13 15 15 14 11 10 10 11 11 9 8 10 10 9 8 6 7 7 6 5 6 6 7 6 5 6 9 9 9 7 7 5 6 8 10 8 9 10 9 10 10 9 12 11 12 11 8 10 12 15 12 13 13 11 10 11 10 10 9 8 10 11 10 7 7 6 8 7 7 6 6 5 6 6 6 5 6
28 38 79 41 24 18 16 15 13 14 15 15 11 11 10 11 10 9 9 9 10 8 7 7 6 9 7 6 7 7 6 6 6 6 6 8 9 7 4 5 6 7 9 9 9 11 8 10 10 12 12 10 11 12 11 7 11 13 15 13 13 11 10 12 10 8 10 10 8 11 10 9 9 7 7 6 6 7 6 6 7 7 5 5 5
29 56 92 115 38 21 23 42 14 14 15 14 13 11 10 11 10 11 10 10 9 8 7 5 8 6 6 6 6 6 7 7 7 6 5 9 9 7 7 5 5 7 9 8 8 10 9 10 11 11 11 10 11 12 10 8 8 13 15 13 13 14 13 10 9 12 12 10 11 10 11 9 8 6 6 7 7 5 8 7 7 5 5 5 6
33 68 59 40 26 23 30 21 16 14 14 16 12 11 12 11 9 8 10 8 8 7 6 7 6 6 6 5 6 6 7 6 7 8 7 9 7 6 6 5 6 6 8 8 8 10 11 9 10 11 11 12 13 11 12 13 8 10 16 13 14 12 10 13 14 13 13 13 11 12 11 10 8 7 7 7 6 6 5 7 6 5 5 5 6
28 40 51 38 46 22 22 39 20 12 11 12 12 12 12 10 8 9 9 7 7 7 8 7 6 6 6 5 5 6 7 7 8 7 7 9 8 7 6 6 6 7 8 8 10 11 10 10 10 10 11 12 12 11 10 11 9 7 14 11 10 9 12 13 11 12 11 11 11 13 11 12 7 6 7 6 7 6 6 5 5 6 5 5 5
32 28 29 28 52 38 16 21 18 11 10 11 11 12 10 9 8 8 9 9 8 7 6 7 7 5 6 6 6 7 6 5 5 7 8 9 8 7 6 6 8 9 9 10 11 11 9 12 11 12 12 12 12 12 10 12 12 9 8 8 9 14 15 12 12 12 12 11 12 13 14 11 9 7 7 9 8 7 8 6 6 6 4 5 6
24 26 22 20 19 28 34 14 12 10 11 10 11 11 9 9 9 9 8 9 7 7 9 7 6 6 6 7 6 6 5 6 6 6 7 7 9 9 7 6 10 8 8 10 8 10 10 12 11 12 10 11 11 12 12 11 14 10 7 8 13 11 11 13 13 11 13 12 11 13 11 11 8 7 6 7 8 8 9 6 6 7 6 5 5
19 20 25 32 25 29 50 19 15 10 9 10 10 12 8 9 9 9 9 8 7 8 7 7 8 9 9 8 7 6 6 6 6 6 6 7 9 9 8 9 10 11 12 11 12 10 10 10 11 11 11 11 11 12 12 12 12 13 6 7 9 10 14 13 13 12 11 11 12 12 10 10 7 7 7 8 8 9 8 6 7 6 5 6 5
19 25 43 60 79 65 52 47 31 15 10 10 10 11 10 9 10 10 9 9 9 7 7 7 8 10 9 7 9 7 5 5 7 6 6 7 8 9 9 9 10 11 12 12 12 11 12 12 10 12 11 9 10 11 13 12 10 13 9 5 10 13 13 12 12 12 9 12 12 12 11 10 8 9 8 8 8 6 6 6 7 6 5 6 6
20 23 32 59 61 60 80 67 93 41 11 11 14 13 12 11 10 9 10 9 9 8 7 8 8 9 9 7 8 6 5 6 6 6 6 7 7 9 9 8 8 10 12 11 12 13 11 10 10 10 12 10 11 11 14 13 10 11 12 10 9 11 14 14 13 13 10 12 11 13 11 10 10 10 9 9 10 7 7 5 6 6 6 7 5
20 20 23 32 45 35 44 34 32 20 12 12 14 12 11 9 9 10 12 9 9 9 8 8 10 8 8 9 7 7 5 6 7 5 5 6 7 6 9 9 11 11 10 11 11 10 11 11 11 10 10 11 12 12 13 13 11 13 11 12 11 10 16 13 14 14 11 12 9 11 13 11 10 10 9 8 8 8 7 6 6 5 6 6 6
19 19 19 22 24 27 40 47 18 14 16 14 14 11 11 10 9 9 13 13 11 12 9 9 10 8 8 6 6 7 5 6 7 6 6 6 6 7 8 9 9 8 11 11 10 10 10 11 12 12 12 11 13 12 12 12 11 12 12 13 11 8 9 11 13 10 14 13 12 11 10 13 11 11 9 7 9 9 7 7 6 6 6 8 6
19 18 17 19 19 18 19 19 17 19 14 20 14 12 11 10 9 10 13 10 8 10 9 9 8 8 9 8 8 6 6 8 7 5 6 6 7 6 6 8 9 9 10 10 12 11 11 11 11 12 12 11 11 11 11 14 12 12 13 12 12 8 8 11 11 11 15 11 13 11 12 12 10 11 11 8 7 7 8 6 5 7 7 6 5
19 18 19 21 29 44 32 21 18 19 18 17 15 14 10 9 9 10 13 9 9 9 8 8 8 9 9 9 8 7 6 6 6 6 7 6 6 7 7 8 7 8 7 11 12 12 11 13 11 11 10 12 10 9 11 14 12 10 9 12 13 12 11 9 13 11 14 10 9 9 8 10 10 9 7 8 9 7 8 9 8 7 6 6 7
19 19 18 20 23 58 67 38 72 28 16 18 15 13 12 11 10 11 14 12 12 10 10 10 9 8 8 6 7 8 5 5 6 6 5 5 4 7 8 8 7 7 8 10 9 12 11 10 10 11 10 10 9 10 10 12 13 12 10 12 12 11 10 7 10 13 12 13 13 9 9 11 10 9 9 10 8 9 8 8 7 7 7 7 6
21 22 22 20 20 24 37 75 75 25 13 12 10 11 10 10 10 14 13 10 10 11 11 10 8 8 7 7 7 8 7 5 6 5 4 5 6 5 5 9 8 9 7 9 8 11 8 11 12 12 11 10 12 10 10 11 11 12 11 11 14 11 12 10 9 11 10 12 12 9 7 9 8 9 9 8 9 8 9 8 7 6 7 6 5
25 21 19 19 19 31 46 71 38 35 13 10 10 11 11 11 11 14 12 10 10 12 11 8 7 7 7 6 6 8 7 6 4 5 5 5 6 6 7 8 7 7 7 8 7 7 6 9 12 10 9 11 14 11 10 8 11 10 10 11 11 10 9 8 4 9 11 9 8 7 8 9 9 8 8 8 7 7 7 7 8 7 7 6 6
25 20 18 18 17 19 22 26 47 82 20 12 11 12 13 11 11 15 13 11 13 11 9 7 7 6 6 6 6 7 6 5 6 5 5 5 6 7 7 7 6 7 6 7 8 8 8 7 10 10 10 11 11 12 12 11 9 9 12 12 11 11 10 12 9 7 9 7 7 10 10 9 9 9 8 7 7 7 6 7 7 7 8 7 6
19 18 18 19 19 18 17 25 50 56 29 12 11 13 16 14 14 15 14 13 12 10 9 8 6 6 6 5 5 5 6 6 6 5 4 6 7 8 8 7 6 7 6 7 7 12 9 9 10 11 12 10 11 11 12 11 10 9 9 8 8 10 9 10 9 8 8 9 10 10 9 8 9 9 8 8 7 7 6 6 7 6 7 6 6
20 20 19 21 22 21 19 19 21 35 63 17 13 13 16 17 16 17 15 13 12 11 9 8 8 7 6 5 5 6 6 6 5 5 4 6 6 7 8 9 5 6 7 7 9 10 9 9 11 10 10 10 9 11 11 10 11 10 9 8 8 7 8 10 11 10 7 8 9 8 9 10 9 9 7 7 7 7 6 7 7 6 6 7 7
23 22 22 24 22 22 21 21 19 20 54 62 51 24 17 17 18 14 14 13 11 10 9 9 7 6 5 6 6 6 5 5 6 5 6 7 7 8 9 8 6 6 7 8 8 9 10 11 11 11 11 8 8 11 11 12 10 8 9 8 8 8 8 8 10 9 7 9 9 8 10 7 8 9 7 6 7 7 6 6 6 7 8 8 6
25 24 23 24 21 20 20 21 20 20 43 24 24 20 17 15 13 12 11 10 10 10 9 8 7 6 5 6 7 6 6 7 6 5 5 6 8 7 6 8 6 8 8 9 7 8 8 13 11 10 10 10 8 8 6 8 8 8 7 9 8 10 7 10 11 10 10 10 11 12 10 10 9 8 7 8 7 6 7 7 7 6 7 9 7
24 24 23 22 19 20 19 20 21 19 20 19 19 18 17 15 13 11 11 10 10 10 9 8 8 6 6 5 8 5 5 6 4 6 7 5 5 7 8 7 7 8 9 9 8 8 8 11 11 11 9 8 8 8 10 7 10 9 7 8 9 9 8 8 8 9 7 9 10 11 8 8 7 7 8 8 7 7 7 7 7 6 7 7 7
24 23 22 21 19 20 18 20 19 17 20 19 16 15 16 14 14 13 12 10 11 12 10 8 7 7 6 7 7 4 5 5 4 4 5 7 7 6 7 8 9 11 10 9 9 8 9 8 10 9 9 7 7 11 10 8 7 9 9 9 9 7 8 7 9 8 7 9 9 10 9 10 7 7 7 6 8 8 8 8 6 7 9 8 7
24 23 22 22 21 18 17 17 16 16 18 18 16 14 14 13 12 12 10 12 11 10 9 9 8 7 6 7 5 5 6 5 4 4 4 6 7 8 8 9 8 9 10 10 9 8 7 7 8 8 7 7 9 10 8 8 8 9 9 8 7 8 8 7 8 9 8 8 8 8 8 10 9 7 8 9 11 7 6 7 9 7 8 6 7
20 22 21 19 19 17 18 17 16 17 20 15 16 13 14 14 13 11 11 11 11 10 9 9 9 8 6 6 5 5 4 3 4 4 4 6 6 7 6 8 6 9 10 11 11 10 10 8 9 8 7 8 7 9 8 8 7 9 9 9 8 7 8 8 8 8 7 7 9 9 7 8 8 8 8 7 8 8 7 8 8 10 8 7 8
