DEM/DEM27.asc
ncols 800
nrows 800
xllcenter 480150.000000
yllcenter 1040150.000000
cellsize 300.000000
nodata_value -9999
[rows 0 to 35 of 800, columns 246 to 327 of 800]
191 164 113 110 107 112 128 129 127 107 107 103 112 166 143 142 115 117 123 100 85 80 85 89 97 91 95 100 105 104 105 104 100 99 91 93 92 87 79 79 78 79 70 66 63 59 49 45 46 48 56 57 49 36 29 23 15 12 13 6 6 7 5 5 6 -9999 -9999 -9999 -9999 -9999 -9999 -9999 -9999 -9999 -9999 -9999 -9999 -9999 -9999 -9999 -9999 -9999
223 161 158 178 131 121 113 104 98 101 95 98 105 136 117 112 100 104 105 98 80 76 83 84 82 85 93 97 100 95 93 91 89 84 81 83 86 85 79 70 68 73 67 60 58 49 48 44 43 42 47 49 42 35 24 22 20 16 13 12 13 7 1 4 3 -9999 -9999 -9999 -9999 -9999 -9999 -9999 -9999 -9999 -9999 -9999 -9999 -9999 -9999 -9999 -9999 -9999
238 172 204 180 167 205 187 131 125 105 89 102 106 109 104 100 97 87 92 87 76 75 80 80 81 86 88 87 89 86 87 85 78 73 78 77 80 78 78 72 67 62 59 55 50 46 39 39 40 41 36 41 38 30 26 23 21 19 16 15 14 3 4 3 3 -9999 -9999 -9999 -9999 -9999 -9999 -9999 -9999 -9999 -9999 -9999 -9999 -9999 -9999 -9999 -9999 -9999
248 223 247 231 215 248 215 189 175 143 98 91 88 91 95 95 89 80 88 87 79 72 74 77 89 77 84 85 86 84 87 82 73 71 75 73 74 74 73 68 63 56 56 52 48 47 45 41 35 35 34 34 32 29 29 24 22 17 17 12 10 10 5 -9999 -9999 -9999 -9999 -9999 -9999 -9999 -9999 -9999 -9999 -9999 -9999 -9999 -9999 -9999 -9999 -9999 -9999 -9999
247 282 304 325 321 287 254 203 181 154 108 115 114 80 88 90 81 75 75 77 75 69 73 73 72 72 77 80 81 78 80 77 67 70 71 71 65 65 65 66 59 61 60 58 58 59 56 50 46 36 36 33 28 27 27 23 22 15 15 10 8 6 5 -9999 -9999 -9999 -9999 -9999 -9999 -9999 -9999 -9999 -9999 -9999 -9999 -9999 -9999 -9999 -9999 -9999 -9999 -9999
225 298 352 384 420 353 278 201 145 126 117 134 154 93 77 83 82 78 71 70 68 67 72 72 68 71 72 74 73 71 74 70 66 67 70 68 66 60 62 57 56 65 68 69 68 66 60 52 47 39 35 30 27 28 25 21 19 18 13 8 5 6 5 -9999 -9999 -9999 -9999 -9999 -9999 -9999 -9999 -9999 -9999 -9999 -9999 -9999 -9999 -9999 -9999 -9999 -9999 -9999
198 273 272 342 402 372 331 236 196 149 114 108 136 101 76 73 71 75 67 67 63 64 67 68 68 65 67 70 70 68 67 65 64 63 67 62 66 60 59 55 53 66 69 68 69 66 60 50 47 45 41 34 30 27 25 21 19 18 9 4 5 3 4 -9999 -9999 -9999 -9999 -9999 -9999 -9999 -9999 -9999 -9999 -9999 -9999 -9999 -9999 -9999 -9999 -9999 -9999 -9999
186 192 221 307 315 303 293 268 246 186 136 112 98 89 79 73 72 69 70 66 64 63 65 63 65 62 66 65 66 63 61 58 61 63 64 59 63 61 53 50 52 62 58 60 66 65 56 49 47 46 37 33 29 23 24 20 22 18 7 6 4 3 2 -9999 -9999 -9999 -9999 -9999 -9999 -9999 -9999 -9999 -9999 -9999 -9999 -9999 -9999 -9999 -9999 -9999 -9999 -9999
145 168 253 317 300 253 211 193 187 150 126 115 97 88 84 79 75 72 68 66 59 58 63 59 64 59 61 59 60 59 61 55 60 62 59 54 58 57 53 50 52 54 49 60 60 61 58 53 44 40 32 26 19 19 22 19 15 15 10 6 -9999 -9999 -9999 -9999 -9999 -9999 -9999 -9999 -9999 -9999 -9999 -9999 -9999 -9999 -9999 -9999 -9999 -9999 -9999 -9999 -9999 -9999
119 162 237 322 327 237 162 135 125 109 109 111 106 96 87 81 80 76 68 63 60 60 61 58 60 56 55 59 56 56 59 56 57 58 57 53 53 54 51 51 47 52 48 56 53 53 56 52 46 36 28 32 25 14 17 17 15 8 1 5 -9999 -9999 -9999 -9999 -9999 -9999 -9999 -9999 -9999 -9999 -9999 -9999 -9999 -9999 -9999 -9999 -9999 -9999 -9999 -9999 -9999 -9999
119 138 188 222 237 194 135 108 99 96 99 97 100 88 91 86 85 77 73 67 62 58 60 60 58 54 52 52 52 50 57 56 54 52 53 53 48 48 47 49 43 46 44 48 46 47 47 47 43 35 28 28 27 23 14 12 8 4 3 3 -9999 -9999 -9999 -9999 -9999 -9999 -9999 -9999 -9999 -9999 -9999 -9999 -9999 -9999 -9999 -9999 -9999 -9999 -9999 -9999 -9999 -9999
115 126 192 251 185 142 158 145 111 99 92 87 85 85 84 85 79 71 70 73 68 58 56 55 52 45 47 50 55 48 49 51 53 52 49 46 48 44 45 48 42 41 41 46 42 42 37 39 35 28 26 25 22 19 14 8 5 5 3 4 -9999 -9999 -9999 -9999 -9999 -9999 -9999 -9999 -9999 -9999 -9999 -9999 -9999 -9999 -9999 -9999 -9999 -9999 -9999 -9999 -9999 -9999
117 162 240 252 194 133 123 118 105 97 99 84 78 75 77 80 81 74 64 67 61 58 53 51 45 41 40 42 52 49 48 51 52 50 45 44 46 41 39 45 42 40 40 41 38 34 33 34 30 25 23 26 21 15 16 9 6 4 5 4 -9999 -9999 -9999 -9999 -9999 -9999 -9999 -9999 -9999 -9999 -9999 -9999 -9999 -9999 -9999 -9999 -9999 -9999 -9999 -9999 -9999 -9999
138 174 195 182 133 154 161 125 101 95 88 84 81 74 67 69 74 69 63 60 53 53 51 50 43 41 39 39 51 50 45 48 51 48 44 42 43 42 34 40 38 35 34 34 31 28 26 24 22 22 20 20 21 14 15 7 2 4 -9999 -9999 -9999 -9999 -9999 -9999 -9999 -9999 -9999 -9999 -9999 -9999 -9999 -9999 -9999 -9999 -9999 -9999 -9999 -9999 -9999 -9999 -9999 -9999
116 125 121 118 115 179 173 119 114 107 94 87 82 72 64 61 65 70 64 61 56 51 50 50 47 43 40 39 48 51 46 45 44 47 38 41 37 39 32 31 37 35 29 33 30 30 24 18 17 15 12 19 20 18 11 6 5 3 -9999 -9999 -9999 -9999 -9999 -9999 -9999 -9999 -9999 -9999 -9999 -9999 -9999 -9999 -9999 -9999 -9999 -9999 -9999 -9999 -9999 -9999 -9999 -9999
97 100 95 91 111 173 133 111 135 105 94 86 81 76 65 62 64 68 64 62 56 58 58 51 49 44 38 38 41 45 48 41 42 47 43 40 39 36 34 27 34 32 29 29 26 28 21 22 22 12 11 16 16 15 8 7 5 4 -9999 -9999 -9999 -9999 -9999 -9999 -9999 -9999 -9999 -9999 -9999 -9999 -9999 -9999 -9999 -9999 -9999 -9999 -9999 -9999 -9999 -9999 -9999 -9999
88 87 92 86 105 141 113 90 91 92 86 76 75 73 63 62 58 58 54 61 63 54 52 54 50 43 38 37 38 39 44 44 38 46 43 36 37 38 35 30 26 29 31 30 25 20 23 23 16 13 10 8 10 10 3 8 6 3 -9999 -9999 -9999 -9999 -9999 -9999 -9999 -9999 -9999 -9999 -9999 -9999 -9999 -9999 -9999 -9999 -9999 -9999 -9999 -9999 -9999 -9999 -9999 -9999
88 85 85 81 117 124 108 96 86 79 75 78 78 63 59 62 54 52 53 51 53 55 53 47 50 45 42 39 36 36 40 44 42 41 42 39 35 33 34 32 29 28 30 30 25 18 16 17 16 17 13 10 10 7 4 5 6 10 -9999 -9999 -9999 -9999 -9999 -9999 -9999 -9999 -9999 -9999 -9999 -9999 -9999 -9999 -9999 -9999 -9999 -9999 -9999 -9999 -9999 -9999 -9999 -9999
84 83 81 79 96 105 106 118 93 83 75 78 77 67 62 60 56 49 50 49 44 44 49 49 46 44 46 39 33 34 34 42 40 37 39 39 36 29 30 27 30 27 26 26 23 23 19 16 12 14 9 16 15 5 9 5 2 3 -9999 -9999 -9999 -9999 -9999 -9999 -9999 -9999 -9999 -9999 -9999 -9999 -9999 -9999 -9999 -9999 -9999 -9999 -9999 -9999 -9999 -9999 -9999 -9999
89 88 89 80 79 85 91 100 90 80 75 76 78 76 68 69 62 55 55 51 47 42 42 41 42 43 44 46 41 31 33 38 38 36 36 36 37 32 27 25 26 23 18 18 20 18 19 19 16 10 7 13 10 7 9 4 5 10 -9999 -9999 -9999 -9999 -9999 -9999 -9999 -9999 -9999 -9999 -9999 -9999 -9999 -9999 -9999 -9999 -9999 -9999 -9999 -9999 -9999 -9999 -9999 -9999
87 85 86 79 77 83 87 93 89 78 73 70 76 77 68 66 60 56 57 57 56 50 50 50 43 40 44 39 41 41 34 34 38 38 36 36 34 31 34 29 28 23 27 21 21 21 15 12 14 12 10 8 11 16 5 -9999 -9999 -9999 -9999 -9999 -9999 -9999 -9999 -9999 -9999 -9999 -9999 -9999 -9999 -9999 -9999 -9999 -9999 -9999 -9999 -9999 -9999 -9999 -9999 -9999 -9999 -9999
82 78 79 75 76 82 87 88 83 78 80 78 74 72 69 67 64 53 47 46 47 45 44 49 46 37 39 38 37 42 37 37 38 38 32 34 34 32 29 31 30 25 25 20 21 18 15 14 15 12 15 8 6 5 -2 -9999 -9999 -9999 -9999 -9999 -9999 -9999 -9999 -9999 -9999 -9999 -9999 -9999 -9999 -9999 -9999 -9999 -9999 -9999 -9999 -9999 -9999 -9999 -9999 -9999 -9999 -9999
85 84 79 71 73 81 86 80 80 75 73 73 70 62 67 66 57 56 53 51 51 50 45 37 43 37 37 36 38 38 37 36 32 29 29 31 34 32 27 27 26 27 22 20 14 16 14 17 19 14 13 6 5 0 -2 -9999 -9999 -9999 -9999 -9999 -9999 -9999 -9999 -9999 -9999 -9999 -9999 -9999 -9999 -9999 -9999 -9999 -9999 -9999 -9999 -9999 -9999 -9999 -9999 -9999 -9999 -9999
109 90 82 68 72 81 83 79 72 72 70 65 66 59 59 63 61 56 56 47 45 51 42 34 38 39 37 36 39 37 34 34 29 28 29 29 29 30 30 27 24 21 20 17 11 14 14 15 13 6 9 7 5 2 1 -9999 -9999 -9999 -9999 -9999 -9999 -9999 -9999 -9999 -9999 -9999 -9999 -9999 -9999 -9999 -9999 -9999 -9999 -9999 -9999 -9999 -9999 -9999 -9999 -9999 -9999 -9999
88 82 73 70 67 77 81 82 75 73 70 68 61 59 58 64 60 53 51 48 42 41 40 37 39 35 34 34 33 34 35 31 27 28 27 28 28 29 28 27 22 20 20 16 11 13 14 13 11 7 7 5 6 5 2 -9999 -9999 -9999 -9999 -9999 -9999 -9999 -9999 -9999 -9999 -9999 -9999 -9999 -9999 -9999 -9999 -9999 -9999 -9999 -9999 -9999 -9999 -9999 -9999 -9999 -9999 -9999
86 81 81 68 66 68 70 78 79 75 72 65 65 62 57 59 56 51 52 48 47 45 40 35 31 37 31 30 30 33 31 32 28 28 24 24 23 26 25 25 20 19 18 13 11 13 12 12 10 8 5 4 14 -9999 -9999 -9999 -9999 -9999 -9999 -9999 -9999 -9999 -9999 -9999 -9999 -9999 -9999 -9999 -9999 -9999 -9999 -9999 -9999 -9999 -9999 -9999 -9999 -9999 -9999 -9999 -9999 -9999
84 75 70 65 63 62 62 73 71 73 72 68 65 60 57 52 50 47 49 49 48 47 48 44 41 41 26 24 24 28 31 30 30 28 26 21 21 22 24 23 17 18 18 14 11 10 12 13 13 8 3 4 -2 -9999 -9999 -9999 -9999 -9999 -9999 -9999 -9999 -9999 -9999 -9999 -9999 -9999 -9999 -9999 -9999 -9999 -9999 -9999 -9999 -9999 -9999 -9999 -9999 -9999 -9999 -9999 -9999 -9999
88 78 69 64 60 61 67 70 70 68 72 67 63 62 58 57 54 49 49 46 42 44 46 46 41 37 33 27 25 21 26 31 29 23 22 18 18 16 17 18 16 18 19 14 14 13 11 16 9 7 7 3 2 -9999 -9999 -9999 -9999 -9999 -9999 -9999 -9999 -9999 -9999 -9999 -9999 -9999 -9999 -9999 -9999 -9999 -9999 -9999 -9999 -9999 -9999 -9999 -9999 -9999 -9999 -9999 -9999 -9999
88 76 65 59 59 59 61 64 68 71 69 64 63 63 59 54 58 52 50 48 46 41 37 38 33 34 31 26 28 26 22 20 21 27 23 18 15 14 16 16 18 24 18 17 15 13 10 12 11 7 3 3 4 -9999 -9999 -9999 -9999 -9999 -9999 -9999 -9999 -9999 -9999 -9999 -9999 -9999 -9999 -9999 -9999 -9999 -9999 -9999 -9999 -9999 -9999 -9999 -9999 -9999 -9999 -9999 -9999 -9999
84 80 70 61 55 55 57 64 65 67 65 65 59 62 56 51 52 46 49 47 45 43 44 42 39 36 37 32 29 28 30 24 18 21 16 15 17 23 17 18 22 21 14 18 16 15 11 8 8 4 3 2 5 -9999 -9999 -9999 -9999 -9999 -9999 -9999 -9999 -9999 -9999 -9999 -9999 -9999 -9999 -9999 -9999 -9999 -9999 -9999 -9999 -9999 -9999 -9999 -9999 -9999 -9999 -9999 -9999 -9999
83 73 72 68 58 53 55 59 60 63 62 62 57 54 51 53 48 45 42 43 41 41 43 47 38 42 40 35 35 25 20 19 19 16 19 21 25 37 16 27 30 16 12 16 15 12 11 9 8 5 3 0 -7 -9999 -9999 -9999 -9999 -9999 -9999 -9999 -9999 -9999 -9999 -9999 -9999 -9999 -9999 -9999 -9999 -9999 -9999 -9999 -9999 -9999 -9999 -9999 -9999 -9999 -9999 -9999 -9999 -9999
78 77 70 66 61 55 52 51 52 52 53 59 58 57 50 47 46 44 44 39 37 34 40 40 38 38 35 32 28 21 23 24 30 31 36 33 35 25 23 27 22 15 13 12 13 11 10 8 6 9 5 1 0 -9999 -9999 -9999 -9999 -9999 -9999 -9999 -9999 -9999 -9999 -9999 -9999 -9999 -9999 -9999 -9999 -9999 -9999 -9999 -9999 -9999 -9999 -9999 -9999 -9999 -9999 -9999 -9999 -9999
69 73 70 74 72 60 50 48 49 48 46 54 61 58 56 51 46 45 42 38 34 32 32 29 28 35 29 24 21 24 33 29 29 49 75 56 32 49 36 27 21 17 9 11 10 7 6 5 7 5 3 3 1 -9999 -9999 -9999 -9999 -9999 -9999 -9999 -9999 -9999 -9999 -9999 -9999 -9999 -9999 -9999 -9999 -9999 -9999 -9999 -9999 -9999 -9999 -9999 -9999 -9999 -9999 -9999 -9999 -9999
68 65 59 66 71 68 59 51 48 48 46 55 57 57 54 54 50 51 48 46 47 40 36 30 28 26 25 25 28 39 39 30 38 67 77 47 48 52 36 33 24 11 6 6 6 8 5 7 5 1 4 1 0 -9999 -9999 -9999 -9999 -9999 -9999 -9999 -9999 -9999 -9999 -9999 -9999 -9999 -9999 -9999 -9999 -9999 -9999 -9999 -9999 -9999 -9999 -9999 -9999 -9999 -9999 -9999 -9999 -9999
67 63 59 60 57 57 56 50 48 46 44 48 50 55 54 51 49 47 46 47 46 41 37 31 32 32 33 34 40 42 43 34 43 56 91 82 92 45 30 33 22 16 11 8 15 24 17 10 5 13 4 3 3 -9999 -9999 -9999 -9999 -9999 -9999 -9999 -9999 -9999 -9999 -9999 -9999 -9999 -9999 -9999 -9999 -9999 -9999 -9999 -9999 -9999 -9999 -9999 -9999 -9999 -9999 -9999 -9999 -9999
78 76 75 67 63 55 51 50 47 45 44 41 46 56 59 55 52 51 51 45 39 34 31 35 43 35 37 41 47 48 52 44 47 83 79 71 68 35 26 25 18 12 19 21 19 23 20 12 8 8 -9999 -9999 -9999 -9999 -9999 -9999 -9999 -9999 -9999 -9999 -9999 -9999 -9999 -9999 -9999 -9999 -9999 -9999 -9999 -9999 -9999 -9999 -9999 -9999 -9999 -9999 -9999 -9999 -9999 -9999 -9999 -9999
