DEM/DEM23.asc
ncols 800
nrows 800
xllcenter 720150.000000
yllcenter 1280150.000000
cellsize 300.000000
nodata_value -9999
[rows 82 to 122 of 800, columns 0 to 90 of 800]
3 3 3 3 2 3 3 4 4 12 3 4 3 3 4 3 4 4 4 4 6 4 3 4 3 3 4 4 5 5 5 5 4 6 3 7 5 4 3 3 3 3 4 5 4 3 3 3 4 4 4 3 4 3 4 4 4 4 4 3 3 4 6 7 7 9 10 11 11 12 13 15 15 16 20 24 30 29 32 37 38 39 43 49 55 58 53 44 37 30 39
3 2 2 3 5 3 4 4 3 4 1 4 3 3 4 4 4 4 5 5 6 4 3 4 3 3 4 5 6 5 5 5 5 4 4 4 4 4 3 3 3 4 4 5 5 4 4 4 3 4 4 3 4 3 4 3 4 4 3 4 5 5 5 6 7 8 10 10 11 11 13 16 17 18 22 27 26 28 30 32 35 41 43 50 56 58 52 43 39 31 42
4 3 3 2 3 3 3 3 3 5 4 3 3 2 3 3 3 4 4 5 4 4 3 3 3 4 4 4 4 5 5 4 3 3 4 3 3 4 4 3 4 5 4 3 5 5 4 5 6 6 7 5 3 3 5 4 4 4 4 3 5 6 6 8 7 8 11 10 13 17 17 19 21 20 24 24 26 31 36 39 37 41 45 51 58 57 49 42 37 35 41
3 3 3 3 4 2 3 4 3 5 4 4 3 3 3 3 4 5 4 3 4 4 4 5 5 4 4 4 4 4 5 3 4 4 3 3 3 3 4 3 5 5 5 4 5 6 5 8 6 8 8 4 3 3 4 3 4 6 4 5 4 5 6 6 6 8 11 11 13 15 15 19 24 23 23 25 30 35 39 42 43 42 46 51 56 54 49 41 36 38 44
4 3 3 3 4 3 3 3 3 3 3 3 4 3 4 3 4 6 4 3 5 5 5 6 5 4 4 3 4 4 4 4 3 3 3 4 3 4 3 3 2 4 3 5 6 6 7 5 4 8 7 5 4 3 4 4 4 4 4 5 5 5 6 8 6 8 10 11 12 13 15 20 22 24 23 27 31 36 41 45 48 48 48 50 49 49 45 39 36 40 50
3 3 2 3 3 5 2 3 4 4 2 3 3 3 3 4 5 5 4 4 3 5 5 6 4 5 4 4 3 4 3 4 4 4 4 3 3 4 3 4 3 2 4 3 7 8 6 5 5 7 7 5 7 5 3 5 4 3 4 5 5 5 5 6 7 8 9 10 12 14 16 18 19 20 24 28 30 35 41 46 51 56 57 52 47 48 44 39 42 42 46
0 3 3 3 3 5 3 3 4 4 4 3 4 3 4 4 3 4 4 3 3 4 4 5 3 4 3 4 4 4 4 4 3 3 2 3 3 4 4 3 4 4 2 3 6 5 6 6 6 4 8 7 6 6 4 4 5 5 6 6 5 6 6 7 6 8 9 11 11 15 16 17 20 21 23 25 29 32 39 43 49 56 60 54 52 54 52 43 46 46 47
2 3 4 3 3 4 4 3 3 5 4 4 4 3 4 4 3 2 2 4 3 4 4 3 4 4 3 3 3 5 4 4 3 4 3 3 2 4 4 3 4 4 4 5 4 4 6 6 7 4 9 9 7 6 5 4 6 5 5 5 6 6 6 6 6 8 10 12 13 15 16 18 20 20 27 26 31 38 38 43 50 51 50 50 55 58 54 49 49 48 45
3 3 4 1 4 3 2 3 3 4 4 4 4 5 4 4 4 2 3 4 4 5 3 3 3 4 3 4 3 4 4 4 4 3 4 4 4 4 3 4 4 4 5 7 4 3 4 6 4 4 7 6 7 6 5 6 7 6 7 6 5 5 7 7 7 8 13 13 13 14 17 20 21 24 30 30 38 42 45 48 47 45 48 47 55 56 55 54 53 52 46
3 4 4 3 3 4 3 4 4 4 3 3 4 5 6 3 3 3 4 4 4 4 3 3 3 3 4 4 4 4 4 4 4 4 4 5 5 4 3 4 3 4 5 7 4 5 5 5 4 4 4 5 6 8 6 7 7 6 6 6 5 5 7 9 8 8 10 13 14 16 17 23 23 23 28 33 38 41 46 48 48 41 40 43 49 51 55 60 58 53 48
4 4 2 2 4 3 4 3 3 6 5 4 3 2 4 4 3 2 4 4 5 5 5 4 4 3 3 5 4 3 3 3 3 4 3 3 6 7 4 3 4 5 5 4 5 4 5 5 5 4 5 6 6 7 5 6 7 7 6 6 7 7 7 6 7 9 9 13 12 16 19 23 26 26 29 32 36 42 45 47 46 39 38 43 43 49 55 62 59 52 44
3 4 3 4 3 3 3 3 3 5 3 4 3 3 4 4 4 4 4 4 4 4 4 4 2 3 3 3 3 4 3 3 4 4 4 4 5 4 4 4 5 4 4 4 4 5 5 6 5 7 5 4 5 8 6 6 6 7 7 6 8 8 8 7 6 7 9 12 12 17 17 21 23 27 31 35 37 39 42 42 43 35 39 39 41 47 51 59 59 52 47
2 2 3 3 3 3 1 4 4 3 5 3 3 3 4 4 5 4 4 5 3 4 4 4 4 4 3 4 4 3 3 3 4 4 5 3 3 4 4 5 5 4 3 3 4 4 6 6 6 6 5 5 5 6 7 6 7 6 6 6 8 7 8 10 8 8 9 11 11 13 14 15 18 25 29 32 37 36 37 35 34 32 35 34 42 47 58 59 54 53 54
2 3 3 3 4 4 3 3 4 4 4 4 2 3 4 4 4 2 3 4 4 4 3 4 5 4 4 4 4 4 3 4 4 3 3 3 3 3 5 5 5 6 6 5 4 5 4 5 7 6 6 7 6 7 9 7 6 6 7 8 8 8 8 8 11 10 9 9 12 12 13 15 17 22 24 29 36 33 33 30 27 28 32 37 44 52 59 58 52 57 60
3 3 2 3 4 3 4 4 4 4 5 4 2 3 4 4 4 3 2 3 4 5 5 4 5 4 4 3 3 3 3 4 3 3 3 4 3 3 4 4 5 5 4 5 4 5 5 4 6 6 6 6 7 7 7 7 5 7 6 7 7 7 8 8 10 9 10 9 11 11 11 15 18 21 24 30 33 29 28 26 24 28 35 39 44 50 54 51 48 61 63
4 3 2 3 3 3 2 4 4 4 5 5 2 3 3 3 3 4 3 3 4 5 5 4 6 4 3 4 3 3 3 4 4 3 5 4 4 4 4 2 4 4 4 5 4 6 5 6 7 8 6 6 7 6 7 8 7 8 7 6 6 8 10 8 11 9 11 11 11 10 12 15 18 22 24 27 29 25 21 23 26 28 27 33 38 43 42 47 52 59 60
3 2 3 2 4 3 3 2 4 3 4 5 5 4 3 4 3 2 3 3 5 5 7 7 6 4 4 3 3 3 3 3 3 4 3 4 4 4 5 5 4 4 5 4 5 4 5 7 7 9 7 6 7 7 8 7 8 7 8 7 8 8 9 8 10 11 11 10 11 12 14 13 19 22 23 24 24 22 26 30 33 34 32 35 37 39 44 48 52 58 55
3 3 3 3 3 3 4 4 4 4 4 4 5 3 4 3 4 3 3 5 5 5 7 6 4 3 4 5 5 4 3 4 4 4 5 4 5 5 7 6 4 5 6 5 5 7 6 8 9 9 9 8 8 9 9 8 7 10 9 8 10 8 9 9 9 9 11 12 10 12 13 14 19 19 19 20 22 26 30 34 37 39 40 41 44 46 51 44 45 50 48
3 3 4 2 3 3 3 2 3 3 4 3 4 2 3 4 5 4 5 5 5 3 4 5 6 5 3 3 4 4 4 4 4 4 4 4 5 4 7 7 5 5 4 4 5 5 8 9 9 8 9 8 9 10 10 9 9 9 8 9 10 9 10 9 9 10 11 12 11 12 14 14 16 16 17 24 24 27 31 35 40 45 45 45 48 51 48 44 41 42 48
2 3 3 3 4 3 3 4 5 5 3 4 4 4 3 5 4 4 5 4 5 5 4 4 3 4 5 4 5 4 3 3 4 4 5 4 4 5 8 7 7 7 7 6 6 8 10 8 9 9 9 9 9 9 9 8 9 9 8 8 7 8 9 11 11 10 9 11 11 12 14 13 16 17 21 23 22 25 28 33 38 41 42 46 48 49 44 39 38 45 52
4 3 3 4 3 4 5 4 5 4 3 4 5 3 4 5 5 4 3 4 6 5 4 4 5 5 4 5 5 4 4 4 3 4 5 5 6 6 7 8 8 6 8 7 7 8 8 8 8 10 9 9 9 10 11 11 11 12 8 9 8 9 10 11 9 12 10 9 11 13 13 15 18 16 17 19 20 21 27 29 34 39 41 45 45 43 38 35 38 46 48
3 4 3 4 3 5 4 4 3 4 3 3 3 2 3 5 5 4 4 5 5 4 4 4 4 4 5 5 6 5 5 4 4 5 5 4 5 5 6 7 8 7 7 7 6 8 8 8 8 9 11 9 9 11 11 11 11 11 10 9 10 10 10 9 10 13 11 10 11 14 12 13 15 13 14 16 20 23 24 28 31 38 40 44 43 37 32 38 43 41 46
5 4 3 3 3 3 4 4 4 3 4 4 3 3 2 3 4 4 4 4 4 5 5 4 3 3 4 4 6 6 6 5 4 4 5 5 6 6 4 6 7 8 6 6 7 7 7 7 9 10 12 10 12 12 12 13 12 10 10 10 10 10 11 9 10 10 10 10 11 11 11 10 11 13 18 16 19 19 25 30 33 36 40 43 39 35 32 41 46 49 50
4 4 5 4 5 4 3 4 4 3 3 5 3 3 3 4 4 4 4 4 4 4 5 6 4 3 4 4 5 6 7 8 4 4 5 5 7 7 8 7 6 7 6 7 7 7 8 8 11 12 12 13 13 13 14 13 12 12 10 8 9 9 10 10 9 10 11 10 10 10 11 12 12 12 15 12 14 16 21 25 30 34 38 41 37 30 32 41 44 43 46
5 8 4 2 4 3 4 3 3 3 5 4 4 3 3 4 3 5 3 3 4 3 4 6 6 4 4 3 4 5 6 6 6 7 5 6 6 6 8 7 6 8 7 6 6 8 7 10 10 12 13 14 14 14 12 12 12 12 10 9 9 10 9 10 9 11 11 9 12 12 12 12 11 11 12 11 13 19 20 20 27 33 36 37 31 25 30 35 37 39 43
4 7 7 3 3 3 3 3 3 3 4 4 5 5 4 4 4 4 3 3 3 4 4 4 5 4 4 3 4 5 4 6 7 7 7 7 5 6 6 7 6 5 6 7 8 9 10 10 11 11 12 14 14 13 13 13 12 11 12 11 10 9 10 11 13 10 11 11 12 12 12 12 12 14 12 12 11 16 17 17 25 31 35 31 26 30 35 37 38 43 47
7 4 6 6 3 3 3 4 3 4 4 4 5 4 4 3 3 3 3 3 4 3 4 3 4 4 4 4 4 4 4 6 6 4 5 5 6 6 8 8 7 8 8 9 8 10 10 10 10 11 12 14 14 15 14 13 13 12 11 12 13 13 12 11 13 12 12 13 13 13 15 14 12 13 13 13 13 13 18 23 28 31 30 26 30 38 43 39 37 39 42
10 6 6 5 2 3 4 3 3 4 3 3 2 4 4 4 4 3 4 4 3 3 4 5 2 3 3 4 6 4 5 6 7 6 5 6 7 5 8 9 9 8 9 9 9 10 9 9 11 13 11 13 15 15 14 15 14 13 12 13 12 12 12 13 13 12 12 12 12 13 13 15 14 13 13 13 14 13 18 25 30 30 26 25 35 42 45 38 35 37 40
6 6 6 4 3 4 4 4 3 4 3 4 6 5 3 3 3 4 5 5 4 5 5 4 4 3 4 4 5 6 5 5 6 6 8 6 6 6 7 8 7 9 9 9 10 10 10 10 10 11 12 13 14 15 14 15 15 15 14 13 13 12 14 13 13 12 12 12 11 12 13 14 15 15 14 12 14 14 16 24 28 26 21 23 33 39 36 31 37 42 39
3 8 6 4 3 3 3 3 3 5 4 4 5 4 3 3 3 4 4 6 4 4 5 5 5 7 7 6 4 6 6 6 5 5 6 9 9 8 8 9 9 9 9 11 11 10 10 9 10 11 11 12 14 13 11 14 18 20 17 17 14 12 15 16 14 13 13 13 13 13 13 15 14 15 15 14 14 14 15 23 25 21 19 27 35 36 30 35 40 46 43
3 2 3 4 3 3 2 3 4 5 5 5 4 3 5 4 4 4 5 3 4 4 5 6 4 5 7 5 6 8 5 5 4 5 6 7 6 7 8 7 8 9 9 10 11 11 11 11 10 10 13 11 12 14 13 15 19 26 27 23 18 14 16 16 15 14 12 12 13 13 14 15 14 15 14 15 15 15 15 18 18 16 19 24 29 29 30 40 45 46 38
5 3 3 4 4 4 2 3 4 5 6 5 4 4 5 3 4 5 5 6 4 5 5 7 6 6 7 7 7 7 7 6 7 7 8 8 7 8 9 9 9 9 9 10 10 12 12 12 13 12 15 16 14 14 15 14 16 23 27 24 21 17 15 15 13 15 13 12 13 13 15 14 14 14 15 15 16 15 14 15 16 21 23 23 24 27 34 41 43 40 33
4 4 3 3 3 3 4 4 4 4 5 6 5 4 5 5 6 8 5 7 6 6 6 7 8 9 8 7 7 8 8 7 8 7 8 9 7 9 10 9 9 10 11 11 10 12 11 12 14 15 15 15 15 13 14 14 14 16 19 21 24 21 18 15 16 15 15 15 15 15 13 14 13 14 16 16 16 16 15 16 19 24 26 28 28 32 37 38 38 32 33
3 5 4 3 3 5 5 4 5 4 6 6 6 6 7 6 6 10 9 7 7 9 8 9 8 9 10 10 9 10 9 8 10 8 7 9 9 10 10 0 3 12 11 10 12 12 11 11 13 14 14 14 16 13 16 15 15 14 16 22 24 20 16 17 16 14 15 17 20 20 16 14 14 14 16 14 16 18 16 16 15 19 22 26 28 31 32 30 29 33 39
5 4 4 4 3 3 5 5 6 6 9 9 8 9 9 8 8 9 9 8 9 10 10 10 9 11 11 11 10 10 11 11 9 9 9 10 9 9 11 10 9 11 11 12 13 12 12 11 12 11 13 13 13 13 15 17 15 15 14 18 22 19 15 15 16 14 18 23 24 24 19 15 15 15 15 15 15 18 17 17 18 16 17 22 26 29 26 24 31 35 35
4 6 5 6 6 5 5 7 6 9 11 10 11 10 10 10 9 11 11 11 11 11 12 10 10 10 11 11 11 10 11 11 10 10 11 10 10 10 10 11 11 11 11 12 12 12 13 11 14 15 12 13 14 14 14 15 18 15 15 16 20 19 17 18 21 18 22 26 28 28 23 17 20 19 16 16 16 18 17 17 16 17 17 17 19 21 22 27 29 29 30
7 6 8 7 7 9 10 8 11 11 10 11 13 11 11 11 13 13 10 11 12 13 14 5 7 12 11 11 11 12 12 11 9 12 11 11 11 11 11 12 12 12 12 11 14 14 13 12 15 16 15 14 14 14 15 14 15 15 15 14 15 16 16 20 26 23 22 28 30 27 23 17 22 23 16 14 18 17 17 16 15 17 18 18 16 17 19 23 21 25 28
7 10 9 9 9 11 10 10 11 11 11 13 12 12 12 11 14 14 12 13 10 12 13 9 9 13 13 12 12 13 13 8 3 14 12 11 12 12 12 12 13 12 13 12 12 12 13 13 15 15 14 14 16 15 14 16 16 15 15 15 15 16 17 21 26 26 21 28 30 26 22 21 22 25 20 16 16 16 16 16 16 16 17 18 18 19 17 18 18 22 23
9 9 10 11 12 12 12 13 13 13 15 12 10 13 13 12 12 13 12 11 5 11 14 13 14 13 13 12 14 14 15 13 10 12 13 13 13 13 13 12 13 14 13 13 13 12 15 15 15 15 17 15 15 17 17 14 15 16 16 16 17 16 16 20 21 22 26 29 28 24 24 24 20 25 22 17 18 18 17 17 16 16 19 18 18 18 18 18 18 18 20
10 10 11 11 13 13 14 15 12 12 14 14 14 14 14 13 14 10 -15 -13 11 15 15 16 14 15 15 13 16 16 17 14 13 12 14 13 14 13 13 13 13 14 15 14 14 14 15 15 16 18 16 15 16 18 17 16 16 17 16 16 18 18 18 18 17 19 24 29 31 28 27 31 28 26 22 19 24 25 20 18 17 16 18 18 18 18 18 20 19 20 20
12 12 11 13 14 13 14 15 14 15 15 16 14 14 15 15 14 14 6 0 17 16 15 15 16 16 15 16 15 17 18 15 14 13 15 13 14 12 12 13 14 15 17 15 15 14 14 16 15 15 16 15 17 17 16 18 16 17 16 16 18 17 19 17 17 19 20 25 29 32 30 33 31 28 21 24 29 28 25 20 19 18 18 19 19 17 18 18 19 21 20
