DEM/DEM27.asc
ncols 800
nrows 800
xllcenter 480150.000000
yllcenter 1040150.000000
cellsize 300.000000
nodata_value -9999
[rows 504 to 539 of 800, columns 0 to 81 of 800]
239 157 110 130 120 197 211 238 269 237 239 301 263 202 156 145 174 247 352 435 516 526 396 292 315 269 177 144 101 93 68 66 61 58 53 82 146 88 68 65 46 42 44 41 49 61 106 65 54 59 68 92 108 127 100 146 175 114 107 192 205 137 70 54 48 52 64 54 46 52 45 50 34 29 28 36 45 38 28 21 17 21
200 129 75 92 113 216 276 269 178 204 282 288 227 233 224 196 228 317 390 453 533 464 366 273 212 199 145 112 86 79 71 63 61 68 55 80 172 192 239 133 49 42 43 88 70 49 76 70 51 54 62 90 121 138 119 184 191 135 170 232 161 89 66 63 65 69 87 80 78 95 110 92 86 122 83 74 63 50 34 23 22 19
151 79 85 135 179 225 225 179 104 152 242 278 290 297 282 268 333 380 490 505 481 381 342 302 239 140 102 88 102 77 87 66 60 61 61 62 114 138 216 254 46 41 43 144 219 52 87 87 63 56 59 73 95 143 155 212 205 224 260 221 161 95 89 103 142 122 152 119 86 75 93 147 144 177 158 129 111 84 48 37 31 17
120 68 97 153 143 149 159 140 102 173 234 251 259 244 297 374 409 412 445 440 391 308 266 250 184 111 117 105 102 76 88 76 73 72 64 66 126 129 158 217 55 47 45 134 310 58 106 99 75 60 57 65 79 136 130 223 235 249 200 164 144 134 160 183 172 162 147 141 79 59 58 78 75 113 153 190 197 149 111 51 33 21
66 65 121 162 136 184 120 95 97 134 199 233 204 262 347 365 393 353 341 340 350 290 209 164 123 120 161 126 94 95 96 84 69 72 73 75 108 105 129 181 85 48 46 81 146 55 96 174 82 64 61 66 79 125 122 219 303 289 211 156 120 156 163 162 101 100 93 88 64 59 45 51 54 65 111 138 139 128 106 51 32 19
76 58 77 143 119 157 105 84 155 197 194 161 232 274 327 345 362 316 296 372 368 268 196 137 137 142 175 116 116 161 126 98 72 70 70 74 108 109 84 149 95 46 43 130 283 61 77 131 84 72 59 62 81 95 100 177 290 290 204 143 104 108 92 89 72 67 60 52 43 47 40 37 38 48 94 103 69 58 57 38 25 18
45 64 81 76 120 122 69 96 168 215 148 199 234 225 269 336 302 285 321 409 350 251 181 162 138 181 159 126 119 166 170 120 92 74 75 77 99 88 59 106 78 47 46 93 256 65 68 164 257 67 59 63 82 83 99 155 222 274 252 190 118 78 68 67 63 60 54 44 39 37 37 30 30 32 51 60 54 39 31 26 17 18
41 45 64 72 134 75 70 142 203 165 122 192 195 190 313 322 246 297 342 383 267 217 179 195 143 154 194 181 195 154 168 112 82 78 83 86 79 94 53 77 74 48 45 72 168 105 64 120 159 75 62 68 73 80 92 124 169 245 259 194 168 97 76 62 53 52 45 47 44 43 31 25 26 27 28 38 36 33 27 18 17 18
33 39 37 67 82 59 86 85 100 84 144 125 153 159 264 219 236 295 374 410 316 237 254 211 183 157 192 259 273 191 191 120 92 83 75 91 84 62 52 50 48 47 46 75 86 74 66 86 115 93 59 68 79 69 84 105 145 219 170 144 192 155 132 70 51 48 44 53 43 29 26 21 17 20 19 24 22 19 20 16 15 15
41 65 68 41 39 43 72 110 109 129 101 90 88 137 146 166 197 265 348 372 323 326 308 268 213 182 235 232 287 239 205 145 113 97 81 71 70 59 53 50 48 48 48 58 72 72 60 73 86 67 58 69 76 74 86 104 138 157 147 106 132 141 92 76 56 47 40 40 39 33 29 21 23 21 21 20 18 17 17 17 15 16
37 59 110 99 73 65 57 68 76 83 134 93 172 286 292 301 328 360 368 306 366 415 303 252 209 265 293 332 323 294 241 181 142 118 86 139 143 87 53 48 48 46 48 51 58 65 55 57 59 58 58 61 69 71 95 107 132 99 95 89 96 79 82 74 54 50 45 40 35 32 29 25 25 24 22 22 20 18 21 21 19 16
98 55 45 64 125 162 106 56 69 146 253 131 144 262 271 272 303 374 303 293 360 407 370 367 278 270 354 425 379 321 261 226 191 125 103 181 190 77 50 49 48 48 49 51 57 58 59 55 51 55 53 63 64 73 116 144 164 113 79 75 78 61 66 89 51 45 43 42 32 29 27 26 25 21 21 28 25 22 20 20 22 19
172 142 65 71 71 119 171 129 146 181 305 273 156 149 156 162 253 308 227 312 358 348 355 417 360 316 408 431 326 279 269 233 187 154 113 91 74 59 52 51 50 47 50 50 58 62 62 49 48 54 51 57 62 91 109 156 176 128 96 66 58 55 50 57 46 58 63 32 27 27 29 30 23 23 37 37 32 22 19 20 22 20
110 174 93 137 77 76 172 247 258 275 424 381 287 284 222 169 186 196 221 295 285 279 318 418 453 409 387 379 289 218 209 190 184 134 99 95 67 61 55 52 50 50 50 55 62 65 61 52 47 49 50 53 55 89 112 138 168 139 92 80 70 48 43 46 62 46 33 27 29 29 33 33 23 23 30 32 27 24 22 25 24 20
71 185 167 116 85 72 107 216 336 353 421 478 432 314 242 268 225 242 226 213 231 296 344 395 403 412 336 299 244 173 153 128 123 120 90 81 66 61 56 54 51 53 50 60 67 91 67 52 50 50 47 51 56 73 117 137 132 185 135 122 79 65 49 45 42 38 30 32 34 39 34 43 25 24 25 32 31 38 33 27 27 23
89 218 165 99 125 85 87 184 255 236 311 503 466 332 308 275 220 291 278 265 227 270 309 313 302 351 339 276 217 184 182 150 122 89 82 74 67 62 56 67 53 52 49 55 66 75 62 55 55 49 51 52 53 68 125 81 122 145 136 161 131 97 78 74 48 32 35 62 73 54 39 40 27 25 28 34 30 35 35 26 26 25
113 230 215 196 160 120 88 113 149 266 376 521 503 399 297 249 259 322 269 289 267 242 256 271 292 332 319 330 228 179 164 134 111 103 94 84 65 62 57 62 64 55 51 51 62 73 58 65 56 52 55 47 50 62 57 62 67 81 91 141 138 88 61 82 45 39 53 56 87 73 53 51 36 30 28 30 31 28 27 25 27 26
114 242 319 249 134 138 125 230 170 343 480 502 517 395 286 259 321 330 285 308 301 272 324 309 348 374 383 373 250 172 163 141 98 85 82 68 64 63 75 66 76 53 51 51 61 71 60 72 63 53 51 47 46 53 44 63 50 54 73 91 88 84 51 50 40 45 72 62 86 97 63 57 35 34 33 30 35 34 28 27 28 26
99 196 323 275 194 142 194 251 179 265 394 476 524 390 287 299 385 338 319 358 330 324 339 387 418 401 405 342 242 192 141 136 114 96 84 78 66 80 66 101 87 56 52 59 61 64 56 71 69 59 48 47 47 45 42 46 43 43 42 44 55 47 47 36 37 56 96 114 102 139 74 49 37 35 32 32 34 38 26 28 29 26
139 212 242 285 314 283 314 235 292 341 353 440 495 402 370 394 452 424 385 426 394 392 422 450 421 326 289 249 209 194 172 134 110 92 71 67 99 77 65 86 74 57 57 62 67 61 54 72 69 51 49 52 49 65 49 53 97 83 71 41 37 40 43 51 76 116 140 170 181 155 80 52 42 39 34 32 45 43 28 29 27 26
193 168 206 249 339 306 308 301 443 468 448 415 376 305 406 432 457 410 428 411 364 317 365 347 322 304 312 256 180 152 156 139 111 94 71 68 75 70 69 77 72 59 55 63 69 57 52 53 54 51 50 55 56 71 75 78 144 100 61 44 55 51 51 53 106 131 210 216 158 108 87 72 47 41 37 35 57 40 31 27 29 31
218 209 295 323 380 356 358 342 417 483 386 388 298 274 389 420 420 315 367 358 338 299 296 299 229 274 251 255 205 157 137 130 104 81 73 72 70 75 74 80 75 60 57 63 71 53 51 52 53 54 52 56 68 92 92 107 118 83 48 52 60 66 65 66 101 166 219 160 111 81 72 81 55 45 40 45 58 40 34 30 32 33
221 222 289 344 402 375 383 369 450 424 308 262 218 260 331 341 318 271 278 309 289 276 247 261 195 229 203 202 172 149 131 111 88 83 76 74 78 77 74 76 71 60 58 69 60 53 54 53 51 56 55 69 96 131 146 100 95 68 54 75 77 88 105 103 124 202 206 147 106 87 68 62 54 47 39 57 44 38 37 34 31 34
312 268 271 335 381 399 397 408 430 323 291 204 203 280 270 257 237 219 278 246 220 197 180 175 161 158 162 169 162 158 137 97 90 83 74 77 76 76 72 74 70 61 58 77 65 60 70 60 53 56 61 86 103 143 183 102 64 53 63 88 121 136 179 153 202 233 241 190 115 115 71 55 48 49 47 69 45 39 39 36 32 31
351 344 285 352 308 320 403 383 336 318 218 167 236 229 186 184 184 246 281 252 218 188 161 162 125 135 116 131 138 130 114 88 85 78 76 74 71 70 71 72 66 60 62 85 66 61 65 62 58 55 63 75 109 153 183 116 82 59 82 92 93 147 198 239 195 153 152 178 134 96 71 59 54 49 52 59 44 39 37 37 40 33
396 400 360 291 228 263 302 290 221 222 171 151 158 158 181 193 203 256 272 215 189 189 166 153 131 127 128 109 94 98 89 80 81 80 75 70 71 70 68 64 62 60 60 95 68 63 59 61 59 56 67 96 130 144 199 139 84 62 73 102 133 126 170 193 203 177 124 109 99 85 73 65 58 55 61 46 40 38 36 36 37 36
348 313 305 286 220 205 242 199 176 130 126 186 199 239 277 294 258 253 277 225 192 173 172 130 116 112 109 106 107 100 80 76 76 77 75 76 71 72 81 74 63 63 98 106 74 75 65 64 62 60 70 100 156 186 187 112 88 70 80 95 130 192 213 128 130 184 168 146 123 94 73 61 60 68 49 44 41 37 35 37 34 30
285 241 254 243 238 181 156 145 117 158 207 215 284 304 327 358 309 292 306 238 195 155 144 152 154 166 164 142 104 98 85 77 79 90 187 139 86 84 99 91 75 77 179 133 77 91 73 63 61 63 77 105 120 169 208 138 96 79 79 104 144 199 190 152 103 120 125 103 103 78 64 56 54 58 47 43 44 40 37 34 37 31
220 193 247 247 210 222 163 121 168 221 277 274 320 361 374 342 295 299 250 222 185 186 208 206 178 168 142 113 110 94 87 79 87 111 123 183 133 96 112 106 97 111 132 103 76 76 81 65 63 70 90 138 167 210 219 170 107 87 107 144 172 140 155 171 133 90 91 106 126 116 75 57 67 53 58 64 51 38 38 38 45 40
175 165 203 246 151 171 120 173 248 287 246 231 302 299 368 329 270 279 284 226 270 250 253 210 177 146 110 100 90 85 82 85 109 204 207 123 115 111 115 102 121 207 156 105 84 75 67 66 65 72 97 126 167 250 246 165 121 103 101 139 199 141 108 117 141 107 74 80 110 107 85 68 85 78 73 50 40 37 38 40 45 56
236 247 149 154 128 150 107 206 263 236 189 216 223 261 356 354 275 352 318 252 331 323 268 198 152 131 100 96 89 83 90 104 106 123 178 134 117 114 107 85 107 171 156 110 83 88 70 68 66 78 91 113 173 236 245 158 143 143 100 147 202 149 110 101 96 93 73 75 109 91 104 84 102 71 59 43 41 39 38 42 44 57
261 243 160 140 115 119 114 169 159 154 155 184 214 255 319 322 293 383 368 319 338 269 217 210 157 114 98 90 84 86 123 183 269 210 140 130 116 104 89 112 105 116 148 122 118 105 82 80 67 82 108 142 155 197 263 213 164 150 130 189 214 187 188 137 116 93 71 62 93 83 99 104 112 71 46 41 42 41 44 52 54 61
305 280 216 150 118 90 156 140 151 191 247 288 313 353 375 298 364 398 351 381 271 211 203 152 127 105 94 88 85 98 102 141 224 192 151 118 108 96 92 99 110 98 110 154 135 103 96 85 74 91 112 155 225 293 299 226 244 204 188 236 213 157 159 153 125 89 80 91 60 61 56 57 63 75 48 43 45 51 45 49 52 71
246 227 215 185 143 93 159 173 189 226 228 217 246 310 371 305 368 352 293 329 293 229 176 133 108 101 95 87 104 121 111 120 137 144 140 127 109 96 100 96 162 168 92 145 126 111 103 86 74 95 144 165 222 297 279 275 263 206 189 201 173 157 128 119 116 122 130 85 80 107 100 69 46 43 41 45 44 59 54 58 55 67
367 306 181 130 97 119 132 146 154 169 201 247 314 362 291 287 345 281 236 250 236 205 147 111 111 99 91 90 117 145 111 118 144 158 123 111 111 128 137 118 151 180 100 94 96 109 97 101 82 95 106 129 166 241 267 233 192 146 128 151 192 226 168 190 155 117 100 112 112 138 136 74 49 78 59 66 49 56 56 61 63 74
306 289 216 134 116 158 162 185 212 252 291 314 370 316 233 278 338 338 300 218 178 148 115 106 102 93 91 103 178 132 109 111 148 163 130 106 157 197 184 162 129 173 153 127 159 164 126 99 85 122 136 164 218 235 173 177 160 157 113 109 159 181 211 230 197 178 160 135 121 97 69 51 67 127 118 82 56 74 76 77 76 85
