DEM/DEM22.asc
ncols 800
nrows 800
xllcenter 480150.000000
yllcenter 1280150.000000
cellsize 300.000000
nodata_value -9999
[rows 592 to 628 of 800, columns 340 to 424 of 800]
130 127 116 159 290 392 401 299 198 104 82 69 58 52 51 50 48 45 44 41 41 40 62 98 88 35 30 26 18 16 13 11 12 9 7 3 2 2 3 2 1 0 1 2 4 2 2 2 2 1 2 2 1 0 0 0 1 3 -2 0 2 2 4 5 2 5 4 3 1 0 16 166 102 18 3 3 4 3 5 8 1 2 0 -9999 -9999
143 101 114 148 232 287 382 357 250 128 77 65 55 51 50 46 46 45 43 40 38 47 69 151 115 44 36 28 22 16 14 11 11 9 5 3 2 3 3 1 2 2 1 1 2 3 3 1 0 1 1 1 0 1 1 2 1 6 2 1 3 3 4 2 3 1 1 2 4 2 35 173 135 44 17 3 3 3 4 -2 0 1 4 -9999 -9999
156 97 118 174 263 335 337 241 182 118 80 67 55 48 47 45 44 43 41 38 39 47 82 142 117 67 37 28 22 19 14 8 6 7 7 4 3 3 3 3 3 1 1 1 2 1 2 1 2 2 2 1 0 1 1 1 3 6 3 3 5 5 2 3 2 1 2 5 4 1 56 152 127 60 57 4 3 3 5 2 -6 -9999 -9999 -9999 -9999
99 98 122 187 288 405 332 227 164 104 81 68 56 47 44 42 41 40 39 37 39 47 65 129 94 51 36 29 23 19 14 9 6 5 5 6 4 2 2 1 0 1 2 0 0 1 1 1 1 2 0 1 0 0 1 4 9 4 3 4 5 3 0 1 0 2 2 3 2 1 32 26 25 22 17 2 2 0 3 -1 -2 -9999 -9999 -9999 -9999
84 95 114 187 276 388 363 289 177 123 75 64 54 46 42 39 39 39 38 35 37 47 100 198 98 48 37 28 21 16 13 9 8 5 7 8 5 2 2 2 3 2 2 0 0 0 2 1 0 0 1 1 1 0 5 8 8 4 2 5 3 1 2 1 1 2 1 2 2 1 32 18 2 5 1 1 2 3 -1 -3 4 -9999 -9999 -9999 -9999
108 102 154 197 246 313 301 255 208 100 67 57 48 42 38 38 38 37 35 34 37 50 95 125 132 50 33 24 20 18 11 7 7 8 9 8 5 5 4 4 2 2 2 3 2 2 2 3 2 2 4 3 3 7 7 6 4 4 5 3 2 2 3 1 1 0 1 1 1 3 4 10 2 1 1 2 3 12 5 0 2 -9999 -9999 -9999 -9999
160 97 143 176 190 248 262 203 196 107 63 51 45 41 38 37 37 36 34 32 51 73 50 68 102 88 46 26 19 14 10 9 8 8 9 9 7 4 4 1 2 4 3 1 2 3 2 1 1 2 2 6 7 8 6 5 2 3 3 3 2 3 2 3 1 0 1 1 1 2 1 1 2 3 1 2 2 9 -1 -3 1 -9999 -9999 -9999 -9999
110 85 99 129 222 299 283 209 120 98 57 47 42 39 37 35 35 34 33 32 52 76 40 53 108 142 72 29 20 14 12 10 9 8 7 9 5 4 3 3 3 3 3 4 3 3 2 1 1 1 3 7 8 6 6 3 3 2 3 4 2 3 2 3 1 1 3 1 2 2 0 3 2 2 2 2 4 7 0 0 0 -9999 -9999 -9999 -9999
80 79 106 140 161 230 229 145 101 75 65 49 42 39 36 34 33 32 32 47 55 41 34 53 95 75 48 28 35 15 10 8 8 9 8 10 6 6 5 4 2 2 3 3 3 3 3 2 1 2 4 8 6 2 5 4 3 4 2 3 4 3 3 1 1 2 2 2 2 2 2 2 0 1 2 5 2 -1 0 -4 0 -9999 -9999 -9999 -9999
89 72 67 77 116 140 172 110 73 63 58 50 40 36 34 32 30 30 31 37 36 43 30 30 30 29 26 23 42 16 11 10 11 9 8 9 8 6 4 4 3 5 3 2 2 4 4 2 3 4 9 8 3 3 2 3 3 2 6 5 2 2 2 2 3 1 2 2 2 2 2 5 7 2 2 2 4 0 -9999 -9999 -9999 -9999 -9999 -9999 -9999
113 103 75 61 70 82 92 84 59 55 51 46 38 33 30 31 30 29 29 28 30 40 27 25 24 22 22 18 23 12 12 10 10 10 9 10 8 6 6 5 4 5 5 4 5 4 3 4 5 8 11 6 3 4 2 2 2 3 6 3 2 5 2 2 2 2 3 2 1 3 2 3 7 17 4 7 2 2 -9999 -9999 -9999 -9999 -9999 -9999 -9999
76 62 64 56 54 55 69 63 47 47 45 42 37 32 29 29 28 28 26 26 27 25 25 22 21 18 17 16 15 14 13 12 11 12 10 10 8 8 5 6 5 4 6 6 7 5 4 4 7 9 6 4 2 4 3 3 3 3 3 2 3 9 5 2 2 2 3 2 1 1 1 2 25 28 12 23 0 2 -9999 -9999 -9999 -9999 -9999 -9999 -9999
50 48 47 48 50 48 45 49 46 40 39 37 35 31 29 29 27 27 26 25 25 24 24 21 20 18 16 17 17 14 13 14 13 11 10 12 9 7 4 5 5 7 7 6 7 6 6 6 8 3 2 4 2 2 2 5 3 3 2 8 8 9 7 5 1 2 2 2 3 3 1 2 20 5 40 86 25 -4 -9999 -9999 -9999 -9999 -9999 -9999 -9999
43 45 42 43 45 45 42 37 37 37 38 35 33 34 30 29 27 26 26 23 23 24 23 22 18 18 17 15 16 15 15 14 12 13 12 12 8 8 7 6 6 5 5 5 6 6 7 8 6 3 2 1 2 2 3 6 7 7 7 11 10 8 7 7 4 2 1 3 2 1 2 3 2 2 45 101 38 0 -9999 -9999 -9999 -9999 -9999 -9999 -9999
39 38 37 37 38 39 39 37 33 33 33 32 33 29 32 30 29 28 26 24 23 21 22 21 19 18 17 16 16 14 13 14 13 13 13 12 10 8 7 7 7 7 5 6 4 7 8 6 3 3 1 2 2 4 6 8 7 7 10 10 9 8 7 7 8 4 3 4 3 2 2 2 2 3 39 68 30 -2 -9999 -9999 -9999 -9999 -9999 -9999 -9999
37 37 36 36 33 34 34 36 35 31 29 28 27 26 28 31 31 30 27 26 24 22 20 20 19 19 18 16 16 14 14 15 17 13 11 12 12 8 8 8 9 8 7 5 4 6 5 3 2 3 2 2 2 3 7 8 6 10 8 8 8 7 4 8 8 3 6 12 11 10 6 2 1 2 32 46 17 -1 -9999 -9999 -9999 -9999 -9999 -9999 -9999
42 42 40 40 37 34 34 34 34 29 29 37 33 28 24 30 27 29 27 27 26 24 22 23 21 21 17 16 16 14 16 16 16 15 14 12 11 11 11 10 8 6 5 4 3 6 2 3 3 3 1 1 5 4 7 6 7 6 9 7 10 6 6 7 7 5 5 9 8 10 7 4 1 1 37 26 8 -2 -9999 -9999 -9999 -9999 -9999 -9999 -9999
45 44 41 40 40 39 36 31 32 31 36 36 34 26 26 23 22 21 24 25 26 25 22 23 22 18 18 17 17 16 15 14 14 14 12 13 11 9 9 7 6 7 6 5 4 3 4 3 2 2 1 5 5 7 7 8 6 5 5 8 9 6 8 8 4 8 7 8 10 8 5 4 2 5 38 27 5 -1 -9999 -9999 -9999 -9999 -9999 -9999 -9999
49 49 43 41 41 39 38 35 38 36 39 34 32 28 24 28 25 22 22 21 23 22 19 18 18 20 20 19 16 15 15 14 12 12 12 12 10 8 9 7 5 6 5 3 1 2 1 3 3 3 3 6 5 10 7 5 7 7 7 5 5 4 6 5 9 10 10 9 8 2 2 3 4 15 34 8 -2 5 -9999 -9999 -9999 -9999 -9999 -9999 -9999
56 61 50 51 57 41 39 37 37 36 36 34 32 29 30 30 30 25 21 20 19 21 22 22 20 18 18 18 17 16 16 14 12 14 14 12 10 8 8 7 5 5 4 3 2 1 1 1 2 3 5 6 8 6 5 7 9 9 5 3 6 6 7 6 8 9 8 10 5 4 3 4 1 13 43 12 -4 -3 -9999 -9999 -9999 -9999 -9999 -9999 -9999
64 82 73 93 107 58 42 37 37 36 35 36 33 32 32 28 31 30 26 25 24 24 23 21 21 19 16 16 18 17 15 14 13 12 11 11 11 9 8 6 6 4 3 2 2 2 1 2 2 4 6 7 7 4 7 9 7 5 6 7 8 9 9 8 8 8 7 6 3 18 17 1 0 4 8 8 -1 -7 -9999 -9999 -9999 -9999 -9999 -9999 -9999
76 83 126 187 207 97 66 54 56 47 40 40 33 28 30 30 33 35 25 27 24 24 22 20 19 20 16 15 16 16 14 15 16 11 9 10 11 9 8 7 8 5 4 4 4 2 2 3 3 7 7 9 6 5 6 5 5 5 8 8 10 9 10 8 8 8 6 5 6 9 16 -6 1 0 0 9 3 1 -9999 -9999 -9999 -9999 -9999 -9999 -9999
101 99 163 263 278 196 160 90 64 56 47 40 34 29 29 29 27 26 26 26 23 23 21 21 21 19 19 18 17 17 14 13 14 12 11 11 10 9 10 10 11 8 7 6 4 4 4 1 2 5 7 9 7 7 6 4 8 7 7 7 8 8 8 8 9 5 6 1 4 1 24 5 1 0 2 -5 -3 -5 -9999 -9999 -9999 -9999 -9999 -9999 -9999
159 126 186 280 240 137 113 88 71 60 51 41 37 33 30 27 25 25 28 26 21 21 21 19 18 16 17 19 20 17 15 13 11 11 12 10 11 12 10 10 9 7 6 5 4 5 3 2 2 6 7 7 6 4 5 7 9 10 6 7 8 9 9 7 5 5 5 1 -1 -11 3 4 0 0 -2 -3 -9 -4 -9999 -9999 -9999 -9999 -9999 -9999 -9999
161 182 277 323 197 134 113 109 80 62 54 46 41 35 30 27 26 25 25 23 21 20 18 18 16 18 16 17 17 15 15 12 12 12 11 9 10 11 9 10 7 5 7 4 5 3 3 2 3 6 7 7 5 3 6 8 8 11 6 7 10 10 6 5 3 1 2 -3 -3 5 0 0 2 -2 0 1 -9999 -9999 -9999 -9999 -9999 -9999 -9999 -9999 -9999
199 213 305 335 190 202 199 132 83 66 56 46 38 33 28 24 26 26 22 22 21 19 20 18 18 14 15 17 18 18 20 14 15 14 16 11 11 10 10 9 8 9 8 5 3 3 3 2 3 5 5 8 4 4 9 8 7 6 8 7 9 4 4 4 0 -8 -2 -2 -13 -4 0 0 4 -4 -1 3 -9999 -9999 -9999 -9999 -9999 -9999 -9999 -9999 -9999
269 276 313 325 254 301 223 107 93 73 63 42 35 29 28 23 26 24 22 20 21 19 19 18 19 15 13 15 17 19 17 18 18 17 17 17 15 13 13 12 11 10 7 7 6 3 4 3 4 5 6 5 5 7 9 8 5 6 8 8 6 3 3 1 -3 7 5 0 1 -2 0 0 3 0 -1 -6 -9999 -9999 -9999 -9999 -9999 -9999 -9999 -9999 -9999
238 248 284 346 341 283 177 126 120 65 60 44 35 26 24 24 23 26 23 20 20 18 18 17 18 15 13 13 16 15 16 14 14 13 14 15 17 13 13 10 9 10 9 8 6 7 5 4 5 6 9 5 8 8 7 5 5 8 8 6 5 3 2 2 5 0 4 4 -9999 -9999 -9999 -9999 -9999 -9999 -9999 -9999 -9999 -9999 -9999 -9999 -9999 -9999 -9999 -9999 -9999
205 219 273 304 303 283 209 168 105 64 53 41 34 30 27 24 23 22 22 19 19 19 17 17 17 15 14 12 12 14 15 14 13 12 11 12 17 14 13 9 7 9 9 7 6 7 5 8 7 9 9 6 8 6 4 5 9 7 7 4 4 5 1 2 0 -14 -2 0 -9999 -9999 -9999 -9999 -9999 -9999 -9999 -9999 -9999 -9999 -9999 -9999 -9999 -9999 -9999 -9999 -9999
185 173 216 258 288 203 206 161 83 62 48 41 37 32 30 27 24 22 22 21 18 18 17 17 16 16 17 13 12 10 11 11 12 11 11 11 14 11 11 8 7 7 8 7 8 8 9 8 8 6 7 6 8 4 6 7 7 6 7 5 7 2 0 0 1 0 -9999 -9999 -9999 -9999 -9999 -9999 -9999 -9999 -9999 -9999 -9999 -9999 -9999 -9999 -9999 -9999 -9999 -9999 -9999
163 154 222 328 292 181 136 109 73 60 50 43 35 30 30 27 25 21 20 20 19 18 18 18 17 14 14 12 12 11 9 10 10 11 12 14 14 10 8 10 8 9 10 8 8 5 8 8 6 5 8 4 7 4 7 8 7 8 5 5 1 4 0 0 5 -2 -9999 -9999 -9999 -9999 -9999 -9999 -9999 -9999 -9999 -9999 -9999 -9999 -9999 -9999 -9999 -9999 -9999 -9999 -9999
139 152 226 301 249 211 125 82 72 59 46 40 35 34 30 25 22 21 21 22 19 19 19 18 16 14 15 12 10 9 8 8 9 9 9 12 13 12 12 7 7 9 8 6 7 6 6 8 5 5 7 5 5 8 10 8 8 8 6 2 0 -1 -3 0 -2 -1 -9999 -9999 -9999 -9999 -9999 -9999 -9999 -9999 -9999 -9999 -9999 -9999 -9999 -9999 -9999 -9999 -9999 -9999 -9999
127 133 202 257 174 166 120 89 73 59 49 41 36 34 31 27 23 21 21 21 20 19 16 16 16 15 14 13 12 11 9 7 9 7 8 10 10 12 12 11 12 9 7 6 5 6 6 4 3 7 4 3 3 5 8 7 7 7 9 7 0 -1 -12 -9999 -9999 -9999 -9999 -9999 -9999 -9999 -9999 -9999 -9999 -9999 -9999 -9999 -9999 -9999 -9999 -9999 -9999 -9999 -9999 -9999 -9999
116 117 144 189 198 144 147 90 69 56 49 43 39 34 32 29 23 22 20 20 20 20 17 17 17 16 14 12 12 11 10 11 9 11 9 6 11 14 10 11 10 9 6 5 4 4 5 3 5 8 4 5 2 4 7 8 4 3 4 3 1 -3 0 -9999 -9999 -9999 -9999 -9999 -9999 -9999 -9999 -9999 -9999 -9999 -9999 -9999 -9999 -9999 -9999 -9999 -9999 -9999 -9999 -9999 -9999
114 107 109 166 224 147 96 75 66 57 48 43 38 35 32 29 25 21 20 19 19 19 17 18 17 16 16 13 12 11 10 12 10 11 10 7 8 8 8 9 8 10 7 6 2 3 4 3 7 9 4 4 3 4 7 6 3 3 3 5 0 -9999 -9999 -9999 -9999 -9999 -9999 -9999 -9999 -9999 -9999 -9999 -9999 -9999 -9999 -9999 -9999 -9999 -9999 -9999 -9999 -9999 -9999 -9999 -9999
108 102 121 186 218 134 85 70 65 54 46 41 38 33 30 28 25 22 20 19 19 18 16 16 17 15 15 13 14 12 12 10 11 11 9 9 7 5 6 6 6 6 6 4 3 2 4 4 7 4 5 6 3 7 5 3 3 4 0 2 1 -9999 -9999 -9999 -9999 -9999 -9999 -9999 -9999 -9999 -9999 -9999 -9999 -9999 -9999 -9999 -9999 -9999 -9999 -9999 -9999 -9999 -9999 -9999 -9999
105 96 100 108 128 165 85 65 57 49 44 41 38 34 29 27 24 21 20 19 18 18 18 20 18 15 15 14 14 13 12 11 11 11 9 6 5 5 5 6 6 6 6 5 2 3 4 7 5 4 9 5 2 6 5 1 3 0 -2 0 -1 -9999 -9999 -9999 -9999 -9999 -9999 -9999 -9999 -9999 -9999 -9999 -9999 -9999 -9999 -9999 -9999 -9999 -9999 -9999 -9999 -9999 -9999 -9999 -9999
