DEM/DEM27.asc
ncols 800
nrows 800
xllcenter 480150.000000
yllcenter 1040150.000000
cellsize 300.000000
nodata_value -9999
[rows 108 to 143 of 800, columns 164 to 245 of 800]
-9999 -9999 -9999 -9999 -9999 -9999 -9999 -9999 -9999 -9999 -9999 -9999 -9999 -9999 -9999 -9999 449 499 570 731 768 708 702 689 620 576 523 488 489 462 401 435 436 362 315 197 140 124 102 90 95 79 94 141 132 160 120 69 54 49 47 44 48 49 39 35 35 38 44 38 37 37 40 44 45 52 49 40 31 31 30 29 30 29 30 33 35 42 43 51 65 70
-9999 -9999 -9999 -9999 -9999 -9999 -9999 -9999 -9999 -9999 -9999 -9999 -9999 -9999 -9999 -9999 512 575 660 760 758 725 766 764 684 611 570 584 602 549 445 439 413 341 253 193 190 152 143 138 111 107 161 212 183 128 87 64 54 53 48 48 43 43 41 38 35 35 37 38 36 41 37 36 41 50 46 34 28 23 25 26 27 27 33 39 43 53 44 49 71 60
-9999 -9999 -9999 -9999 -9999 -9999 -9999 -9999 -9999 -9999 -9999 -9999 -9999 353 409 518 545 611 674 705 692 715 745 786 734 698 623 615 605 577 538 446 349 290 267 269 259 237 232 186 168 197 252 199 126 94 76 62 62 77 50 46 44 44 45 43 36 36 33 35 35 34 36 33 33 41 39 34 25 20 22 26 27 27 32 40 49 53 38 40 49 47
-9999 -9999 -9999 -9999 -9999 -9999 -9999 -9999 -9999 -9999 -9999 -9999 -9999 374 433 537 589 639 637 659 661 706 713 705 743 761 725 572 529 519 506 473 380 334 289 232 216 256 253 217 221 197 203 173 102 84 71 63 69 91 54 62 64 48 43 42 40 33 35 37 36 34 32 31 31 31 31 26 24 23 22 26 27 23 29 41 44 41 33 32 37 39
-9999 -9999 -9999 -9999 -9999 -9999 -9999 -9999 -9999 -9999 -9999 -9999 -9999 409 513 585 631 617 613 617 638 639 637 637 690 715 720 641 511 418 384 410 411 381 315 242 184 176 157 137 185 141 156 111 88 80 69 60 60 76 98 121 113 57 41 39 36 34 31 36 33 35 35 32 31 31 27 25 24 24 23 26 23 21 31 37 44 31 33 37 37 42
-9999 -9999 -9999 -9999 -9999 -9999 -9999 -9999 -9999 -9999 -9999 -9999 -9999 453 565 656 633 577 576 574 595 568 552 592 617 619 648 611 546 404 315 350 356 311 317 303 288 252 236 157 117 137 99 87 81 74 62 53 55 61 80 82 86 53 47 41 35 35 31 35 34 33 36 37 34 30 28 27 26 30 23 23 21 18 25 28 30 28 41 62 50 38
-9999 -9999 -9999 -9999 -9999 -9999 -9999 -9999 -9999 -9999 -9999 -9999 -9999 506 634 696 673 589 529 573 589 481 478 518 537 536 580 567 497 408 306 272 320 283 228 238 270 300 250 198 125 98 90 83 73 69 70 55 48 54 60 59 56 46 42 34 43 39 31 32 34 29 33 34 35 34 32 34 32 28 27 25 22 22 21 27 29 26 37 53 42 33
-9999 -9999 -9999 -9999 -9999 -9999 -9999 -9999 -9999 -9999 -9999 -9999 -9999 579 717 754 730 626 531 521 554 505 455 408 411 429 472 438 407 351 316 232 243 297 284 208 166 202 230 166 131 110 84 79 77 68 59 54 48 46 49 48 48 43 37 33 38 38 30 29 32 28 29 32 34 35 33 32 31 26 24 22 22 21 20 26 28 24 33 42 34 29
-9999 -9999 -9999 -9999 -9999 -9999 -9999 -9999 -9999 -9999 -9999 -9999 -9999 630 730 700 667 617 572 521 485 538 534 432 363 347 351 336 326 266 231 186 214 310 372 277 213 147 164 130 104 95 80 74 72 62 60 52 47 41 40 42 43 39 35 30 30 35 29 29 29 28 26 28 32 32 30 27 31 29 25 22 18 21 21 20 24 22 32 33 26 24
-9999 -9999 -9999 -9999 -9999 -9999 -9999 -9999 -9999 -9999 -9999 716 713 711 747 652 602 536 566 545 438 475 549 447 353 339 288 268 251 223 170 163 195 288 379 265 183 133 112 101 88 86 78 70 64 63 55 49 42 41 38 36 35 43 42 39 29 30 29 29 29 26 26 25 30 32 32 28 24 27 25 23 16 17 17 17 22 22 30 31 21 22
-9999 -9999 -9999 -9999 -9999 -9999 -9999 -9999 -9999 -9999 -9999 759 805 791 785 731 620 537 467 444 416 401 461 395 323 265 255 238 202 158 130 130 175 337 299 243 192 132 107 93 89 78 70 66 58 53 50 49 44 40 35 37 37 39 42 35 27 27 29 27 28 28 26 26 31 31 34 28 22 28 29 26 17 15 16 17 21 24 38 29 19 27
-9999 -9999 -9999 -9999 -9999 -9999 -9999 -9999 -9999 -9999 -9999 758 773 724 734 713 644 623 535 438 372 327 341 286 265 242 181 209 205 155 116 104 156 298 303 195 146 110 92 88 82 82 69 60 65 64 56 46 44 38 37 34 37 32 31 31 37 24 26 30 28 27 26 24 25 27 35 33 25 22 25 26 20 18 16 15 21 27 41 25 16 20
-9999 -9999 -9999 -9999 -9999 -9999 -9999 -9999 736 712 719 701 709 709 696 663 655 623 593 564 421 315 278 232 197 198 158 139 130 114 114 98 185 277 238 186 117 100 87 82 76 66 65 56 78 93 58 47 41 40 36 31 33 35 33 30 38 26 22 28 27 28 25 23 27 27 28 29 26 22 23 26 22 18 15 13 14 24 27 19 15 14
-9999 -9999 -9999 -9999 -9999 -9999 -9999 -9999 733 724 741 699 681 665 666 642 647 623 609 582 480 339 277 217 191 172 145 127 109 120 113 108 102 175 218 119 96 96 85 74 69 64 60 58 77 61 52 47 38 36 35 33 30 28 31 24 26 23 23 26 30 30 26 26 27 29 24 27 26 24 20 20 19 22 15 13 15 23 23 17 13 14
-9999 -9999 -9999 777 811 854 793 730 672 690 749 757 748 682 642 630 613 585 556 541 460 403 320 260 226 210 167 125 104 100 130 129 81 96 128 92 80 81 78 71 65 61 59 53 52 47 49 43 39 36 37 33 33 28 25 30 28 24 23 26 30 26 23 24 27 26 20 22 24 22 19 19 20 17 17 15 28 25 24 17 10 10
-9999 -9999 -9999 772 819 788 722 672 638 647 712 818 791 756 678 634 628 601 526 414 344 369 345 256 197 157 127 109 101 96 99 87 82 71 71 74 72 76 68 64 61 54 53 46 47 44 41 40 40 40 36 34 31 29 29 28 27 25 26 27 24 24 24 23 24 24 19 21 20 17 25 21 23 23 18 15 19 18 19 13 12 14
-9999 -9999 -9999 749 768 702 661 601 604 642 715 849 825 753 693 655 634 612 583 538 395 281 256 239 217 179 135 128 129 171 200 154 124 85 65 62 60 63 60 55 55 52 51 46 49 46 40 39 41 42 38 37 35 32 32 28 25 29 26 26 27 27 26 26 22 21 22 21 24 23 22 19 21 24 21 18 18 18 15 15 16 13
-9999 607 699 746 712 654 605 559 582 644 761 808 791 717 673 664 685 678 652 578 498 387 330 278 228 173 140 139 136 155 207 127 85 71 67 64 62 65 63 60 58 56 55 52 50 46 44 39 38 36 36 36 34 29 27 27 27 28 29 36 39 26 20 25 25 23 24 26 25 23 20 20 18 18 19 16 18 18 19 18 19 15
-9999 667 751 705 679 633 570 534 578 655 754 726 726 670 654 667 678 716 686 622 524 488 451 314 236 185 163 143 182 163 116 97 86 75 70 67 63 63 61 61 58 55 54 49 49 41 40 41 41 38 35 31 31 31 31 27 26 29 31 58 107 76 26 23 23 26 23 22 24 21 26 22 21 22 19 20 19 16 19 16 18 20
-9999 681 721 662 655 634 553 536 631 685 699 666 656 606 645 643 640 641 605 539 491 425 412 345 274 219 197 220 200 164 116 94 83 79 75 69 66 62 60 57 58 54 55 48 47 48 46 44 39 37 33 34 34 37 31 29 26 30 32 49 83 128 62 24 23 24 24 22 22 23 24 17 17 18 20 18 16 19 20 17 16 14
-9999 627 630 591 610 586 534 535 620 626 628 582 555 574 616 608 583 539 497 445 428 420 363 350 321 286 286 267 262 214 138 97 90 91 82 69 63 65 61 62 56 49 50 49 52 48 48 45 43 43 37 36 37 37 30 29 28 31 36 41 55 74 56 27 23 22 21 20 22 25 24 17 13 14 12 12 17 18 18 17 17 15
-9999 505 547 523 538 529 492 519 577 569 538 490 485 552 593 538 515 482 482 500 464 378 321 314 282 281 312 364 348 257 147 116 102 125 96 73 71 90 78 61 52 48 48 51 45 43 45 44 43 37 35 30 28 30 31 28 32 36 39 46 76 123 56 33 25 23 20 21 19 17 20 24 14 13 15 15 12 15 19 18 18 15
466 420 444 457 442 452 466 482 493 472 462 518 539 601 609 578 565 518 454 432 394 319 285 280 243 241 294 400 336 255 150 114 115 116 106 84 80 85 64 54 51 53 53 48 48 43 39 36 39 41 44 38 31 31 32 31 37 38 44 47 67 105 129 58 36 29 27 19 19 18 18 22 18 17 19 16 13 13 13 14 16 16
378 377 395 388 393 421 438 423 426 443 507 499 562 641 656 534 504 508 444 384 345 307 313 299 246 232 316 401 301 243 146 143 142 101 84 77 65 61 59 54 54 52 47 41 47 44 42 35 44 44 34 30 27 30 31 36 38 52 94 58 93 179 188 81 47 41 27 21 22 16 16 18 20 21 18 20 12 11 13 13 14 10
381 424 444 436 432 398 408 410 447 473 469 492 563 650 708 584 473 435 443 423 371 298 284 277 206 249 365 388 378 255 181 170 145 130 98 84 63 63 55 51 47 46 41 38 42 42 33 32 35 32 31 29 27 30 33 42 52 63 81 72 120 220 220 93 79 68 33 23 22 19 17 16 15 18 19 21 17 12 15 12 11 11
401 452 447 453 433 396 410 431 465 500 496 534 584 630 636 631 544 430 364 351 361 322 275 226 215 292 385 312 283 190 158 171 110 90 82 72 66 59 54 51 49 45 42 39 38 35 36 33 32 33 33 32 31 34 35 37 42 55 100 82 123 209 191 83 59 51 35 28 27 24 19 22 19 16 15 17 19 15 12 14 14 18
425 395 415 448 411 432 454 435 481 523 527 554 592 553 562 573 534 463 404 353 296 269 250 204 195 317 356 274 207 154 143 185 117 90 80 74 65 59 57 50 49 46 47 47 44 35 38 45 38 33 32 32 32 36 37 38 43 57 135 128 151 239 179 74 49 41 35 32 30 25 24 22 19 14 13 14 17 20 19 16 17 16
444 403 441 431 402 423 453 471 490 530 572 601 589 481 486 480 463 430 379 390 355 329 267 223 181 276 268 196 162 139 141 137 129 90 72 69 61 58 53 50 48 43 44 46 45 38 51 50 35 35 34 35 36 40 45 42 49 76 120 167 185 262 181 79 54 49 39 38 31 28 22 19 22 17 18 24 23 19 16 16 19 27
474 439 456 426 445 421 448 473 516 529 578 545 523 482 422 374 372 384 355 341 335 308 350 319 178 194 166 134 133 123 128 108 87 75 65 61 61 59 51 49 45 45 39 39 43 56 57 40 36 36 36 37 36 44 66 52 55 108 147 200 247 245 219 115 73 51 35 29 23 24 24 20 25 23 25 34 27 22 17 33 67 74
533 500 471 451 443 435 468 501 539 552 597 537 450 425 407 370 314 277 269 270 255 249 283 273 179 129 115 114 113 119 129 91 74 67 61 57 55 53 58 54 48 43 40 39 40 44 34 37 36 37 40 39 44 58 65 90 55 88 161 204 222 150 184 104 68 50 41 29 27 24 26 29 37 29 31 34 24 20 35 55 71 72
526 527 508 475 453 444 479 505 545 534 532 529 446 426 382 381 368 326 268 239 223 181 177 182 142 121 119 108 111 115 102 82 75 66 66 62 59 53 52 48 46 47 44 40 37 37 37 37 37 42 41 49 64 97 95 65 58 92 177 167 181 106 124 72 78 50 33 37 33 28 32 44 39 39 32 29 24 19 23 12 25 47
517 525 518 512 474 458 540 548 547 547 507 552 547 527 472 522 538 460 373 318 217 156 135 127 119 113 117 110 105 99 97 87 74 73 74 77 63 54 50 47 47 43 44 42 39 38 36 39 39 41 53 49 78 124 127 73 70 82 166 153 151 81 67 58 63 47 38 39 33 32 42 39 35 36 26 18 16 16 15 12 36 28
516 504 519 510 488 507 526 525 551 574 525 487 542 555 550 542 483 374 333 247 164 128 115 109 107 107 106 97 97 105 117 101 85 77 66 65 58 53 53 53 49 57 66 54 45 41 39 37 42 43 56 56 86 135 148 106 123 116 175 107 72 62 59 53 47 43 41 37 34 36 36 33 26 29 24 19 25 18 13 14 23 11
516 502 513 502 508 518 520 536 556 588 548 478 471 501 524 548 501 399 270 199 152 120 111 102 98 97 96 94 97 114 101 90 78 71 71 76 71 58 60 65 57 68 60 51 50 44 42 40 44 45 52 57 95 94 104 119 160 184 147 86 74 66 56 54 51 48 42 39 38 31 29 27 25 25 24 29 23 18 16 13 10 10
482 496 503 506 509 521 530 519 546 561 535 489 452 487 523 565 451 337 244 180 146 123 113 120 123 108 97 89 97 110 115 92 84 75 74 70 63 65 73 78 66 61 52 49 48 42 42 42 44 47 48 53 58 69 75 81 155 216 128 118 135 79 70 73 60 48 40 40 38 32 32 28 28 25 21 23 24 20 17 15 13 10
460 474 498 490 503 516 514 530 564 577 529 497 453 463 539 490 439 292 190 162 142 125 147 147 146 113 97 87 91 95 109 92 83 91 84 68 79 73 71 60 55 55 46 44 45 44 47 43 46 55 56 57 59 58 68 83 148 238 235 205 144 121 104 103 74 49 41 38 35 31 29 29 26 24 24 22 22 20 14 14 13 12
