DEM/DEM23.asc
ncols 800
nrows 800
xllcenter 720150.000000
yllcenter 1280150.000000
cellsize 300.000000
nodata_value -9999
[rows 82 to 122 of 800, columns 364 to 454 of 800]
82 77 71 72 72 73 74 74 74 78 81 84 83 83 81 80 80 76 75 75 76 76 76 77 78 82 82 79 80 82 85 84 88 92 92 92 91 92 93 97 100 103 104 107 108 108 114 116 120 113 109 104 103 101 101 101 100 99 97 96 99 100 107 107 108 110 112 114 114 114 113 119 118 115 119 121 123 129 125 123 124 126 136 133 126 126 127 126 127 129 130
85 80 73 72 73 75 75 75 76 77 79 82 87 91 86 83 82 77 78 77 76 77 77 78 78 80 79 77 79 82 82 84 89 91 92 92 89 92 94 95 98 99 102 102 104 105 106 112 119 119 113 108 105 105 104 102 101 99 98 98 99 102 102 105 109 112 114 115 117 117 114 118 120 117 121 123 126 128 128 124 126 129 133 135 131 130 130 129 128 130 132
85 78 74 74 74 76 75 76 78 78 81 82 82 88 88 86 84 80 80 79 78 77 78 77 78 79 79 78 78 80 81 82 86 86 88 88 87 90 92 94 98 96 98 99 101 102 103 108 113 118 117 113 110 108 106 104 101 99 98 99 99 100 103 104 109 113 114 113 116 118 118 120 121 121 121 123 125 128 130 127 129 133 135 141 154 146 134 130 129 132 134
85 76 76 77 76 74 75 77 75 78 81 85 87 86 87 88 86 84 82 81 79 79 79 79 79 79 79 80 79 78 79 81 82 83 86 85 85 87 89 93 94 93 95 101 98 100 102 105 109 113 117 117 116 111 108 105 103 102 99 99 100 101 100 102 111 112 112 111 113 115 119 119 122 126 126 124 129 133 132 131 132 135 139 147 168 178 142 132 131 133 135
87 79 76 79 76 74 74 76 78 85 84 87 89 87 89 89 86 84 83 82 80 82 81 80 80 80 79 80 82 80 79 80 80 81 83 83 85 86 89 90 91 91 96 97 97 100 102 103 108 108 108 111 116 117 112 109 105 105 101 99 102 101 102 103 105 107 108 109 112 115 117 117 120 124 131 128 131 136 136 133 132 136 140 148 165 192 146 136 135 137 140
84 79 78 81 79 75 75 77 82 81 82 87 93 98 94 91 87 85 86 86 85 84 82 82 82 81 80 81 85 85 84 81 80 81 82 83 83 85 88 88 90 92 94 95 98 99 100 102 104 103 104 104 108 111 114 112 110 105 103 101 104 104 103 103 103 105 109 114 115 116 115 115 118 121 128 129 129 129 131 134 135 137 142 149 159 191 156 138 137 141 144
82 78 82 85 79 75 77 79 79 80 82 85 87 102 106 96 90 86 88 89 87 86 84 83 82 81 79 81 82 85 88 86 83 83 84 82 84 85 88 89 92 94 95 96 98 97 98 101 101 99 102 102 104 110 111 114 114 108 103 103 103 105 104 103 104 105 107 111 112 112 114 114 116 121 124 123 125 127 127 129 133 138 141 147 154 176 171 139 139 140 144
82 81 83 86 79 76 76 78 79 78 80 81 84 92 107 103 92 89 90 89 87 87 85 86 83 81 80 80 83 85 87 88 88 87 86 84 83 85 89 88 91 94 94 94 96 97 98 98 99 99 100 98 101 106 109 111 114 111 107 105 103 103 105 106 104 104 105 107 109 110 112 114 117 121 121 122 122 124 125 128 133 138 142 144 151 163 175 143 139 140 143
82 85 87 87 80 78 78 77 77 78 79 82 88 94 101 107 112 96 93 92 90 88 86 88 85 82 81 81 83 86 86 89 90 91 89 87 84 84 85 87 90 90 92 93 96 98 97 94 95 97 98 99 100 103 106 108 113 114 109 109 108 105 104 105 106 106 107 108 109 113 120 118 119 118 118 120 121 125 125 129 131 136 139 140 146 153 174 148 143 141 144
83 89 89 94 85 81 78 78 78 80 79 79 83 92 94 92 104 103 95 96 91 90 88 89 86 82 82 83 84 84 83 84 85 87 89 89 86 85 85 85 87 89 90 93 99 95 94 94 94 96 99 100 100 105 107 109 110 114 113 120 112 110 107 106 108 109 108 107 109 110 118 122 119 115 117 120 122 126 128 130 132 134 136 141 142 158 162 162 148 145 145
83 88 93 97 90 83 81 81 79 81 80 79 83 86 88 91 96 101 99 102 99 92 90 88 84 81 82 83 84 85 85 84 84 88 90 91 89 87 86 86 86 88 92 94 96 93 92 94 95 98 100 102 103 104 104 108 109 114 117 120 121 112 109 108 109 111 111 110 108 110 117 116 117 114 118 119 120 122 125 128 130 132 134 138 140 149 155 176 204 157 148
86 89 97 98 93 88 85 82 80 80 79 79 81 83 89 96 94 98 99 108 115 100 90 86 84 82 86 84 84 84 85 84 84 84 88 92 92 91 89 87 87 88 89 89 89 91 93 95 96 98 101 104 105 106 107 110 112 114 121 123 122 117 112 109 108 110 113 112 111 110 112 112 113 114 117 120 121 122 124 125 127 130 134 135 138 145 151 161 217 166 146
89 90 92 97 94 93 88 83 82 80 79 79 81 87 89 89 91 94 97 105 104 99 92 88 86 86 87 89 86 84 83 85 85 85 87 89 92 92 91 91 90 88 89 89 90 92 94 95 95 98 100 103 102 103 105 109 111 114 120 128 124 117 114 113 113 111 109 112 113 112 114 113 112 114 116 117 118 120 120 122 125 128 132 134 137 141 145 147 150 143 141
91 92 92 99 96 89 87 86 83 81 81 81 82 86 85 89 93 99 101 99 107 104 98 97 90 90 89 90 88 84 84 85 84 86 87 88 90 92 95 93 92 91 92 90 90 93 94 94 94 96 97 98 101 104 105 109 112 113 117 129 128 122 119 118 117 115 114 113 112 114 115 116 115 114 114 116 118 118 118 120 124 124 129 135 137 141 143 142 143 139 141
95 96 97 98 95 92 93 93 84 81 82 82 81 82 85 90 101 98 103 105 105 101 103 113 103 95 91 92 90 87 88 86 85 85 86 87 88 91 94 94 94 96 95 92 91 93 94 95 96 96 97 97 99 102 103 107 110 114 118 129 133 128 123 123 122 120 117 116 116 114 114 116 118 117 117 116 116 118 118 119 122 124 131 134 135 139 141 138 138 137 141
102 100 99 101 99 97 95 94 87 81 82 81 82 83 86 90 98 101 104 110 113 105 104 112 110 103 99 93 92 89 89 90 86 86 87 87 88 88 89 93 94 96 96 93 92 92 94 96 97 100 99 100 102 101 104 108 109 114 120 128 136 136 130 126 125 124 121 119 117 115 117 116 117 120 120 121 121 120 119 119 121 123 130 134 133 138 137 135 137 140 140
101 98 99 99 97 96 98 95 88 82 82 82 85 85 87 92 95 98 98 105 112 108 106 110 114 117 107 101 94 92 92 93 87 85 87 88 88 89 89 90 94 96 99 97 94 92 94 96 98 99 101 103 104 103 105 106 109 113 120 127 137 140 139 134 128 129 126 121 119 117 120 117 118 120 122 126 127 125 122 122 122 123 127 131 134 134 134 134 136 138 143
99 95 92 92 93 93 95 95 90 84 82 82 85 87 89 90 91 93 94 98 107 110 109 113 119 117 110 106 99 94 95 91 86 86 87 88 88 90 88 88 92 96 101 99 95 93 95 96 95 97 98 100 102 104 106 108 112 116 122 130 134 140 142 140 134 130 127 123 122 120 120 122 120 120 123 130 130 129 126 122 125 127 126 128 129 131 131 133 134 136 140
102 101 97 92 88 88 89 93 90 87 83 84 83 85 85 87 90 94 99 99 99 105 108 115 118 114 105 100 96 94 91 90 88 88 88 89 89 88 88 90 91 95 96 97 98 95 96 98 100 98 100 102 105 107 107 109 112 118 121 125 135 154 160 144 138 130 128 127 125 123 124 126 124 122 123 125 131 134 130 127 127 127 130 129 129 128 130 131 134 140 144
99 96 93 92 90 85 85 88 92 87 83 84 85 84 86 86 89 94 100 106 103 104 110 115 120 114 109 102 99 97 96 91 88 88 92 90 90 89 89 89 91 93 95 97 98 98 98 97 99 100 99 102 104 107 107 110 113 117 122 126 133 151 182 150 141 135 130 130 131 126 128 127 123 124 123 123 131 132 135 129 127 129 131 135 133 131 132 134 138 143 144
100 97 95 93 90 89 86 83 82 82 83 83 86 86 91 90 89 94 98 103 109 107 110 116 121 116 109 107 105 104 97 94 91 90 94 92 92 90 89 90 91 92 93 96 100 101 100 100 100 101 103 102 102 103 107 108 111 115 118 121 128 139 168 167 145 139 137 133 134 131 128 126 124 124 124 124 126 129 132 128 124 126 130 132 132 134 135 137 137 138 139
100 100 98 100 98 94 91 86 86 83 82 83 85 89 95 96 93 91 93 101 112 115 115 117 123 122 113 107 101 100 97 95 90 93 96 95 94 90 91 90 92 90 93 95 97 98 101 102 103 103 103 104 103 106 106 109 113 115 116 118 124 131 148 153 140 144 143 137 134 132 131 130 129 128 127 125 127 127 128 127 125 127 128 129 131 133 134 134 135 137 139
104 103 103 100 96 93 89 87 88 84 83 86 85 87 92 96 100 97 95 99 105 110 121 117 125 126 116 111 105 100 99 96 92 94 97 97 95 93 91 90 90 91 93 95 94 94 99 103 105 104 105 105 106 107 107 109 112 117 117 118 120 124 131 136 138 146 151 142 138 135 135 133 130 132 130 128 127 131 130 130 127 128 129 130 131 132 133 133 135 139 140
102 103 103 101 98 93 91 92 88 84 84 85 86 87 93 99 103 106 103 100 104 109 117 122 122 124 117 110 111 106 101 99 96 95 99 100 98 98 94 93 92 91 92 93 95 96 100 100 102 102 106 106 106 108 108 108 110 114 116 116 116 120 124 127 132 147 159 145 146 141 141 139 138 136 132 132 134 133 134 131 128 128 131 133 133 132 132 136 137 140 144
98 96 96 98 98 94 94 91 85 84 86 86 86 87 91 94 96 102 103 102 103 106 112 116 122 119 114 113 109 104 100 98 97 99 102 101 101 99 97 96 93 91 91 93 94 95 96 96 99 101 104 103 105 105 104 105 108 112 111 115 117 120 121 124 127 133 142 151 152 147 149 150 144 140 137 136 137 134 136 135 132 131 133 135 133 134 136 140 144 146 147
106 102 95 91 91 90 89 86 86 86 87 86 86 88 88 90 92 96 98 102 110 108 113 116 124 125 115 109 107 105 104 101 101 101 105 103 102 99 98 96 93 92 94 94 93 93 95 97 96 99 101 102 104 100 102 105 108 110 110 113 116 119 123 125 129 137 143 158 164 160 153 156 155 146 140 138 138 136 139 138 135 135 137 137 135 136 142 146 152 152 153
104 99 96 93 90 89 89 87 87 88 88 87 88 89 88 87 90 93 96 101 112 119 123 123 122 120 118 116 112 111 106 104 104 105 107 105 103 99 99 97 95 95 95 93 92 93 94 94 96 98 99 99 98 101 103 104 107 109 111 114 115 118 118 122 126 136 143 154 178 200 187 162 161 151 145 143 141 141 143 141 138 140 141 139 135 137 141 147 154 155 155
100 95 94 91 90 92 88 92 91 89 90 89 90 89 88 89 91 92 93 99 104 119 135 116 117 115 125 124 119 116 111 107 107 107 108 105 102 103 102 97 99 99 98 97 92 94 94 96 97 97 97 98 103 101 102 106 108 109 110 111 111 112 115 119 125 131 134 144 175 181 203 174 161 154 151 149 146 143 145 149 143 144 145 141 141 139 138 141 145 150 152
94 93 93 94 96 94 91 96 94 91 91 89 90 88 88 91 91 91 93 97 100 107 114 110 109 113 120 144 130 117 112 109 116 114 107 102 103 106 102 102 102 99 100 99 94 96 94 95 96 95 96 96 99 98 102 106 107 108 107 107 110 112 117 119 123 127 135 143 155 161 160 156 160 152 148 149 149 149 149 150 149 148 149 144 143 143 144 144 144 147 153
97 97 101 102 98 96 93 96 93 97 95 90 90 89 91 91 94 93 93 95 100 102 104 105 105 112 117 127 132 126 119 116 116 116 110 105 106 106 102 105 103 100 103 102 98 99 98 98 96 96 97 96 97 98 100 102 104 105 107 108 110 112 116 118 121 124 131 138 146 149 146 143 144 142 140 142 145 150 152 155 157 156 155 151 148 147 148 148 147 148 153
103 100 106 104 102 97 97 99 95 99 94 92 89 90 90 92 92 93 94 96 99 98 98 101 108 120 122 120 122 135 127 124 122 117 111 109 108 108 108 106 104 102 105 104 100 97 101 102 99 95 98 97 99 97 97 99 103 107 109 109 112 113 115 117 121 124 129 136 143 159 141 134 135 137 136 138 138 143 148 154 161 167 166 160 157 154 150 150 150 151 153
106 108 113 111 103 96 102 104 100 98 95 93 90 91 91 94 94 94 95 95 96 97 99 104 110 118 116 120 122 136 132 130 124 120 116 112 111 111 110 108 108 103 106 105 102 99 102 104 98 96 99 102 100 100 99 103 104 105 108 109 110 113 117 119 121 122 126 134 147 201 143 130 133 133 131 131 135 138 143 150 166 196 184 173 165 159 157 154 152 150 153
108 114 115 112 102 104 104 106 104 100 97 94 91 91 92 92 93 94 96 95 94 95 97 101 105 107 108 116 120 126 132 135 126 120 116 114 115 116 113 114 110 108 111 108 106 102 102 101 97 97 96 98 101 102 101 101 103 105 108 111 111 113 114 116 117 119 122 131 140 156 136 127 128 131 129 131 133 135 139 143 156 181 205 208 184 170 164 161 157 156 155
111 116 114 108 104 110 111 105 102 99 98 95 92 92 92 91 93 93 95 95 95 95 97 100 101 103 106 107 113 123 139 142 129 127 135 120 118 122 116 112 111 113 114 111 105 102 104 102 98 98 97 96 101 101 103 104 104 104 104 104 107 109 112 113 113 115 117 124 131 131 127 124 124 128 127 129 135 136 136 139 144 153 180 253 223 192 173 168 163 160 159
115 114 117 117 111 111 107 104 103 100 96 92 93 95 94 92 91 93 95 97 95 96 97 98 101 103 103 105 110 118 130 145 134 133 155 127 125 126 120 115 115 115 113 111 104 107 106 100 98 98 98 98 98 102 105 108 107 105 107 107 106 108 108 109 112 114 115 119 124 123 120 121 123 125 128 130 134 136 136 138 141 146 167 245 243 197 184 177 170 168 165
113 112 111 111 106 109 107 108 104 100 96 93 94 95 96 97 95 91 93 97 98 97 98 99 98 100 101 106 108 113 128 165 150 144 166 140 131 126 124 123 119 115 112 108 109 111 104 99 98 98 102 100 99 102 104 108 108 108 110 111 110 111 110 114 113 114 115 117 118 120 123 134 128 125 127 129 130 132 138 143 145 151 159 207 240 235 203 190 183 178 172
110 107 108 106 103 105 103 102 100 99 95 94 95 97 97 98 98 93 96 96 98 99 99 98 98 98 101 103 106 109 118 121 127 159 182 155 134 132 140 129 119 114 113 112 109 105 104 108 103 100 101 100 99 98 100 104 109 109 110 112 112 114 114 112 117 118 117 118 121 123 132 166 141 127 125 130 130 136 145 148 148 152 159 169 186 246 270 214 196 193 180
109 108 104 101 101 101 100 97 94 94 95 97 98 101 99 101 99 96 95 98 98 101 102 99 98 98 100 102 104 108 112 115 121 153 183 154 141 139 140 147 134 119 113 112 111 110 107 108 105 104 101 103 101 99 101 104 108 107 107 108 109 112 115 116 117 117 118 121 124 128 135 151 148 132 127 129 133 137 139 142 147 151 155 162 169 195 257 232 211 208 193
107 106 107 108 103 97 96 95 93 95 97 100 99 101 101 103 101 98 96 96 99 102 105 103 100 99 100 101 103 109 116 118 122 141 179 154 144 140 136 134 144 123 121 118 113 114 109 104 105 103 103 104 103 102 100 103 105 104 105 109 112 112 113 113 113 116 120 120 122 126 131 138 141 132 129 128 130 133 136 139 143 148 152 155 160 169 196 261 252 230 221
115 111 111 108 107 103 103 96 97 97 97 100 100 101 104 105 104 99 101 98 99 102 106 106 103 102 102 100 102 106 121 126 127 140 186 163 143 135 129 127 123 117 116 113 113 112 110 105 103 102 104 105 107 104 102 103 104 103 106 110 109 110 109 111 112 114 117 118 121 125 130 137 140 135 132 133 129 132 135 138 141 145 150 152 156 161 169 207 263 245 255
113 108 106 106 104 104 100 95 98 95 95 96 99 100 100 103 105 102 103 99 101 104 106 107 104 104 101 102 103 106 115 127 128 139 173 181 147 138 132 127 122 118 114 112 110 109 108 106 105 102 101 105 109 107 105 106 106 105 105 107 107 110 110 113 116 117 119 121 123 124 129 138 155 141 141 137 133 131 133 137 141 142 145 150 153 156 161 168 202 219 241
