DEM/DEM23.asc
ncols 800
nrows 800
xllcenter 720150.000000
yllcenter 1280150.000000
cellsize 300.000000
nodata_value -9999
[rows 287 to 327 of 800, columns 364 to 454 of 800]
47 55 46 43 41 42 43 47 46 47 44 46 50 51 51 53 61 63 72 107 153 197 258 316 378 457 512 574 698 756 766 716 609 552 494 452 413 410 350 358 418 425 418 517 643 708 635 575 615 675 747 824 911 1042 1117 1127 1121 1067 1115 1194 1196 1096 1130 1188 1223 1180 1037 911 798 706 598 506 477 427 378 352 324 299 285 270 262 255 244 235 228 223 218 222 225 228 222
51 57 45 42 40 43 50 47 48 46 46 49 50 52 54 53 54 60 70 94 132 185 295 345 379 495 579 647 756 832 816 768 662 594 542 476 419 435 404 400 418 440 465 564 705 756 668 600 640 706 772 831 912 1029 1139 1204 1176 1171 1195 1221 1242 1205 1223 1279 1354 1306 1102 878 743 656 581 513 475 433 398 367 332 308 288 275 265 254 244 237 229 223 222 228 229 230 222
50 53 42 40 40 43 44 49 48 43 47 50 47 48 51 50 54 56 60 75 98 146 272 400 476 504 587 729 833 900 873 795 706 639 590 508 425 457 511 468 469 465 494 565 688 768 732 636 649 732 778 828 905 1023 1112 1207 1274 1287 1266 1277 1302 1321 1357 1405 1398 1281 1037 868 759 672 616 552 524 473 427 387 368 340 292 268 257 251 242 234 234 231 223 221 217 220 217
44 44 41 40 41 44 43 46 47 41 43 47 46 48 47 48 52 57 64 68 78 109 216 353 489 582 624 694 818 916 881 794 715 665 602 523 454 467 541 541 557 538 514 560 676 740 734 670 669 725 780 790 888 1020 1079 1161 1253 1308 1334 1343 1364 1416 1472 1506 1357 1136 1008 880 795 738 677 592 556 535 519 458 387 319 276 261 257 250 241 236 238 238 223 222 216 210 211
44 38 40 40 40 43 44 44 44 41 43 46 46 46 47 49 51 57 62 65 78 102 198 326 463 587 680 753 825 902 832 773 704 660 605 524 468 497 602 662 710 649 566 550 629 710 727 725 727 818 903 922 929 977 1031 1121 1185 1264 1372 1408 1428 1454 1425 1410 1289 1103 980 892 811 762 709 655 632 595 541 442 355 296 275 265 258 245 241 242 237 232 224 227 223 221 213
44 39 36 38 41 42 42 43 47 41 43 47 46 47 45 45 49 53 56 64 89 129 204 294 394 525 657 791 881 884 808 744 698 683 637 567 494 530 676 747 776 726 650 574 601 700 728 749 776 845 958 1045 1099 1087 1102 1111 1165 1248 1394 1494 1497 1433 1282 1201 1172 1070 989 900 851 839 797 752 708 607 510 425 352 303 283 276 261 250 248 248 240 232 228 229 231 232 229
43 38 39 41 39 39 41 41 43 37 42 44 45 51 43 43 48 51 53 59 75 113 223 326 431 551 666 789 903 853 794 744 729 719 631 597 539 527 672 819 777 773 721 606 591 689 752 791 812 868 956 1040 1170 1196 1192 1208 1250 1295 1421 1531 1555 1387 1201 1085 1068 971 944 920 888 915 872 797 686 568 488 452 361 299 288 280 269 260 253 245 238 237 234 232 240 233 228
40 38 39 40 38 39 41 42 42 36 41 42 45 42 42 44 47 48 51 58 65 90 211 348 480 602 695 799 907 845 776 720 756 736 661 613 558 571 639 768 786 792 733 654 607 671 795 793 787 848 950 1039 1146 1258 1282 1305 1347 1364 1461 1570 1491 1309 1235 1113 999 935 866 837 801 786 794 690 590 558 470 417 352 311 296 282 269 261 252 245 249 247 234 235 244 240 234
37 38 38 39 39 41 38 42 44 38 41 46 42 41 43 44 46 48 49 54 66 89 193 338 482 606 705 788 904 860 772 751 747 743 682 676 595 639 693 732 799 781 698 652 662 677 744 742 764 853 972 1046 1123 1164 1184 1290 1407 1463 1458 1446 1397 1247 1133 1109 1010 944 877 769 745 677 663 614 542 489 460 401 343 321 308 283 272 263 255 247 251 241 233 238 255 244 236
36 39 36 39 36 41 40 40 42 40 40 45 40 39 40 43 45 46 50 51 61 88 166 320 464 595 688 778 876 854 782 771 779 750 703 696 613 633 728 798 810 761 690 658 660 661 692 711 773 850 937 1025 1073 1055 1090 1218 1357 1486 1342 1273 1304 1215 1068 1021 956 873 852 786 703 666 577 542 512 464 418 385 354 328 310 292 275 265 259 250 258 250 232 234 263 250 242
39 36 36 36 37 39 45 40 39 40 41 41 39 38 40 42 44 46 48 56 62 81 148 293 463 594 664 764 824 802 756 754 814 789 733 711 645 640 726 814 782 714 665 669 675 669 679 713 755 816 886 947 972 1064 1165 1223 1296 1411 1366 1195 1138 1106 1042 987 906 800 745 742 701 685 607 520 483 445 413 380 354 331 313 294 278 269 259 256 269 256 229 229 250 262 254
37 37 36 36 38 38 43 43 41 39 40 40 38 38 39 39 44 45 48 57 57 74 145 266 410 576 615 712 753 724 704 738 782 814 760 724 683 669 764 869 791 716 664 653 673 665 681 718 739 803 842 882 970 1116 1236 1306 1400 1465 1342 1197 1068 1002 981 930 902 861 775 685 638 611 574 534 502 458 434 397 348 328 324 330 282 276 260 262 251 241 225 226 237 254 271
35 36 35 40 38 34 40 44 39 40 41 39 38 37 41 40 43 44 48 50 57 74 136 251 389 530 577 666 690 658 661 699 731 795 793 751 720 750 765 879 823 772 672 648 654 660 690 725 749 787 814 852 944 1034 1113 1199 1347 1402 1290 1180 1079 966 886 845 836 799 794 761 699 651 586 531 497 456 417 384 343 319 292 288 273 250 248 247 246 244 224 223 227 252 263
36 38 36 36 35 35 37 38 38 39 38 40 38 38 38 41 40 43 53 54 53 75 134 222 341 479 561 628 626 561 589 612 636 709 757 805 795 793 819 861 808 737 684 645 644 656 679 711 737 756 749 784 846 902 969 1073 1226 1383 1278 1202 1116 998 884 795 754 718 726 684 667 642 624 572 523 459 411 382 351 325 303 278 268 261 249 240 234 232 226 221 221 236 249
35 36 36 40 36 37 37 36 37 37 39 38 38 38 39 40 40 43 45 44 52 79 130 196 293 447 483 535 525 485 517 518 568 611 692 791 823 845 847 850 869 774 710 644 626 643 668 690 710 704 692 759 835 940 976 1099 1244 1329 1215 1110 1035 958 897 826 756 699 661 622 572 564 562 519 527 470 389 362 344 321 299 286 265 257 247 243 237 235 225 223 218 223 226
34 35 36 38 34 34 36 38 37 36 41 39 37 43 39 39 44 41 50 67 65 67 127 159 224 332 431 425 434 421 452 472 527 555 647 773 811 804 851 814 812 766 710 660 639 632 650 667 678 663 660 731 811 931 1020 1125 1261 1300 1187 1129 1092 1021 925 792 720 701 656 600 561 518 492 455 439 415 369 348 329 312 292 275 264 257 249 250 246 230 223 220 217 217 219
35 33 35 35 35 35 34 36 37 37 38 39 36 42 37 39 37 40 45 53 67 125 144 103 126 260 361 333 334 375 381 430 486 524 629 720 702 697 748 780 808 789 731 688 643 615 631 642 642 619 628 680 784 874 967 1052 1123 1203 1187 1150 1108 1000 870 753 635 625 593 587 536 521 485 457 419 389 360 340 320 298 303 274 261 254 249 241 235 230 225 220 217 214 212
38 35 36 35 34 34 36 37 38 33 36 36 36 37 35 38 36 42 55 59 77 167 133 70 94 220 297 251 260 328 324 393 465 487 570 664 647 632 693 682 752 773 739 669 622 603 607 629 614 574 574 602 712 789 824 921 1073 1203 1178 1078 1022 965 801 690 574 534 512 539 483 456 464 445 410 371 346 334 319 326 329 309 258 250 246 242 234 228 224 218 218 212 210
35 38 35 35 34 34 35 35 37 33 33 33 35 36 37 35 39 48 50 60 108 211 140 69 70 136 196 196 238 301 280 334 415 416 496 624 593 598 619 636 725 785 744 665 628 614 603 619 599 538 529 558 620 710 853 995 1123 1192 1168 1049 936 880 783 677 557 492 464 478 458 403 409 390 387 382 338 315 303 323 291 276 253 247 247 238 237 231 236 230 220 219 209
36 34 35 36 34 35 36 39 37 32 37 33 33 34 35 33 40 44 42 51 108 237 151 69 66 96 162 256 296 294 239 266 321 366 428 500 529 558 596 628 698 767 693 645 625 614 607 604 581 533 496 527 628 743 852 969 1087 1138 1130 1019 900 787 699 596 522 476 419 426 457 396 380 359 328 328 335 306 298 327 294 267 259 253 284 258 232 230 227 226 223 218 217
35 35 36 35 34 35 34 36 37 32 35 35 35 34 34 35 36 40 44 52 82 192 171 73 62 86 197 310 302 246 221 221 258 311 343 369 465 585 649 706 700 770 704 655 639 621 622 664 577 488 466 485 548 670 768 868 975 1052 1047 958 847 727 594 514 450 417 381 430 474 385 350 376 366 323 298 298 295 309 320 290 285 276 290 296 270 228 224 220 217 214 215
41 36 36 43 38 34 34 34 31 31 31 33 33 33 34 32 33 36 43 61 73 162 164 71 61 77 181 256 265 204 200 217 285 329 392 412 443 539 632 741 762 805 744 684 638 622 646 686 604 447 431 441 495 574 673 787 907 1007 974 885 800 657 545 454 394 361 351 437 460 378 322 338 314 334 298 272 278 270 284 297 287 273 248 244 260 236 224 227 222 214 218
36 33 34 37 33 33 32 34 34 31 32 33 32 33 31 31 35 38 42 52 63 166 137 62 60 71 128 177 187 150 141 179 234 274 327 423 498 521 590 688 705 837 850 737 657 640 616 599 572 448 400 400 431 470 570 721 845 940 867 776 706 557 457 430 354 314 316 371 368 367 302 284 278 274 269 258 229 260 274 292 288 267 243 232 237 230 219 225 233 217 212
34 33 33 31 31 34 33 33 32 33 34 34 32 32 31 36 36 35 40 44 52 103 94 58 67 70 81 99 114 136 145 177 206 229 290 394 455 494 513 578 623 728 827 723 614 604 564 530 511 415 375 363 365 402 490 633 778 856 750 639 561 474 399 356 315 300 296 326 275 304 301 280 265 248 240 204 223 242 273 287 254 248 267 243 233 227 221 222 226 211 211
36 41 37 35 33 31 34 33 33 34 36 32 32 30 31 33 35 36 37 44 54 61 68 57 60 65 86 125 154 198 164 171 201 231 277 372 394 415 462 503 555 650 765 698 614 562 549 517 463 408 376 348 332 347 408 552 710 732 619 518 466 412 347 323 290 283 280 296 260 251 254 262 264 245 214 169 230 237 237 238 232 249 267 245 235 230 216 220 213 211 212
47 45 39 35 34 32 31 33 33 32 35 33 31 30 31 32 34 36 38 44 53 60 58 52 53 63 75 123 241 288 240 196 233 261 290 326 365 448 526 595 628 650 711 652 602 540 530 529 522 440 406 372 343 326 364 479 593 570 488 438 394 349 302 286 266 271 254 258 254 246 237 251 234 236 201 156 214 219 231 235 234 242 256 248 230 221 213 217 213 219 212
46 42 45 33 32 34 34 33 30 31 32 31 32 33 32 31 34 37 43 42 49 54 50 48 53 65 67 117 286 358 316 254 253 317 376 371 393 446 510 573 672 689 706 656 590 544 575 610 599 478 470 437 361 300 342 421 487 465 412 371 339 310 305 314 285 250 258 245 222 215 181 174 141 154 141 158 133 191 243 253 228 237 227 249 228 224 215 222 216 221 214
43 40 39 36 38 33 33 34 34 29 32 31 32 32 31 33 37 35 40 40 43 42 44 50 56 58 60 93 230 383 390 317 276 335 431 473 454 473 547 641 756 776 739 667 617 576 614 671 638 519 541 534 393 293 304 368 433 402 382 348 323 347 405 378 282 242 265 246 251 225 205 195 205 148 109 124 152 194 235 250 230 224 221 229 225 220 216 241 222 223 220
65 44 38 34 37 34 31 33 33 31 29 33 36 35 30 31 34 34 34 38 39 42 44 49 52 50 60 72 152 329 443 395 326 364 458 578 537 562 593 674 833 843 761 710 654 628 639 689 620 552 568 610 495 335 279 343 354 382 417 381 367 407 441 346 275 230 210 220 238 210 203 230 226 132 94 148 226 235 232 236 228 238 230 230 222 222 220 231 228 223 221
59 55 48 39 45 48 42 34 31 32 30 32 32 33 34 31 31 34 34 37 38 41 43 46 50 52 59 67 120 218 356 430 387 419 510 597 614 659 649 708 878 884 800 807 753 681 660 633 603 583 600 602 522 360 290 303 275 282 394 435 452 441 363 315 264 267 221 164 175 173 146 191 204 107 114 184 228 237 230 245 249 235 230 227 225 219 221 226 226 213 214
66 74 55 45 50 48 34 34 32 31 31 29 31 29 29 30 31 35 37 36 38 42 44 48 51 56 61 69 93 155 266 416 427 456 527 609 673 722 722 792 897 890 867 895 812 727 689 674 685 636 646 666 566 401 317 268 242 217 272 443 530 443 327 259 212 227 214 193 142 110 112 180 185 134 99 146 204 233 232 236 234 225 222 223 222 220 223 236 227 218 217
64 60 54 43 43 38 37 41 38 33 38 34 30 28 31 32 32 34 36 38 37 40 40 46 52 59 65 68 78 117 207 358 397 410 457 492 554 610 665 742 794 806 921 971 886 797 734 730 748 699 725 740 588 455 371 301 263 230 206 308 430 357 243 198 152 169 123 122 151 105 88 102 161 112 89 137 203 238 219 213 218 231 226 226 217 217 224 237 232 221 220
54 45 44 42 40 40 40 40 35 35 36 35 32 27 31 32 32 34 35 37 36 37 43 51 59 63 72 81 91 105 162 251 330 348 388 404 450 471 543 631 667 740 877 1025 910 841 812 782 818 798 729 645 501 430 388 329 279 240 192 186 303 352 252 160 120 112 81 75 108 79 76 105 139 87 85 126 181 211 219 215 195 211 222 218 201 215 234 243 236 227 220
57 50 49 54 54 43 38 38 53 50 34 31 31 28 29 31 31 34 32 35 35 36 49 57 55 57 73 84 96 120 145 205 249 262 299 353 375 413 499 529 614 718 822 985 944 929 881 840 894 794 632 580 562 548 444 333 273 236 194 159 182 290 222 148 98 79 66 69 82 66 83 114 112 68 76 120 123 173 173 175 176 201 218 197 173 211 236 259 262 229 227
66 66 58 62 59 47 47 47 43 45 34 30 30 31 27 30 33 34 33 33 34 43 53 48 48 56 66 74 87 116 144 186 218 231 271 313 377 427 480 523 584 686 794 936 1014 1001 957 895 966 771 695 736 715 565 437 344 274 235 191 157 133 195 147 115 85 70 64 57 58 60 67 73 71 64 73 88 87 92 104 118 145 192 194 151 149 187 235 243 269 228 230
58 62 51 55 59 57 61 57 44 37 35 34 42 30 28 27 27 32 33 32 34 40 47 43 49 55 62 69 81 93 127 232 303 308 327 358 420 487 559 611 631 710 805 902 1037 1031 956 899 959 867 837 859 711 543 465 405 308 243 185 151 119 109 80 78 85 62 56 53 57 57 57 63 62 61 60 67 76 109 134 181 167 190 163 150 132 211 222 226 264 235 234
55 51 43 45 48 51 66 69 41 37 38 29 29 29 31 28 25 27 27 30 34 37 39 45 48 53 61 66 73 80 98 190 274 345 404 447 471 558 640 710 753 811 883 955 943 911 882 903 1010 970 908 847 739 659 592 437 274 246 172 136 109 89 74 71 65 60 57 52 53 53 59 57 58 57 60 66 76 119 178 188 156 118 129 139 108 194 227 228 252 233 234
48 45 42 42 42 44 49 48 43 45 45 34 27 26 28 27 27 31 31 32 36 39 41 42 47 50 57 61 65 68 72 148 246 319 436 525 560 623 695 733 783 828 858 852 840 851 875 922 1008 968 950 913 828 714 619 389 241 227 181 125 94 84 73 66 61 58 54 52 53 55 60 58 58 64 67 94 104 118 182 198 131 104 107 117 98 156 237 234 248 243 237
45 48 43 40 43 38 41 46 49 40 42 38 35 29 27 26 28 30 34 34 37 40 41 40 43 47 52 55 58 59 62 121 225 313 402 459 485 572 606 650 687 727 753 777 844 864 869 942 1008 945 941 941 861 712 596 379 252 201 154 119 86 69 66 67 55 61 53 52 51 50 56 52 52 58 80 126 145 151 188 213 138 107 84 90 94 135 208 257 243 250 268
46 43 45 42 41 44 33 39 53 35 36 35 33 28 27 29 30 31 32 33 34 36 37 40 41 45 47 50 51 52 57 104 215 319 365 405 443 494 536 573 610 651 688 742 802 828 881 965 1030 980 903 910 896 762 635 393 270 220 155 114 86 68 58 58 62 49 51 49 47 50 52 48 50 47 75 140 172 194 205 227 153 92 78 81 111 168 182 248 250 221 257
51 43 41 43 41 37 34 35 40 36 32 28 26 28 26 27 29 30 31 33 34 35 36 37 40 40 42 45 50 48 45 108 229 308 352 400 471 539 585 627 673 698 740 783 782 772 863 948 1030 1005 907 885 806 656 542 437 315 246 176 132 100 74 60 53 53 52 46 47 44 49 46 49 47 46 55 85 97 160 240 249 156 104 72 76 109 165 235 302 281 189 211
