DEM/DEM26.asc
ncols 800
nrows 800
xllcenter 240150.000000
yllcenter 1040150.000000
cellsize 300.000000
nodata_value -9999
[rows 748 to 781 of 800, columns 616 to 692 of 800]
-9999 -9999 -9999 -9999 -9999 -9999 -9999 -9999 -9999 -9999 -9999 -9999 -9999 -9999 -9999 -9999 -9999 -9999 -9999 -9999 -9999 -9999 -9999 -9999 -9999 -9999 -9999 -9999 -9999 -9999 -9999 -9999 -9999 -9999 -9999 -9999 -9999 -9999 -9999 -9999 -9999 -9999 -9999 -9999 -9999 -9999 -9999 -9999 3 13 55 36 14 8 23 -9999 -9999 -9999 -9999 -9999 -9999 -9999 -9999 -9999 -9999 -9999 -9999 -9999 4 6 5 5 5 5 4 6 23
-9999 -9999 -9999 -9999 -9999 -9999 -9999 -9999 -9999 -9999 -9999 -9999 -9999 -9999 -9999 -9999 -9999 -9999 -9999 -9999 -9999 -9999 -9999 -9999 -9999 -9999 -9999 -9999 -9999 -9999 -9999 -9999 -9999 -9999 -9999 -9999 -9999 -9999 -9999 -9999 -9999 -9999 -9999 -9999 -9999 -9999 -9999 -9999 9 21 86 45 20 6 9 6 5 7 0 5 5 5 8 -9999 -9999 4 1 5 4 3 5 5 5 5 5 6 16
-9999 -9999 -9999 -9999 -9999 -9999 -9999 -9999 -9999 -9999 -9999 -9999 -9999 -9999 -9999 -9999 -9999 -9999 -9999 -9999 -9999 -9999 -9999 -9999 -9999 -9999 -9999 -9999 -9999 -9999 -9999 -9999 -9999 -9999 -9999 -9999 -9999 -9999 -9999 -9999 -9999 -9999 -9999 -9999 -9999 -9999 -9999 -9999 11 48 43 19 14 6 7 6 3 1 6 5 4 4 8 -9999 -9999 6 4 5 5 6 4 4 5 5 5 9 15
-9999 -9999 -9999 -9999 -9999 -9999 -9999 -9999 -9999 -9999 -9999 -9999 -9999 -9999 -9999 -9999 -9999 -9999 -9999 -9999 -9999 -9999 -9999 -9999 -9999 -9999 -9999 -9999 -9999 -9999 -9999 -9999 -9999 -9999 -9999 -9999 -9999 -9999 -9999 -9999 -9999 -9999 -9999 -9999 -9999 -9999 -9999 -9999 13 41 30 5 6 6 6 6 6 6 1 4 4 4 6 8 0 7 5 5 5 5 6 6 5 6 34 40 46
-9999 -9999 -9999 -9999 -9999 -9999 -9999 -9999 -9999 -9999 -9999 -9999 -9999 -9999 -9999 -9999 -9999 -9999 -9999 -9999 -9999 -9999 -9999 -9999 -9999 -9999 -9999 -9999 -9999 -9999 -9999 -9999 -9999 -9999 -9999 -9999 -9999 -9999 -9999 -9999 -9999 -9999 -9999 -9999 -9999 -9999 -9999 -9999 9 25 37 7 14 35 13 14 21 7 16 0 0 4 4 2 3 0 0 6 6 5 5 5 4 11 89 142 118
-9999 -9999 -9999 -9999 -9999 -9999 -9999 -9999 -9999 -9999 -9999 -9999 -9999 -9999 -9999 -9999 -9999 -9999 -9999 -9999 -9999 -9999 -9999 -9999 -9999 -9999 -9999 -9999 -9999 -9999 -9999 -9999 -9999 -9999 -9999 -9999 -9999 -9999 -9999 -9999 -9999 -9999 -9999 -9999 -9999 -9999 -9999 -9999 8 39 29 27 67 92 99 110 83 6 5 -2 3 6 6 4 4 2 0 5 5 5 5 4 4 8 52 128 92
-9999 -9999 -9999 -9999 -9999 -9999 -9999 -9999 -9999 -9999 -9999 -9999 -9999 -9999 -9999 -9999 -9999 -9999 -9999 -9999 -9999 -9999 -9999 -9999 -9999 -9999 -9999 -9999 -9999 -9999 -9999 -9999 -9999 -9999 -9999 -9999 -9999 -9999 -9999 -9999 -9999 -9999 -9999 -9999 -9999 3 0 10 9 33 62 74 131 119 105 139 53 7 6 1 6 6 6 -9999 -9999 4 5 5 5 5 6 6 6 12 69 117 59
-9999 -9999 -9999 -9999 -9999 -9999 -9999 -9999 -9999 -9999 -9999 -9999 -9999 -9999 -9999 -9999 -9999 -9999 -9999 -9999 -9999 -9999 -9999 -9999 -9999 -9999 -9999 -9999 -9999 -9999 -9999 -9999 -9999 -9999 -9999 -9999 -9999 -9999 -9999 -9999 -9999 -9999 -9999 -9999 -9999 7 1 8 7 8 25 98 131 45 35 62 12 6 6 4 4 6 6 -9999 -9999 6 4 5 5 6 5 6 14 40 88 93 28
-9999 -9999 -9999 -9999 -9999 -9999 -9999 -9999 -9999 -9999 -9999 -9999 -9999 -9999 -9999 -9999 -9999 -9999 -9999 -9999 -9999 -9999 -9999 -9999 -9999 -9999 -9999 -9999 -9999 -9999 -9999 -9999 -9999 -9999 -9999 -9999 -9999 -9999 -9999 -9999 -9999 -9999 -9999 -9999 -9999 5 8 8 7 9 36 117 50 16 7 8 6 7 4 4 2 5 5 7 10 7 5 5 6 5 5 6 9 13 31 74 45
-9999 -9999 -9999 -9999 -9999 -9999 -9999 -9999 -9999 -9999 -9999 -9999 -9999 -9999 -9999 -9999 -9999 -9999 -9999 -9999 -9999 -9999 -9999 -9999 -9999 -9999 -9999 -9999 -9999 -9999 -9999 -9999 -9999 -9999 -9999 -9999 -9999 -9999 -9999 -9999 -9999 -9999 -9999 -9999 -9999 9 12 8 8 11 26 96 42 32 6 6 6 7 10 5 0 5 6 6 7 12 4 5 5 4 5 5 6 5 19 41 15
-9999 -9999 -9999 -9999 -9999 -9999 -9999 -9999 -9999 -9999 -9999 -9999 -9999 -9999 -9999 -9999 -9999 -9999 -9999 -9999 -9999 -9999 -9999 -9999 -9999 -9999 -9999 -9999 -9999 -9999 -9999 -9999 -9999 -9999 -9999 -9999 -9999 -9999 -9999 -9999 -9999 -9999 -9999 -9999 -9999 8 6 42 71 24 70 132 135 99 25 14 6 6 7 6 4 4 5 6 7 8 5 5 5 6 5 4 6 20 12 7 3
-9999 -9999 -9999 -9999 -9999 -9999 -9999 -9999 -9999 -9999 -9999 -9999 -9999 -9999 -9999 -9999 -9999 -9999 -9999 -9999 -9999 -9999 -9999 -9999 -9999 -9999 -9999 -9999 -9999 -9999 -9999 -9999 -9999 -9999 -9999 -9999 -9999 -9999 -9999 -9999 -9999 -9999 -9999 2 14 8 8 81 159 74 144 199 161 65 14 12 18 13 9 6 5 5 5 5 6 7 6 -4 5 4 5 5 12 22 6 5 6
-9999 -9999 -9999 -9999 -9999 -9999 -9999 -9999 -9999 -9999 -9999 -9999 -9999 -9999 -9999 -9999 -9999 -9999 -9999 -9999 -9999 -9999 -9999 -9999 -9999 -9999 -9999 -9999 -9999 -9999 -9999 -9999 -9999 -9999 -9999 -9999 -9999 -9999 -9999 -9999 -9999 -9999 -9999 10 4 13 65 160 211 142 214 199 114 56 7 5 11 19 10 9 8 5 5 6 6 7 9 4 6 5 8 16 9 9 5 0 6
-9999 -9999 -9999 -9999 -9999 -9999 -9999 -9999 -9999 -9999 -9999 -9999 -9999 5 7 0 -9999 -9999 -9999 -9999 -9999 -9999 -9999 -9999 -9999 -9999 -9999 -9999 -9999 -9999 -9999 -9999 -9999 -9999 -9999 -9999 -9999 -9999 -9999 -9999 -9999 -9999 -9999 4 5 15 99 157 182 175 197 183 120 35 30 7 5 9 9 7 5 5 5 6 6 8 11 2 2 4 18 18 6 7 7 6 6
-9999 -9999 -9999 -9999 -9999 -9999 -9999 -9999 -9999 -9999 -9999 -9999 -9999 24 18 -2 -9999 -9999 -9999 -9999 -9999 -9999 -9999 -9999 -9999 -9999 -9999 -9999 -9999 -9999 -9999 -9999 -9999 -9999 -9999 -9999 -9999 -9999 -9999 -9999 -9999 -9999 -9999 0 5 13 73 138 153 175 135 125 121 68 88 33 7 8 8 6 5 5 5 7 6 10 7 5 6 37 25 7 6 6 7 6 11
-9999 -9999 -9999 -9999 -9999 -9999 -9999 -9999 -9999 -9999 -9999 -9999 -9999 26 11 5 -9999 -9999 -9999 -9999 -9999 -9999 -9999 -9999 -9999 -9999 -9999 -9999 -9999 -9999 -9999 -9999 -9999 -9999 -9999 -9999 -9999 -9999 -9999 -9999 -9999 -9999 -9999 1 8 30 131 190 189 232 133 40 56 116 172 85 12 9 7 6 3 5 6 6 5 6 3 5 14 55 20 6 6 7 7 9 16
-9999 -9999 -9999 -9999 -9999 -9999 -9999 -9999 -9999 -9999 -9999 60 49 12 -1 2 2 -2 -9999 -9999 -9999 -9999 -9999 -9999 -9999 -9999 -9999 -9999 -9999 -9999 -9999 -9999 -9999 -9999 -9999 -9999 -9999 -9999 -9999 -9999 1 3 -8 5 10 22 74 86 116 160 63 29 24 73 105 34 16 9 7 6 5 6 7 6 6 8 5 5 33 23 15 6 8 6 6 11 36
-9999 -9999 -9999 -9999 -9999 -9999 -9999 -9999 -9999 -9999 -9999 105 39 18 8 4 -2 0 -9999 -9999 -9999 -9999 -9999 -9999 -9999 -9999 -9999 -9999 -9999 -9999 -9999 -9999 -9999 -9999 -9999 -9999 -9999 -9999 -9999 -9999 2 2 -4 5 10 10 11 12 28 75 35 8 12 19 17 7 5 8 6 3 5 7 7 7 1 5 5 6 9 23 10 8 9 8 8 19 72
-9999 -9999 -9999 -9999 -9999 -9999 -9999 -9999 6 31 114 126 28 16 5 8 -9999 -9999 -9999 -9999 -9999 -9999 -9999 -9999 -9999 -9999 -9999 -9999 -9999 -9999 -9999 -9999 -9999 -9999 -9999 -9999 -9999 -9999 -9999 -9999 8 5 1 0 7 8 9 10 17 62 33 8 6 6 5 5 6 7 6 5 5 4 7 7 6 6 5 4 10 47 23 11 17 17 23 40 101
-9999 -9999 -9999 -9999 -9999 -9999 -9999 -9999 43 135 214 171 44 -5 3 3 -9999 -9999 -9999 -9999 -9999 -9999 -9999 -9999 -9999 -9999 -9999 -9999 -9999 -9999 -9999 -9999 -9999 -9999 -9999 -9999 -9999 -9999 -9999 -9999 5 3 13 0 6 7 9 11 41 100 75 12 5 6 4 7 6 11 6 6 6 6 7 6 9 5 6 5 6 41 47 29 22 29 64 138 213
-9999 -9999 -9999 -9999 -9999 -9999 -9999 -9999 91 188 264 164 56 6 10 0 -9999 -9999 -9999 -9999 -9999 -9999 -9999 -9999 -9999 -9999 -9999 -9999 -9999 -9999 -9999 -9999 -9999 -9999 -9999 -9999 -9999 -9999 -9999 -9999 8 5 4 9 8 9 8 17 122 163 83 8 5 16 11 7 4 4 6 7 5 7 7 6 7 5 5 5 9 56 45 25 25 58 135 166 292
-9999 -9999 -9999 -9999 -9999 -9999 11 15 87 156 138 53 17 15 5 3 -9999 -9999 -9999 -9999 41 11 18 -9999 -9999 -9999 -9999 -9999 -9999 -9999 -9999 -9999 -9999 -9999 -9999 -9999 -9999 -9999 -9999 -9999 -9999 -9999 -9999 5 10 10 10 14 125 136 60 8 18 30 7 6 6 7 6 8 5 6 6 5 6 5 5 5 10 46 21 22 58 127 205 285 375
-9999 -9999 -9999 -9999 -9999 -9999 21 24 51 40 23 17 17 7 6 3 -9999 -9999 -9999 -9999 34 46 81 -9999 -9999 -9999 -9999 -9999 -9999 -9999 -9999 -9999 -9999 -9999 -9999 -9999 -9999 -9999 -9999 -9999 -9999 -9999 -9999 7 9 10 11 14 70 125 38 21 73 36 4 5 8 7 6 9 6 6 7 6 6 6 6 6 11 14 14 39 131 200 280 393 474
-9999 -9999 -9999 -9999 -9999 -9999 25 87 123 46 8 12 7 5 4 4 -9999 -9999 6 8 57 159 182 137 67 -9999 -9999 -9999 -9999 -9999 -9999 -9999 -9999 -9999 -9999 -9999 -9999 -9999 -9999 -9999 5 11 -1 0 9 11 12 12 44 125 55 62 119 22 6 -2 7 6 7 8 6 7 6 6 6 5 5 18 20 10 18 59 136 216 347 461 486
-9999 -9999 -9999 -9999 -9999 -9999 94 163 123 32 25 11 5 -3 3 2 -9999 -9999 0 0 21 120 151 59 14 -9999 -9999 -9999 -9999 -9999 -9999 -9999 -9999 -9999 -9999 -9999 -9999 -9999 -9999 -9999 4 -1 -1 6 9 11 12 11 39 143 128 129 92 38 36 7 6 6 5 6 3 8 7 6 5 6 8 17 13 22 40 105 189 265 394 489 472
-9999 -9999 -9999 2 3 15 143 170 140 64 18 8 2 -9999 -9999 -9999 -9999 -9999 1 7 11 12 30 43 14 10 -15 3 -9999 -9999 -9999 -9999 -9999 -9999 -9999 -9999 -9999 -9999 -9999 -9999 1 5 5 12 10 9 10 32 111 190 201 148 59 15 12 7 7 6 6 6 6 6 7 6 6 7 6 9 16 29 57 180 227 301 429 498 405
-9999 -9999 -9999 2 7 24 136 97 59 16 -4 -2 5 -9999 -9999 -9999 -9999 -9999 -2 1 9 12 19 15 12 8 4 -3 -9999 -9999 -9999 -9999 -9999 -9999 -9999 -9999 -9999 -9999 -9999 -9999 8 8 -2 10 9 11 12 40 152 230 187 134 100 26 14 10 8 5 4 6 6 10 7 6 6 6 7 9 15 30 74 202 305 365 452 482 420
-9999 -9999 -9999 5 7 67 101 43 2 1 6 0 3 -9999 -9999 -9999 -9999 -9999 5 4 5 9 14 5 0 3 6 5 -9999 -9999 -9999 -9999 -9999 -9999 -9999 -9999 -9999 -9999 -9999 -9999 3 5 1 11 10 11 12 31 113 164 186 205 152 50 14 7 8 3 5 6 5 5 8 8 6 7 8 13 20 36 103 225 344 409 416 340 339
-9999 -9999 -9999 11 1 23 20 0 4 4 4 4 2 -9999 -9999 -9999 -9999 -9999 -9999 -9999 5 7 7 0 -1 -9999 -9999 -9999 -9999 -9999 -9999 -9999 -9999 -9999 -9999 -9999 -9999 -9999 -9999 -9999 6 16 6 10 12 10 22 24 98 110 95 174 150 43 7 5 6 5 6 4 5 6 8 7 7 7 10 12 24 83 187 268 363 400 299 258 214
-9999 -9999 -9999 2 1 2 0 7 0 4 6 5 5 -9999 -9999 -9999 -9999 -9999 -9999 -9999 1 3 3 1 -5 -9999 -9999 -9999 -9999 -9999 -9999 -9999 -9999 -9999 -9999 -9999 -9999 -9999 -9999 -9999 6 7 1 12 11 16 36 51 133 70 34 103 97 87 42 9 6 6 4 5 6 7 7 6 7 8 8 11 59 152 250 321 336 295 226 191 116
-9999 -9999 -9999 -9999 -9999 -9999 7 0 2 5 6 -9999 -9999 -9999 -9999 -9999 -9999 -9999 -9999 -9999 -9999 -9999 -9999 -9999 -9999 -9999 -9999 -9999 -9999 -9999 -9999 -9999 -9999 -9999 -9999 -9999 -9999 -9999 -9999 -9999 3 12 6 12 10 10 12 52 143 69 23 38 19 23 10 6 6 6 6 5 6 7 7 6 6 9 9 10 54 136 160 206 206 149 166 114 64
-9999 -9999 -9999 -9999 -9999 -9999 2 1 4 9 3 -9999 -9999 -9999 -9999 -9999 -9999 -9999 -9999 -9999 -9999 -9999 -9999 -9999 -9999 -9999 -9999 -9999 -9999 -9999 -9999 -9999 -9999 -9999 -9999 -9999 -9999 -9999 -9999 -9999 7 5 8 10 11 54 57 66 157 119 43 17 9 12 7 6 5 6 5 6 5 7 8 7 6 13 8 8 18 35 37 79 76 63 102 72 56
-9999 -9999 -9999 -9999 -9999 -9999 4 3 1 -2 -3 -9999 -9999 -9999 -9999 -9999 -9999 -9999 -9999 -9999 -9999 -9999 -9999 -9999 -9999 -9999 -9999 -9999 -9999 -9999 -9999 -9999 -9999 -9999 -9999 -9999 -9999 -9999 -9999 -9999 8 -5 5 10 51 133 141 80 159 119 75 17 13 14 11 9 6 7 5 6 14 23 7 7 19 27 7 10 20 43 59 54 46 71 78 54 87
-9999 -9999 -9999 11 26 3 -9999 -9999 -9999 -9999 -9999 -9999 -9999 -9999 -9999 -9999 -9999 -9999 -9999 -9999 -9999 -9999 -9999 -9999 -9999 -9999 -9999 -9999 -9999 -9999 -9999 -9999 -9999 -9999 -9999 -9999 -9999 -9999 -9999 -9999 0 -4 7 35 126 206 177 96 113 60 99 32 10 6 8 7 6 6 6 6 28 16 8 9 29 22 12 11 43 116 182 133 84 143 124 87 156
