DEM/DEM22.asc
ncols 800
nrows 800
xllcenter 480150.000000
yllcenter 1280150.000000
cellsize 300.000000
nodata_value -9999
[rows 370 to 406 of 800, columns 255 to 339 of 800]
439 508 523 476 452 376 298 288 286 317 323 306 318 325 320 333 341 373 395 341 364 351 381 345 330 390 330 239 165 152 151 213 258 179 143 142 136 134 130 124 120 117 113 107 101 102 132 215 218 185 164 133 139 109 104 112 109 106 132 136 190 258 221 166 187 256 161 115 102 98 94 88 84 84 76 73 73 66 64 63 60 58 58 56 56
407 514 531 490 470 469 327 280 274 277 288 292 301 317 351 394 398 399 400 337 346 346 375 356 367 465 395 294 182 154 167 211 257 205 157 148 141 180 170 134 128 118 112 107 102 103 139 243 240 177 145 135 137 112 107 118 133 114 117 127 151 254 261 187 167 264 239 135 104 98 90 87 83 79 77 73 70 68 65 63 60 60 59 57 54
389 496 532 505 473 446 342 281 266 265 272 305 338 366 384 409 387 398 390 328 296 297 319 371 374 428 373 262 185 161 193 231 279 201 166 155 146 173 216 154 132 120 117 111 103 105 144 256 215 176 179 148 126 116 117 118 150 131 118 128 160 252 254 191 182 211 286 178 111 101 95 89 86 80 75 72 70 69 66 64 62 60 58 58 56
393 467 499 497 482 423 319 273 263 262 266 276 298 314 319 329 360 398 419 380 282 244 263 330 278 315 304 285 194 180 208 279 269 220 196 191 175 164 214 162 136 128 121 113 105 108 131 254 263 187 201 186 148 132 124 122 129 129 122 132 151 216 290 281 210 195 252 233 134 108 103 96 90 84 79 75 73 69 66 63 64 61 61 60 59
388 441 502 476 476 419 306 275 260 257 262 265 270 278 324 370 427 485 481 415 348 271 233 260 227 235 210 198 180 218 267 373 318 296 269 251 208 167 158 172 209 145 119 112 108 111 121 210 256 202 202 225 182 171 129 129 134 137 128 138 151 187 288 318 207 190 215 234 158 119 109 101 95 87 82 77 73 70 69 67 66 63 63 63 59
379 430 499 469 452 416 327 282 262 254 252 254 261 278 326 376 388 426 487 445 361 306 236 217 210 201 195 204 187 272 349 440 419 405 362 263 236 184 164 179 195 139 122 111 110 113 123 151 235 240 210 249 231 199 139 135 140 138 130 137 153 191 234 259 226 192 220 238 179 145 123 120 100 91 82 77 73 73 72 70 68 66 65 62 60
381 444 487 459 440 414 371 304 265 253 246 251 260 274 302 354 420 444 423 455 427 382 283 220 212 218 246 236 194 248 332 372 402 378 401 357 244 182 157 143 139 178 143 114 111 113 125 138 155 192 236 296 289 234 153 142 140 138 129 131 137 156 164 180 237 213 213 235 216 224 167 149 108 91 85 80 74 74 74 72 67 68 64 61 60
350 452 469 449 430 411 375 301 270 257 246 247 259 284 323 383 429 359 364 444 442 407 316 233 224 262 290 219 197 213 232 261 328 369 437 399 302 220 160 142 138 164 168 125 116 112 123 149 191 204 208 248 319 245 159 149 139 134 129 126 125 129 141 144 183 262 276 239 238 198 225 191 143 96 86 81 77 73 75 69 71 67 66 62 62
383 464 461 443 422 393 355 323 294 262 249 244 243 264 293 314 330 319 400 461 401 403 376 275 288 287 320 234 209 240 297 259 262 362 403 342 365 290 197 151 162 209 203 140 120 115 119 133 243 276 257 243 274 279 204 174 154 143 133 124 122 122 128 131 141 201 255 235 164 150 156 176 181 150 96 86 80 75 72 70 68 69 63 64 69
421 488 454 426 408 400 358 352 360 284 245 236 238 255 277 278 278 317 378 423 383 378 373 355 387 366 354 267 223 228 315 352 257 259 290 280 296 274 219 165 203 264 229 162 126 123 121 123 166 248 293 302 296 269 298 271 190 158 140 131 122 115 122 122 126 135 164 257 218 138 124 130 179 170 142 109 77 75 74 73 74 70 64 70 72
567 562 478 420 392 427 402 348 335 304 242 234 233 240 263 263 286 316 315 378 377 366 363 380 437 436 366 272 233 244 309 382 373 339 275 341 356 331 227 174 212 225 244 163 136 128 125 122 140 192 256 326 249 257 304 355 268 193 156 139 126 116 114 115 118 120 126 179 261 193 113 108 130 152 173 97 78 77 80 75 72 68 68 73 73
633 536 471 435 367 417 455 350 288 275 246 231 229 240 255 277 310 289 284 334 366 352 356 369 392 413 420 316 272 251 315 368 306 281 284 396 455 410 264 206 192 179 186 186 149 130 128 123 135 178 275 254 224 278 313 362 338 247 172 145 132 119 110 108 108 110 112 122 187 158 112 98 107 112 147 115 79 79 77 76 72 72 72 74 74
540 466 394 408 346 390 449 349 290 266 249 243 229 226 256 244 255 254 260 285 325 345 355 381 429 447 448 405 335 285 335 388 325 271 256 326 422 384 283 209 197 185 241 185 142 135 130 125 131 158 230 206 243 269 301 352 380 312 191 140 130 119 113 112 105 102 103 100 105 101 96 92 92 106 92 110 82 80 79 78 76 75 76 75 72
412 366 329 351 310 377 436 385 305 266 250 258 229 223 240 236 261 262 261 276 304 346 363 407 408 446 487 451 363 362 406 360 294 296 269 279 331 376 302 228 246 204 189 162 165 140 131 126 133 150 175 192 242 296 306 296 332 286 218 138 128 119 113 110 106 102 103 98 96 97 123 104 104 97 107 92 82 84 83 85 80 80 79 76 73
330 301 296 286 285 336 382 411 315 272 249 271 230 221 226 257 327 334 302 275 259 289 336 385 380 402 435 458 458 465 443 357 371 351 283 299 335 351 355 290 214 178 162 200 188 148 134 132 131 144 158 182 215 242 250 278 267 238 194 145 133 123 118 112 108 108 107 103 97 98 147 191 169 130 132 154 103 88 89 91 88 85 80 77 75
277 268 257 256 284 345 385 389 359 303 251 236 222 217 224 259 342 373 375 282 244 283 308 349 385 400 415 416 481 526 427 408 445 347 294 345 400 331 368 294 254 190 176 232 258 178 141 138 132 140 149 163 180 212 217 228 223 256 269 160 134 124 120 118 112 108 110 106 100 99 113 187 206 168 152 126 109 104 129 99 92 88 83 76 73
255 243 239 247 273 317 362 348 369 328 273 227 232 220 229 245 286 338 321 248 237 268 320 371 368 371 357 432 480 527 515 517 451 381 313 379 431 328 301 272 274 203 178 227 257 176 145 142 133 136 144 151 167 196 220 210 269 357 340 185 144 135 128 122 117 113 110 107 100 102 111 158 216 212 206 133 124 112 143 106 96 88 81 78 76
250 224 243 269 286 304 317 296 334 347 291 215 213 256 235 248 325 359 331 236 258 270 263 277 278 310 342 365 401 451 484 530 423 371 364 463 462 387 305 281 295 243 208 240 205 173 148 147 142 139 143 147 156 169 174 213 286 329 300 247 189 153 146 131 123 119 112 106 100 104 115 147 213 276 270 175 130 127 136 136 142 110 87 80 76
277 223 250 283 299 374 369 318 273 268 232 211 213 282 246 251 270 259 259 223 237 242 246 267 287 363 385 395 377 404 453 508 491 424 405 513 460 357 309 287 306 263 202 196 179 191 159 153 143 140 143 145 155 168 172 196 300 278 272 282 235 180 163 141 130 119 112 106 105 108 134 180 175 204 275 214 171 143 140 165 217 198 115 91 81
232 213 224 237 273 323 344 322 287 239 221 209 202 251 311 270 231 222 215 215 230 265 312 313 302 308 308 377 397 390 411 461 495 461 431 495 475 419 363 302 298 269 231 194 174 174 162 157 150 143 145 149 155 165 170 182 240 276 300 345 371 281 214 158 136 121 116 109 108 110 153 197 201 162 253 285 205 186 135 175 224 253 179 115 91
206 201 211 224 239 254 300 314 284 250 220 205 200 267 353 271 226 208 213 215 225 247 296 300 260 269 272 301 341 371 441 490 543 527 488 465 406 407 334 299 315 315 252 199 192 176 191 160 149 142 141 144 152 162 170 186 225 247 344 414 418 366 268 177 143 125 119 112 111 109 141 177 180 149 193 215 234 225 171 174 185 199 210 208 139
200 196 201 207 223 240 275 315 296 305 233 204 197 253 278 228 216 202 235 244 220 226 239 244 264 271 267 286 293 326 395 495 559 515 491 444 393 337 314 315 345 337 273 210 198 211 222 164 151 149 141 144 152 161 175 198 243 267 363 437 401 400 378 268 169 131 122 121 119 116 114 124 133 138 154 173 175 215 268 214 147 141 156 207 227
190 193 194 207 232 267 292 289 287 323 247 223 204 202 208 202 200 204 224 242 244 236 240 239 238 243 252 287 287 353 378 430 482 498 433 389 366 329 321 331 395 329 295 255 225 242 212 164 155 150 144 146 153 164 179 236 318 316 416 378 365 370 417 372 214 142 130 126 121 121 116 123 129 135 137 140 160 200 275 252 154 133 128 152 195
187 190 189 196 230 287 319 266 255 283 307 301 219 188 189 192 206 217 232 262 262 293 286 263 259 259 248 254 281 340 386 404 440 495 443 431 380 343 371 330 392 415 365 252 211 198 186 165 158 150 148 151 157 170 184 267 343 348 376 376 388 451 460 390 223 151 138 132 127 122 120 123 126 128 129 135 144 175 235 285 195 156 126 121 133
181 184 183 192 202 262 285 259 213 240 300 265 194 188 200 208 239 253 231 257 318 361 336 311 300 283 291 273 267 286 307 343 388 491 481 451 400 372 407 371 376 398 397 295 226 215 188 162 155 151 152 155 161 171 190 254 344 404 397 376 385 444 458 330 205 156 146 138 131 128 124 124 122 121 121 124 133 145 188 225 238 175 173 119 115
179 181 179 187 200 261 284 280 209 215 232 192 183 204 240 250 248 280 259 260 311 366 392 334 343 321 361 346 281 280 319 362 368 437 465 420 398 378 438 424 437 419 384 293 218 189 179 164 159 153 158 158 167 174 192 237 358 430 400 378 384 384 372 280 184 161 151 139 133 129 125 125 120 118 116 118 118 123 137 153 173 199 152 135 114
179 176 174 180 190 214 258 249 219 198 195 185 215 246 323 298 296 346 328 280 294 342 434 362 377 382 418 436 324 286 301 337 360 402 438 396 387 402 422 474 504 453 381 257 205 211 187 166 163 160 168 166 175 183 195 273 436 419 401 403 432 392 363 332 242 206 172 145 136 131 130 125 121 118 115 111 113 113 124 134 158 148 167 155 127
188 183 175 172 176 183 190 213 265 217 186 197 239 305 321 307 314 332 373 338 349 361 401 436 442 441 480 498 388 313 296 332 350 372 411 417 457 427 459 493 543 413 323 222 198 186 178 169 162 158 166 163 172 183 194 261 485 431 427 449 478 480 409 380 305 272 229 178 142 138 134 127 124 120 117 119 151 138 111 120 118 126 158 150 122
199 201 188 175 171 174 181 188 228 209 183 181 188 217 230 224 248 285 296 333 342 336 370 413 421 419 522 520 459 364 312 362 433 395 420 446 485 454 482 511 565 418 330 245 200 185 174 169 166 165 166 164 171 184 193 261 418 435 462 499 496 495 385 330 266 207 218 183 159 166 147 131 125 121 128 147 172 141 111 104 108 112 122 139 148
216 228 235 204 174 167 172 179 198 217 186 241 218 201 210 244 216 236 241 274 314 332 339 331 347 414 466 535 493 433 347 361 446 486 472 454 456 459 499 554 590 511 376 267 199 183 178 176 172 160 168 166 174 187 199 225 319 337 410 480 449 383 303 242 247 199 171 161 170 203 147 135 133 128 128 132 125 111 106 101 101 102 106 124 184
215 262 275 294 204 170 175 182 187 184 188 262 307 292 269 251 229 230 224 245 292 316 291 315 366 391 368 420 495 496 401 363 408 435 469 444 412 415 437 519 553 488 366 260 206 190 183 177 170 166 165 166 176 190 201 221 247 281 389 466 375 300 232 204 192 178 170 160 157 154 142 137 133 128 126 144 157 120 108 101 99 98 98 108 166
212 208 199 214 181 166 193 183 187 175 181 244 320 412 378 271 248 239 238 249 249 277 277 308 344 330 378 411 457 546 480 406 426 408 449 392 384 416 506 494 477 406 334 234 204 194 184 181 174 170 164 167 178 188 198 214 234 291 419 511 400 353 257 234 195 181 169 161 152 145 141 136 132 128 121 135 184 120 104 99 99 97 98 98 134
204 207 206 185 165 165 173 172 176 170 195 239 273 304 289 247 226 226 228 256 285 263 281 279 294 331 389 464 532 506 477 395 399 395 381 386 426 457 534 501 438 375 274 230 207 195 192 184 178 175 171 169 173 184 193 209 227 252 355 532 491 422 349 299 263 211 183 184 156 145 139 135 130 126 121 122 133 109 108 106 101 101 95 98 106
191 192 179 196 166 170 168 164 167 180 202 233 244 230 265 222 215 216 229 271 295 272 284 294 306 368 409 506 591 497 436 420 369 395 363 402 448 525 536 513 436 405 350 268 249 210 201 193 190 188 182 178 175 180 191 206 239 279 301 544 503 439 339 272 282 205 189 199 156 150 138 137 135 125 120 117 114 122 137 145 111 111 95 95 108
197 187 186 170 163 163 163 165 174 219 255 254 254 200 209 226 226 219 235 275 274 270 280 294 346 421 416 487 524 489 388 420 372 344 392 439 464 484 468 476 447 417 390 314 252 223 205 202 229 219 194 185 179 179 188 202 254 380 414 483 456 373 292 248 261 202 169 173 135 132 131 129 126 121 118 114 113 120 150 119 107 114 96 97 97
210 184 183 170 162 160 163 167 178 236 240 239 220 238 238 236 288 247 231 240 246 256 267 282 318 364 427 483 436 413 345 330 353 400 375 401 413 393 391 479 459 429 389 364 305 233 213 215 237 265 212 204 191 186 186 201 247 377 418 473 433 334 215 201 206 202 171 150 135 129 123 123 119 118 115 115 115 117 121 128 139 139 101 92 91
173 177 171 169 159 158 166 176 180 216 221 207 236 241 286 280 271 317 264 248 269 293 297 306 348 417 462 401 360 327 313 348 376 422 424 421 398 335 357 460 457 372 368 340 301 298 240 233 234 265 237 233 218 198 189 199 233 253 291 328 354 324 232 185 170 168 206 175 133 127 121 120 117 114 115 118 116 112 121 136 169 111 94 88 89
