DEM/DEM27.asc
ncols 800
nrows 800
xllcenter 480150.000000
yllcenter 1040150.000000
cellsize 300.000000
nodata_value -9999
[rows 756 to 791 of 800, columns 82 to 163 of 800]
56 53 57 58 55 49 53 52 53 50 40 44 48 48 58 63 68 79 94 112 132 125 147 140 152 93 92 57 37 33 25 24 19 17 13 12 8 7 7 7 6 6 6 7 8 7 6 7 7 7 6 25 89 83 85 5 11 6 7 7 6 4 5 8 7 12 10 2 -9999 -9999 -9999 -9999 -9999 -9999 -9999 -9999 -9999 -9999 -9999 -9999 -9999 -9999
54 52 52 56 54 52 52 53 54 52 48 39 40 41 44 59 65 75 92 118 150 159 140 105 110 84 61 50 44 34 20 17 16 13 13 11 8 8 8 7 7 7 8 7 9 10 8 8 7 7 7 14 29 74 107 31 6 6 7 7 6 5 7 6 6 13 10 7 -9999 -9999 -9999 -9999 -9999 -9999 -9999 -9999 -9999 -9999 -9999 -9999 -9999 -9999
53 53 51 47 52 52 49 46 46 49 44 45 40 38 41 55 62 66 80 99 112 150 125 95 69 68 66 51 42 39 20 17 17 12 8 7 9 7 7 7 7 7 8 8 10 8 8 8 10 8 7 6 49 113 81 18 6 8 10 7 7 6 6 5 10 7 8 10 -9999 -9999 -9999 -9999 -9999 -9999 -9999 -9999 -9999 -9999 -9999 -9999 -9999 -9999
51 52 50 49 51 48 47 45 42 46 43 46 44 38 41 50 59 63 73 94 113 141 115 103 78 58 53 50 41 39 27 21 17 10 8 8 7 7 8 8 8 10 9 8 11 8 8 9 9 9 9 7 21 23 8 8 7 10 12 6 6 5 6 8 11 4 6 7 5 4 -9999 -9999 -9999 -9999 -9999 -9999 -9999 -9999 -9999 -9999 -9999 -9999
46 46 51 49 49 45 45 44 44 48 48 40 42 41 41 54 60 65 86 115 121 123 99 77 73 64 56 46 37 33 32 21 20 13 10 9 8 8 7 10 10 11 10 10 9 9 10 10 10 9 10 8 8 8 8 8 8 10 11 5 8 6 6 8 10 7 6 6 9 2 -9999 -9999 -9999 -9999 -9999 -9999 -9999 -9999 -9999 -9999 -9999 -9999
46 41 45 45 46 48 47 47 46 47 48 49 43 40 38 44 54 65 77 110 97 114 100 74 62 62 54 48 41 35 28 18 17 13 13 9 8 8 9 9 10 10 11 10 9 9 12 10 11 9 10 10 8 9 10 8 11 11 11 6 7 7 6 9 7 8 7 6 8 6 -9999 -9999 -9999 -9999 -9999 -9999 -9999 -9999 -9999 -9999 -9999 -9999
53 45 42 41 44 44 43 45 44 42 40 44 42 41 37 38 46 57 73 85 85 114 115 87 68 51 45 37 32 28 24 15 11 12 13 8 8 8 11 9 12 11 10 12 10 11 10 9 11 12 11 9 8 7 10 10 12 10 10 9 9 7 7 9 8 7 7 6 6 4 -9999 -9999 -9999 -9999 -9999 -9999 -9999 -9999 -9999 -9999 -9999 -9999
56 51 51 50 41 40 42 48 46 44 44 42 40 39 40 37 41 58 67 78 100 128 113 86 62 47 43 38 28 23 18 13 13 12 8 8 8 9 8 10 9 10 10 11 13 11 10 10 12 10 10 10 10 10 11 8 10 10 11 13 9 6 7 7 10 7 6 6 7 5 -9999 -9999 -9999 -9999 -9999 -9999 -9999 -9999 -9999 -9999 -9999 -9999
54 51 51 49 44 42 40 44 45 44 44 44 40 37 38 38 49 56 63 77 87 105 72 71 59 47 35 28 23 21 17 14 14 10 9 8 8 8 10 13 12 14 11 12 11 12 11 11 12 13 13 12 11 11 10 8 8 9 13 10 9 9 8 9 10 10 9 7 8 7 6 2 6 -9999 -9999 -9999 -9999 -9999 -9999 -9999 -9999 -9999
52 50 50 49 43 40 40 42 43 44 44 40 42 38 37 39 43 51 53 59 73 90 67 55 47 35 30 23 18 18 19 16 15 12 9 9 8 11 12 12 13 13 12 10 12 11 14 15 14 14 11 10 10 9 9 9 9 8 11 14 11 9 8 10 9 9 9 5 8 7 4 5 2 -9999 -9999 -9999 -9999 -9999 -9999 -9999 -9999 -9999
52 47 46 49 46 45 44 42 41 44 44 42 42 41 40 41 40 37 38 45 64 77 56 41 43 31 25 21 18 24 20 16 14 11 10 8 9 13 14 13 14 14 13 12 12 13 11 12 13 11 11 10 10 10 10 9 9 8 12 13 8 7 8 10 7 9 9 4 7 7 5 5 2 -9999 -9999 -9999 -9999 -9999 -9999 -9999 -9999 -9999
50 46 47 45 46 47 47 41 40 42 39 38 42 40 41 43 35 34 30 39 70 59 49 53 77 46 26 21 21 43 42 32 38 17 9 8 10 13 14 13 14 16 14 12 11 13 12 13 14 11 10 9 9 8 9 8 9 11 13 10 10 9 10 8 10 10 7 6 6 10 7 2 2 -9999 -9999 -9999 -9999 -9999 -9999 -9999 -9999 -9999
51 45 45 42 47 53 45 43 41 41 34 38 41 41 41 42 37 34 31 45 65 55 56 75 91 54 34 21 18 23 23 35 47 47 20 10 10 11 11 12 11 15 16 12 12 13 15 14 12 10 12 10 8 8 10 8 10 12 11 11 9 9 11 8 11 11 7 7 5 10 7 5 3 -9999 -9999 -9999 -9999 -9999 -9999 -9999 -9999 -9999
48 43 46 44 44 51 43 45 45 43 44 39 39 40 44 40 37 36 32 42 51 66 76 107 100 58 44 27 18 17 23 36 47 69 38 15 14 14 12 12 12 15 15 15 14 17 15 14 12 11 11 10 9 9 10 10 11 11 13 12 9 7 10 8 11 11 8 11 8 8 6 3 2 2 0 -9999 -9999 -9999 -9999 -9999 -9999 -9999
53 47 46 44 42 39 38 42 45 47 48 43 39 39 41 37 39 35 33 43 59 75 95 139 117 67 53 36 22 22 26 33 42 69 50 31 25 21 15 13 16 18 16 15 19 16 12 13 12 13 13 10 11 10 10 13 9 9 11 12 12 10 7 9 10 11 11 10 10 6 6 3 4 2 1 -9999 -9999 -9999 -9999 -9999 -9999 -9999
58 52 44 43 41 43 36 42 44 48 49 44 36 39 39 39 37 35 33 45 55 76 103 143 138 76 55 35 24 24 31 33 38 48 49 42 30 23 20 16 16 17 16 15 17 14 13 13 13 13 13 12 10 10 10 14 10 9 12 11 12 10 7 8 11 10 10 12 13 6 7 4 4 6 2 -9999 -9999 -9999 -9999 -9999 -9999 -9999
57 48 45 44 43 40 39 41 42 46 46 47 42 42 36 43 36 35 36 38 56 92 126 154 187 120 67 45 36 29 37 42 41 56 57 59 39 30 24 17 16 16 16 15 18 14 13 14 12 13 12 11 12 11 11 12 12 13 9 9 10 11 10 7 11 10 9 9 11 9 7 7 6 5 5 -9999 -9999 -9999 -9999 -9999 -9999 -9999
56 59 62 48 44 41 42 43 45 44 45 43 42 39 37 38 34 30 36 34 37 98 154 170 195 172 80 54 39 32 58 83 57 76 104 83 46 35 34 18 16 17 16 17 18 15 14 14 12 13 12 12 11 12 13 11 12 10 8 10 12 8 11 7 10 11 9 7 10 9 5 6 9 4 2 -9999 -9999 -9999 -9999 -9999 -9999 -9999
69 70 65 51 46 40 39 43 44 42 45 42 40 36 37 35 35 33 34 32 33 65 129 153 163 184 94 62 44 33 43 57 65 130 193 119 55 48 42 25 17 17 16 18 18 17 14 14 13 13 12 14 11 12 10 11 11 10 12 13 11 10 8 7 9 12 9 10 11 10 8 5 9 6 2 -9999 -9999 -9999 -9999 -9999 -9999 -9999
70 76 70 58 48 38 37 40 41 39 43 42 41 38 37 34 34 34 39 41 37 51 103 142 173 194 121 72 49 38 44 51 62 139 196 108 90 75 50 36 26 19 19 23 24 25 18 17 14 14 13 12 12 12 11 10 10 10 10 10 9 9 8 7 7 9 9 9 10 12 7 6 8 9 7 -9999 -9999 -9999 -9999 -9999 -9999 -9999
64 73 65 55 43 38 39 37 44 39 41 39 39 38 41 38 34 37 51 56 53 52 77 121 170 197 178 81 51 37 38 46 57 116 123 64 93 94 44 35 46 35 19 27 43 53 41 41 23 14 14 13 11 11 11 10 10 10 9 9 9 7 8 10 7 6 11 8 11 13 10 7 8 9 6 5 6 1 -9999 -9999 -9999 -9999
61 74 61 54 44 37 39 40 40 43 37 44 39 37 39 35 34 34 44 57 64 57 72 107 151 166 118 71 50 41 34 39 48 54 56 44 43 41 33 23 22 20 19 22 29 32 29 24 24 14 14 13 13 12 12 11 10 10 10 9 8 8 8 8 7 9 12 9 10 11 13 9 9 9 7 5 3 4 -9999 -9999 -9999 -9999
63 74 66 48 47 39 40 40 42 42 39 38 36 39 38 34 34 35 46 62 74 63 72 88 117 103 93 64 48 39 29 32 41 40 37 33 31 29 28 29 21 18 17 16 17 17 16 15 15 14 13 13 12 12 11 11 11 11 10 8 8 9 9 12 8 9 11 11 12 10 11 9 8 8 13 5 5 4 -9999 -9999 -9999 -9999
56 66 60 56 52 39 37 43 40 40 37 37 38 37 35 35 31 34 43 64 81 68 65 76 81 80 91 71 49 39 29 24 30 30 26 26 28 35 30 32 23 22 18 16 15 15 15 14 15 15 15 14 11 11 11 11 10 11 10 10 11 11 7 8 11 8 9 10 12 8 11 7 8 6 9 9 6 3 -9999 -9999 -9999 -9999
51 62 63 59 55 48 38 44 41 39 38 38 36 36 33 34 33 34 42 61 71 73 62 64 66 64 72 74 50 43 28 21 24 27 29 24 25 25 22 24 24 21 20 19 18 18 18 15 15 14 14 13 11 13 14 10 12 11 13 12 11 11 9 8 8 7 6 9 9 9 10 7 7 6 6 8 8 6 -9999 -9999 -9999 -9999
52 57 52 60 58 48 42 39 36 39 38 40 39 40 35 32 34 34 38 60 86 79 63 58 54 55 57 55 51 42 25 26 25 25 27 28 24 24 22 25 24 29 27 20 17 16 19 17 16 15 14 13 12 12 14 13 13 13 14 11 11 10 8 8 8 8 8 7 7 9 8 6 6 6 7 5 7 5 4 -1 -9999 -9999
45 43 46 57 64 55 44 41 40 39 40 39 39 37 37 36 34 33 32 57 85 86 67 53 46 49 50 46 42 42 24 23 25 26 28 25 22 22 21 24 24 46 40 25 17 18 21 17 15 13 14 12 12 11 12 12 13 13 10 9 9 7 7 7 6 7 10 9 6 9 9 9 7 4 6 6 6 10 6 1 -9999 -9999
43 41 56 55 62 54 44 44 37 39 40 42 40 36 35 32 30 29 30 57 91 94 69 47 34 35 40 35 32 31 26 29 27 25 25 21 20 21 20 21 22 43 68 30 18 18 18 18 15 17 16 12 12 12 15 11 11 12 11 8 8 8 6 7 6 6 7 7 9 8 8 9 6 5 3 6 6 10 8 2 2 0
39 37 46 51 50 48 38 37 34 42 45 39 34 35 34 33 32 30 28 46 63 80 75 54 37 26 25 25 25 24 24 24 25 25 23 21 21 19 19 19 22 25 35 26 23 20 16 17 17 18 17 14 18 18 16 17 17 20 10 9 8 7 7 7 10 7 6 8 8 10 12 12 8 5 5 6 6 10 9 7 3 1
45 39 35 38 39 36 36 38 36 45 46 41 38 37 36 36 34 32 31 30 42 60 74 58 34 23 23 24 29 25 25 27 25 22 22 20 19 19 21 24 20 26 21 20 22 20 19 21 21 17 17 21 19 18 17 24 22 12 9 9 8 7 6 10 7 9 6 6 8 10 11 11 10 7 7 8 6 6 9 11 5 2
55 47 41 37 37 37 39 42 39 43 42 39 37 38 33 37 35 33 34 34 31 44 55 55 36 24 26 32 32 31 26 23 24 22 22 21 19 19 25 23 23 27 23 20 18 23 24 17 16 18 18 19 14 16 18 28 32 22 8 7 7 6 6 7 9 11 6 8 8 8 8 13 10 7 6 9 7 6 8 9 10 7
56 58 52 47 40 42 43 39 39 39 39 38 39 38 37 37 36 35 33 34 31 31 32 45 36 29 34 28 27 25 25 25 24 22 22 21 21 23 24 21 22 24 23 18 19 20 22 17 14 16 15 14 13 15 18 36 44 30 6 8 7 6 5 6 15 10 7 6 8 7 6 9 11 8 8 9 9 10 8 9 9 8
46 47 49 54 52 42 40 38 41 39 37 38 36 37 36 33 35 36 31 30 32 29 29 27 27 29 30 28 27 28 24 27 23 24 22 23 21 26 23 21 21 19 22 18 19 21 21 20 14 13 12 12 11 15 18 34 49 25 9 8 6 5 6 8 10 9 9 6 8 7 7 8 10 7 7 10 9 8 9 5 9 10
47 47 47 43 48 44 43 41 36 37 35 36 31 31 29 30 32 33 31 29 28 29 33 27 29 28 26 29 28 27 25 27 27 23 23 25 22 26 21 22 24 20 19 21 17 18 20 21 18 15 12 12 13 12 16 22 28 20 11 8 6 6 6 5 8 8 8 8 6 7 8 6 7 9 5 9 11 9 9 8 7 9
49 46 44 43 42 43 39 39 38 35 37 34 32 32 30 30 32 32 33 30 29 31 34 30 25 23 26 28 29 29 29 31 29 31 29 24 25 25 21 21 22 22 19 19 20 17 17 19 19 17 13 12 11 11 17 19 18 18 14 9 7 6 5 5 6 8 10 6 6 6 9 10 7 9 10 8 9 10 9 10 8 8
49 48 48 45 48 50 42 37 38 36 38 36 35 34 32 34 37 34 33 32 28 30 32 32 27 27 26 25 24 24 25 29 30 30 26 24 26 24 22 20 21 22 24 19 19 16 17 20 18 16 17 13 17 18 19 12 10 11 11 8 6 6 6 6 4 10 9 6 8 8 7 9 8 9 9 9 8 9 9 8 8 9
