DEM/DEM22.asc
ncols 800
nrows 800
xllcenter 480150.000000
yllcenter 1280150.000000
cellsize 300.000000
nodata_value -9999
[rows 740 to 776 of 800, columns 255 to 339 of 800]
-9999 -9999 -9999 -9999 -9999 -9999 -9999 -9999 -9999 -9999 -9999 -9999 -9999 -9999 -9999 -9999 -9999 -9999 -9999 -9999 -9999 -9999 -9999 -9999 -9999 -9999 -9999 -9999 -9999 -9999 -9999 -9999 -9999 -9999 -9999 -9999 -9999 -9999 -9999 -9999 -9999 428 442 437 345 263 198 158 145 138 121 121 148 142 169 196 160 163 132 110 105 98 90 77 65 56 51 47 42 38 39 45 42 38 33 37 30 30 26 27 26 24 22 20 18
-9999 -9999 -9999 -9999 -9999 -9999 -9999 -9999 -9999 -9999 -9999 -9999 -9999 -9999 -9999 -9999 -9999 -9999 -9999 -9999 -9999 -9999 -9999 -9999 -9999 -9999 -9999 -9999 -9999 -9999 -9999 -9999 -9999 -9999 -9999 -9999 -9999 -9999 -9999 -9999 -9999 424 440 436 389 297 211 169 165 146 130 131 148 177 204 209 162 161 137 122 116 110 97 85 73 55 50 48 40 37 37 36 38 37 32 29 31 29 26 23 22 22 21 19 18
-9999 -9999 -9999 -9999 -9999 -9999 -9999 -9999 -9999 -9999 -9999 -9999 -9999 -9999 -9999 -9999 -9999 -9999 -9999 -9999 -9999 -9999 -9999 -9999 -9999 -9999 -9999 -9999 -9999 -9999 -9999 -9999 -9999 -9999 -9999 -9999 -9999 -9999 -9999 -9999 -9999 431 442 423 360 257 222 209 191 155 140 141 148 172 186 180 162 161 171 141 129 131 107 89 72 59 53 46 41 38 34 33 36 38 32 27 24 25 27 23 19 20 19 15 14
-9999 -9999 -9999 -9999 -9999 -9999 -9999 -9999 -9999 -9999 -9999 -9999 -9999 -9999 -9999 -9999 -9999 -9999 -9999 -9999 -9999 -9999 -9999 -9999 -9999 -9999 -9999 -9999 -9999 -9999 -9999 -9999 -9999 -9999 -9999 -9999 -9999 -9999 -9999 -9999 -9999 444 445 399 381 333 287 256 239 173 146 132 137 150 166 168 184 198 183 141 131 127 105 91 76 62 55 50 44 44 37 32 31 33 34 30 28 22 20 18 14 17 15 12 13
-9999 -9999 -9999 -9999 -9999 -9999 -9999 -9999 -9999 -9999 -9999 -9999 -9999 -9999 -9999 -9999 -9999 -9999 -9999 -9999 -9999 -9999 -9999 -9999 -9999 -9999 -9999 -9999 -9999 -9999 -9999 -9999 -9999 -9999 -9999 -9999 -9999 -9999 -9999 -9999 -9999 443 427 362 333 380 369 312 274 172 139 125 123 133 148 150 157 154 142 127 122 113 100 86 75 62 54 47 42 41 40 34 29 29 28 26 25 24 20 17 15 12 10 9 10
-9999 -9999 -9999 -9999 -9999 -9999 -9999 -9999 -9999 -9999 -9999 -9999 -9999 -9999 -9999 -9999 -9999 -9999 -9999 -9999 -9999 -9999 -9999 -9999 -9999 -9999 -9999 -9999 -9999 -9999 -9999 -9999 -9999 -9999 -9999 -9999 -9999 -9999 -9999 -9999 -9999 435 382 296 271 272 315 258 242 163 140 128 115 126 136 135 130 131 124 115 110 103 93 81 69 62 57 49 39 38 36 38 34 33 28 26 25 23 22 20 19 15 15 13 6
-9999 -9999 -9999 -9999 -9999 -9999 -9999 -9999 -9999 -9999 -9999 -9999 -9999 -9999 -9999 -9999 -9999 -9999 -9999 -9999 -9999 -9999 -9999 -9999 -9999 -9999 -9999 -9999 -9999 -9999 -9999 -9999 -9999 -9999 -9999 -9999 461 461 410 405 462 434 397 311 217 210 241 218 209 152 136 124 109 119 124 127 119 119 110 104 101 95 90 80 71 65 57 52 46 35 35 33 30 30 30 29 22 22 22 20 17 13 9 9 5
-9999 -9999 -9999 -9999 -9999 -9999 -9999 -9999 -9999 -9999 -9999 -9999 -9999 -9999 -9999 -9999 -9999 -9999 -9999 -9999 -9999 -9999 -9999 -9999 -9999 -9999 -9999 -9999 -9999 -9999 -9999 -9999 -9999 -9999 -9999 -9999 439 455 382 376 429 403 385 304 219 170 172 171 185 140 120 114 103 103 109 110 109 105 96 90 90 92 88 81 68 61 56 49 43 34 33 32 33 28 28 25 28 24 23 18 18 15 12 8 7
-9999 -9999 -9999 -9999 -9999 -9999 -9999 -9999 -9999 -9999 -9999 -9999 -9999 -9999 -9999 -9999 -9999 -9999 -9999 -9999 -9999 -9999 -9999 -9999 -9999 -9999 -9999 -9999 -9999 -9999 -9999 -9999 -9999 -9999 399 414 412 421 337 317 354 303 324 284 201 170 139 144 148 127 115 105 99 96 102 105 98 92 86 83 89 89 85 78 68 63 55 46 40 30 32 30 28 27 27 28 27 26 23 18 17 18 15 9 8
-9999 -9999 -9999 -9999 -9999 -9999 -9999 -9999 -9999 -9999 -9999 -9999 -9999 -9999 -9999 -9999 -9999 -9999 -9999 -9999 -9999 -9999 -9999 -9999 -9999 -9999 -9999 -9999 -9999 -9999 -9999 -9999 -9999 -9999 392 392 382 386 319 295 326 245 277 266 198 156 130 127 126 119 108 97 94 90 103 114 93 86 79 77 83 87 87 79 71 63 54 48 40 30 28 30 26 26 23 26 24 23 19 24 20 15 9 8 7
-9999 -9999 -9999 -9999 -9999 -9999 -9999 -9999 -9999 -9999 -9999 -9999 -9999 -9999 -9999 -9999 -9999 -9999 -9999 -9999 -9999 -9999 -9999 -9999 -9999 -9999 -9999 -9999 -9999 -9999 -9999 -9999 -9999 -9999 378 349 358 334 274 286 294 218 246 237 179 159 124 115 109 103 98 93 88 82 94 101 91 83 74 69 79 88 89 77 67 60 48 42 34 31 27 31 27 23 22 21 21 19 20 18 14 10 9 6 15
-9999 -9999 -9999 -9999 -9999 -9999 -9999 -9999 -9999 -9999 -9999 -9999 -9999 -9999 -9999 -9999 -9999 -9999 -9999 -9999 -9999 -9999 -9999 -9999 -9999 -9999 -9999 -9999 -9999 -9999 -9999 439 350 341 290 263 269 316 263 208 213 183 197 179 166 146 119 108 102 95 91 86 83 76 79 86 87 79 70 68 75 84 85 75 66 58 50 38 27 26 26 26 21 20 20 17 18 15 16 13 10 9 6 23 11
-9999 -9999 -9999 -9999 -9999 -9999 -9999 -9999 -9999 -9999 -9999 -9999 -9999 -9999 -9999 -9999 -9999 -9999 -9999 -9999 -9999 -9999 -9999 -9999 -9999 -9999 -9999 -9999 -9999 -9999 -9999 442 333 242 189 203 219 249 243 195 175 174 157 146 140 125 115 106 100 93 88 83 79 78 73 73 80 76 64 62 71 78 79 71 61 53 46 40 33 27 22 25 21 19 20 18 16 16 13 9 9 7 7 8 11
-9999 -9999 -9999 -9999 -9999 -9999 -9999 -9999 -9999 -9999 -9999 -9999 -9999 -9999 -9999 -9999 -9999 -9999 -9999 -9999 -9999 -9999 -9999 -9999 -9999 -9999 -9999 -9999 -9999 434 400 354 273 199 160 166 201 171 187 163 155 186 174 172 187 161 144 123 108 98 88 83 78 73 68 68 71 71 63 56 65 74 72 66 58 53 48 43 37 29 25 18 20 18 16 16 13 13 15 9 8 4 -10 3 6
-9999 -9999 -9999 -9999 -9999 -9999 -9999 -9999 -9999 -9999 -9999 -9999 -9999 -9999 -9999 -9999 -9999 -9999 -9999 -9999 -9999 -9999 -9999 -9999 -9999 -9999 -9999 -9999 -9999 379 330 232 191 169 153 150 164 147 143 138 141 150 167 221 260 231 155 117 111 103 91 86 82 76 71 65 63 62 63 55 63 70 66 64 57 51 48 43 38 30 23 21 18 17 15 10 10 9 14 7 3 1 0 1 4
-9999 -9999 -9999 -9999 -9999 -9999 -9999 -9999 -9999 -9999 -9999 -9999 -9999 -9999 -9999 -9999 -9999 -9999 -9999 -9999 -9999 -9999 -9999 -9999 -9999 -9999 -9999 -9999 -9999 384 289 185 152 146 139 136 144 136 131 131 134 135 147 201 283 261 156 105 100 99 88 80 76 75 73 66 62 60 61 55 63 67 66 63 58 51 48 41 36 32 23 16 16 15 16 11 8 7 9 4 4 0 5 0 0
-9999 -9999 -9999 -9999 -9999 -9999 -9999 -9999 -9999 -9999 -9999 -9999 -9999 -9999 -9999 -9999 -9999 -9999 -9999 -9999 -9999 -9999 -9999 -9999 -9999 -9999 403 422 411 384 299 181 142 135 130 125 128 121 119 121 127 126 151 194 223 206 133 103 90 89 86 79 71 69 70 63 59 57 57 51 62 64 62 58 58 46 44 40 33 30 24 17 13 12 13 9 5 7 7 6 4 1 3 0 -9999
-9999 -9999 -9999 -9999 -9999 -9999 -9999 -9999 -9999 -9999 -9999 -9999 -9999 -9999 -9999 -9999 -9999 -9999 -9999 -9999 -9999 -9999 -9999 -9999 -9999 -9999 387 366 293 298 293 212 146 130 122 119 117 109 108 112 117 118 150 147 140 149 120 108 91 79 81 74 67 62 67 63 55 52 52 49 53 57 59 55 51 42 36 34 29 27 16 12 11 10 7 5 5 5 22 10 9 6 11 3 -9999
-9999 -9999 -9999 -9999 -9999 -9999 -9999 -9999 -9999 -9999 -9999 -9999 -9999 -9999 -9999 -9999 -9999 -9999 -9999 -9999 -9999 -9999 -9999 -9999 440 394 306 266 209 189 192 166 142 128 119 113 109 101 98 103 106 109 116 119 111 119 100 95 87 77 73 71 65 61 60 63 56 49 49 50 50 54 56 51 46 39 36 28 23 20 17 13 8 6 4 5 7 3 9 8 9 -9999 -9999 -9999 -9999
-9999 -9999 -9999 -9999 -9999 -9999 -9999 -9999 -9999 -9999 -9999 -9999 -9999 -9999 -9999 -9999 -9999 -9999 -9999 -9999 -9999 -9999 -9999 -9999 463 348 252 206 169 151 150 142 135 123 113 104 102 96 94 97 98 104 105 101 100 93 84 86 82 73 67 68 60 56 53 55 58 49 46 45 44 48 50 47 43 34 30 27 25 21 17 13 10 6 5 7 3 6 8 9 9 -9999 -9999 -9999 -9999
-9999 -9999 -9999 -9999 -9999 -9999 -9999 -9999 -9999 -9999 -9999 -9999 -9999 -9999 -9999 -9999 -9999 -9999 -9999 -9999 -9999 -9999 -9999 -9999 470 387 264 203 163 143 135 126 126 118 107 100 99 92 90 90 93 94 95 89 90 90 77 77 73 67 66 62 58 53 48 45 50 47 44 43 41 43 47 45 40 34 33 27 22 20 16 14 14 11 6 4 5 6 4 9 8 -9999 -9999 -9999 -9999
-9999 -9999 -9999 -9999 -9999 -9999 -9999 -9999 -9999 -9999 -9999 -9999 -9999 -9999 -9999 -9999 -9999 -9999 -9999 -9999 -9999 -9999 502 477 448 407 288 235 186 146 131 121 135 124 112 98 96 88 84 84 91 87 85 83 84 81 76 69 67 62 61 59 58 54 49 46 45 46 44 39 38 37 41 38 37 32 33 29 22 20 17 16 16 13 7 7 4 7 5 -9999 -9999 -9999 -9999 -9999 -9999
-9999 -9999 -9999 -9999 -9999 -9999 -9999 -9999 -9999 -9999 -9999 -9999 -9999 -9999 -9999 -9999 -9999 -9999 -9999 -9999 -9999 -9999 588 573 509 330 240 191 169 143 129 118 112 110 104 96 90 88 83 80 86 86 80 74 74 70 65 60 59 57 55 52 53 50 45 44 42 44 44 41 41 38 36 36 36 32 27 24 23 22 17 16 15 14 8 5 6 8 5 -9999 -9999 -9999 -9999 -9999 -9999
-9999 -9999 -9999 -9999 -9999 -9999 -9999 -9999 -9999 -9999 -9999 -9999 -9999 -9999 -9999 -9999 -9999 -9999 -9999 -9999 -9999 -9999 608 608 544 390 251 192 163 141 129 119 108 100 96 96 89 85 79 78 82 81 79 72 69 64 58 54 54 54 53 55 49 45 44 41 41 40 39 39 41 38 38 33 30 30 26 25 22 19 17 17 19 13 1 5 5 6 4 -9999 -9999 -9999 -9999 -9999 -9999
-9999 -9999 -9999 -9999 -9999 -9999 -9999 -9999 -9999 -9999 -9999 -9999 -9999 -9999 -9999 -9999 -9999 -9999 -9999 -9999 -9999 -9999 588 610 509 395 287 218 187 158 134 117 109 106 93 89 87 82 80 77 73 74 74 69 67 61 59 61 61 58 56 51 46 46 47 46 41 40 36 40 34 35 34 33 28 28 27 23 23 20 19 18 15 10 7 6 5 7 5 -9999 -9999 -9999 -9999 -9999 -9999
-9999 -9999 -9999 -9999 -9999 -9999 -9999 -9999 -9999 -9999 -9999 -9999 -9999 -9999 -9999 -9999 -9999 -9999 -9999 -9999 -9999 -9999 582 600 489 381 310 295 287 212 172 141 124 118 111 99 97 91 88 81 76 71 69 66 64 63 67 88 73 74 66 60 55 55 54 49 38 37 36 37 33 30 27 27 26 23 28 26 23 21 18 17 14 9 8 6 6 5 4 -9999 -9999 -9999 -9999 -9999 -9999
-9999 -9999 -9999 -9999 -9999 -9999 -9999 -9999 -9999 -9999 -9999 -9999 -9999 -9999 -9999 -9999 -9999 -9999 -9999 703 670 637 609 636 547 458 426 426 419 325 290 228 184 160 126 108 100 108 113 89 80 79 74 72 75 66 74 88 84 78 69 62 55 50 51 46 46 39 35 33 30 32 28 25 22 21 22 19 20 19 20 17 16 10 9 8 6 8 6 -9999 -9999 -9999 -9999 -9999 -9999
-9999 -9999 -9999 -9999 -9999 -9999 -9999 -9999 -9999 -9999 -9999 -9999 -9999 -9999 -9999 -9999 -9999 -9999 -9999 758 717 690 682 721 696 585 551 530 488 399 364 250 214 184 159 131 106 134 138 93 91 93 85 82 85 77 75 84 83 78 72 64 61 55 50 45 44 43 38 33 29 29 28 26 23 22 19 17 16 17 18 15 11 6 8 7 6 8 6 -9999 -9999 -9999 -9999 -9999 -9999
-9999 -9999 -9999 -9999 -9999 -9999 -9999 -9999 -9999 -9999 -9999 -9999 -9999 -9999 -9999 -9999 -9999 -9999 -9999 -9999 -9999 -9999 774 808 819 749 722 673 571 464 417 357 280 258 240 170 120 133 103 86 86 100 98 92 89 80 75 75 80 83 74 67 62 57 50 47 41 37 37 33 31 28 27 25 22 20 19 18 16 13 15 15 4 6 5 6 -9999 -9999 -9999 -9999 -9999 -9999 -9999 -9999 -9999
-9999 -9999 -9999 -9999 -9999 -9999 -9999 -9999 -9999 -9999 -9999 -9999 -9999 -9999 -9999 -9999 -9999 -9999 -9999 -9999 -9999 -9999 875 929 905 853 769 714 584 517 504 466 349 292 212 148 121 106 90 81 76 80 84 88 85 76 72 66 71 74 68 66 60 50 45 47 44 40 37 34 30 29 27 27 25 23 20 19 15 13 11 10 11 6 7 8 -9999 -9999 -9999 -9999 -9999 -9999 -9999 -9999 -9999
-9999 -9999 -9999 -9999 -9999 -9999 -9999 -9999 -9999 -9999 -9999 -9999 -9999 -9999 -9999 -9999 -9999 -9999 -9999 -9999 -9999 -9999 1001 988 935 853 760 684 615 584 553 475 367 318 228 136 115 101 87 81 76 72 79 83 76 70 65 60 62 64 62 61 57 50 41 44 42 43 39 35 32 27 29 27 26 24 23 20 18 13 12 6 6 6 8 8 -9999 -9999 -9999 -9999 -9999 -9999 -9999 -9999 -9999
-9999 -9999 -9999 -9999 -9999 -9999 -9999 -9999 -9999 -9999 -9999 -9999 -9999 -9999 -9999 -9999 -9999 -9999 -9999 -9999 -9999 -9999 1114 1003 916 829 756 714 693 605 492 360 274 230 169 128 114 98 89 80 74 66 69 71 74 71 64 56 55 60 61 54 46 47 43 35 36 38 37 35 30 25 27 26 25 24 21 20 18 13 7 -3 3 4 -9999 -9999 -9999 -9999 -9999 -9999 -9999 -9999 -9999 -9999 -9999
-9999 -9999 -9999 -9999 -9999 -9999 -9999 -9999 -9999 -9999 -9999 -9999 -9999 -9999 -9999 -9999 -9999 -9999 -9999 -9999 -9999 -9999 1158 1057 978 884 833 795 708 594 474 319 236 196 162 143 116 94 87 82 72 67 63 62 67 67 64 54 53 51 56 52 46 40 43 37 31 34 36 33 32 26 24 25 23 21 20 19 16 15 5 3 4 4 -9999 -9999 -9999 -9999 -9999 -9999 -9999 -9999 -9999 -9999 -9999
-9999 -9999 -9999 -9999 -9999 -9999 -9999 -9999 -9999 -9999 -9999 -9999 -9999 -9999 -9999 -9999 -9999 -9999 -9999 1179 1166 1136 1107 1023 987 962 868 773 683 555 445 355 267 200 159 149 129 91 83 77 72 65 62 58 61 62 58 49 47 47 51 50 45 36 40 37 33 28 32 32 31 27 21 23 26 21 16 15 15 11 0 2 2 2 -9999 -9999 -9999 -9999 -9999 -9999 -9999 -9999 -9999 -9999 -9999
-9999 -9999 -9999 -9999 -9999 -9999 -9999 -9999 -9999 -9999 -9999 -9999 -9999 -9999 -9999 -9999 -9999 -9999 -9999 1121 1056 1034 1017 952 942 945 858 797 728 628 525 364 258 200 127 107 96 82 70 71 67 64 59 56 54 57 57 48 41 43 50 48 41 34 33 31 29 27 29 27 28 27 21 22 22 22 21 16 11 4 3 4 1 0 -9999 -9999 -9999 -9999 -9999 -9999 -9999 -9999 -9999 -9999 -9999
-9999 -9999 -9999 -9999 -9999 -9999 -9999 -9999 -9999 -9999 -9999 -9999 -9999 -9999 -9999 -9999 -9999 1052 1091 1009 965 946 925 900 932 896 837 776 714 664 525 369 230 167 115 93 81 73 68 62 64 57 54 53 49 51 51 47 39 39 43 43 38 38 31 25 27 24 27 25 25 25 23 18 18 21 18 15 9 6 4 -9999 -9999 -9999 -9999 -9999 -9999 -9999 -9999 -9999 -9999 -9999 -9999 -9999 -9999
-9999 -9999 -9999 -9999 -9999 -9999 -9999 -9999 -9999 -9999 -9999 -9999 -9999 -9999 -9999 -9999 -9999 1039 1143 1029 972 923 854 828 859 846 807 732 618 587 454 330 213 154 116 92 83 69 61 58 62 58 49 47 49 47 48 47 40 34 40 39 36 32 28 23 27 23 25 24 23 22 22 20 17 19 17 10 6 6 5 -9999 -9999 -9999 -9999 -9999 -9999 -9999 -9999 -9999 -9999 -9999 -9999 -9999 -9999
