DEM/DEM32.asc
ncols 800
nrows 800
xllcenter 240150.000000
yllcenter 800150.000000
cellsize 300.000000
nodata_value -9999
[rows 0 to 35 of 800, columns 648 to 728 of 800]
-9999 -9999 -9999 40 90 27 13 20 55 24 21 23 22 28 29 27 24 27 21 26 30 26 38 36 37 75 142 252 408 443 385 286 251 213 110 73 116 162 218 346 415 438 467 463 451 448 410 477 456 413 354 376 368 378 423 458 558 595 530 575 574 578 607 533 521 518 532 471 436 473 523 427 360 394 441 389 436 479 466 348 439
27 5 9 58 116 29 24 53 87 38 18 19 21 28 54 39 38 26 20 26 26 29 42 36 49 105 148 272 414 352 299 207 140 146 85 64 74 116 206 266 308 332 369 328 346 360 345 473 502 452 366 363 423 463 426 515 598 567 581 619 635 623 639 608 616 593 485 477 526 531 476 410 368 466 558 493 542 527 439 339 397
40 10 12 32 86 38 40 75 90 46 21 21 27 32 58 98 73 30 23 21 23 30 35 37 79 157 266 352 430 352 230 135 82 75 57 59 65 104 151 202 259 285 321 244 287 237 287 392 500 450 395 422 423 523 475 515 563 555 599 641 672 663 634 598 555 519 530 596 601 527 495 431 441 541 583 478 445 408 408 388 338
17 13 13 14 15 14 13 19 26 31 23 23 30 27 48 100 67 28 27 28 21 29 31 37 55 106 205 300 352 293 198 79 52 48 49 54 61 76 109 176 228 296 258 200 200 221 320 378 394 414 426 469 459 526 516 496 388 455 577 595 617 667 628 629 573 593 646 668 554 409 411 400 462 605 548 474 416 338 350 328 338
15 15 14 14 14 13 15 15 23 36 27 26 30 32 59 95 35 28 25 31 24 28 33 38 39 50 98 163 215 194 134 55 45 59 73 54 60 100 166 221 248 258 190 168 160 256 256 301 282 295 381 485 483 463 385 378 339 395 496 605 655 720 715 725 661 698 706 596 521 451 452 448 532 578 488 440 400 339 390 399 385
15 15 14 14 15 11 14 14 21 31 26 38 55 32 38 56 51 29 31 33 30 24 25 32 28 29 34 68 106 72 57 47 84 94 64 67 56 82 165 142 157 185 169 124 160 233 197 207 217 241 341 389 360 356 299 305 324 407 504 614 713 702 713 743 745 695 586 580 519 426 476 561 647 645 552 489 442 387 354 384 431
13 15 15 15 14 10 11 12 12 17 22 24 38 58 34 37 47 44 57 90 51 30 25 27 29 32 32 40 46 71 108 119 193 109 92 97 65 76 97 79 116 101 108 116 174 230 144 130 170 256 240 269 242 248 268 324 351 412 539 653 668 666 662 663 669 593 489 483 451 443 486 566 661 563 524 432 434 417 364 478 488
12 13 13 11 13 8 7 7 6 29 32 29 31 49 46 43 62 77 120 100 47 31 28 28 39 40 44 78 107 173 215 245 239 131 136 134 73 61 68 67 71 76 95 140 173 176 127 159 149 156 170 221 241 287 326 370 435 467 586 692 690 666 670 615 549 517 540 496 503 508 520 582 657 541 535 511 511 436 376 474 544
10 11 11 15 48 23 7 9 19 60 38 24 37 70 111 70 75 114 177 108 50 28 30 34 49 56 87 182 179 245 328 239 196 152 214 175 106 117 87 77 92 120 92 89 93 108 136 216 271 247 210 232 310 335 367 435 517 612 699 777 748 642 628 628 594 597 613 503 540 552 607 669 626 564 530 482 467 423 378 379 452
8 10 8 65 116 51 17 14 56 63 57 66 43 51 135 147 134 126 202 139 46 30 33 38 54 89 161 257 274 317 378 278 213 166 242 225 201 135 82 92 120 206 172 146 160 166 225 271 350 339 289 249 308 399 447 511 569 659 798 845 731 626 637 670 669 710 638 552 582 571 651 711 641 601 552 507 415 384 444 479 430
10 19 22 41 26 12 16 15 19 13 33 116 89 47 75 115 156 206 156 97 39 33 34 43 73 105 182 305 370 385 390 304 229 219 265 214 136 92 104 111 90 169 263 267 282 273 346 396 439 405 322 315 301 328 400 511 616 726 812 769 728 649 680 684 732 758 609 609 624 664 689 635 661 610 567 486 419 379 463 552 503
13 61 47 10 10 11 17 18 15 9 20 46 88 118 82 128 189 252 123 50 35 43 51 84 120 190 233 311 412 440 429 349 283 271 214 176 126 134 187 137 95 130 274 394 412 419 484 519 531 495 400 393 408 393 408 489 584 710 806 820 787 741 766 706 753 753 614 654 683 655 637 572 602 563 542 538 475 406 485 588 579
13 14 9 10 11 15 16 19 18 10 26 76 115 171 142 154 226 200 81 36 44 49 74 84 132 213 295 391 464 515 462 347 310 202 183 225 187 220 269 173 129 155 281 327 341 381 507 564 605 589 516 485 483 473 429 527 643 781 867 878 870 811 836 752 809 754 639 699 683 578 554 529 545 574 509 450 418 467 537 654 687
13 12 9 9 15 17 17 17 48 46 43 89 145 197 199 238 197 131 72 37 55 53 64 80 125 191 238 346 530 543 443 364 248 212 263 296 227 271 261 172 108 138 212 242 265 297 392 437 500 562 618 625 566 540 499 529 620 774 934 976 946 906 907 804 811 778 722 789 768 656 596 573 545 526 486 435 493 592 630 693 789
15 14 10 12 19 15 18 23 20 44 42 71 85 123 160 266 203 103 57 39 44 49 59 77 114 200 256 380 550 516 368 281 247 293 344 360 327 318 189 143 121 156 174 236 292 329 348 449 509 593 650 701 670 626 603 617 672 743 870 1011 990 1009 993 916 894 831 769 797 796 775 744 698 603 522 432 506 599 660 722 765 847
16 25 17 10 15 14 24 76 73 29 37 35 40 78 159 191 143 120 49 45 48 47 67 133 159 179 216 363 586 548 395 295 289 384 376 447 427 323 237 194 139 202 273 241 329 424 465 525 603 668 720 778 797 769 734 729 805 848 894 978 1053 1035 962 875 852 826 716 694 792 739 737 653 531 471 518 522 627 733 803 856 917
17 42 25 15 10 19 48 87 55 22 30 30 37 101 150 132 90 54 43 50 53 52 71 131 186 264 312 430 622 573 421 307 327 414 500 542 423 269 239 186 167 288 362 339 368 486 506 547 615 673 748 836 861 862 860 838 890 973 1016 1030 1051 1000 894 799 714 702 653 705 790 748 729 648 580 560 613 632 673 782 861 925 993
111 147 66 28 25 50 113 109 54 26 32 34 40 62 82 72 52 45 45 53 59 64 89 134 234 315 373 495 574 571 455 379 428 473 605 572 435 320 241 169 254 378 445 448 521 572 540 546 602 649 702 773 693 704 742 784 816 902 1050 1064 886 897 862 765 645 577 605 707 778 736 730 782 788 722 758 766 787 834 910 974 1079
182 239 155 72 95 143 79 44 50 26 32 36 53 94 59 49 44 44 47 57 61 68 91 129 199 296 349 414 530 532 498 522 496 546 638 508 355 251 190 279 336 466 517 533 642 698 614 620 627 698 709 622 557 567 580 674 690 801 886 924 772 686 746 753 623 562 598 695 748 776 764 809 886 933 916 903 908 891 940 1045 1160
263 236 118 75 76 118 60 34 32 27 27 28 65 103 69 59 53 53 58 58 69 80 118 150 263 281 290 361 527 456 427 555 608 606 609 472 280 196 296 403 486 543 623 624 708 748 728 772 758 759 655 517 476 494 502 567 614 720 707 733 702 602 612 654 604 541 539 603 670 829 858 842 885 972 1001 1046 1026 960 988 1103 1183
269 184 83 52 59 56 39 33 37 37 32 31 74 98 76 55 67 113 99 72 82 101 129 164 265 359 354 414 434 352 370 516 586 585 594 488 297 242 430 606 684 706 754 793 799 807 815 857 880 850 699 523 419 429 431 460 545 593 572 564 596 544 501 522 546 499 556 629 726 875 1017 1019 1023 1049 1042 1077 1157 1080 1103 1152 1166
241 155 96 42 73 43 36 33 35 43 39 33 88 53 41 47 56 87 134 105 128 210 233 270 294 323 386 444 373 290 358 474 462 500 585 476 358 288 400 606 740 821 891 938 943 927 940 927 838 695 604 513 436 382 391 385 447 509 546 494 498 483 489 469 474 499 544 667 772 899 967 1037 1130 1156 1149 1158 1232 1218 1224 1124 1050
211 89 74 40 67 35 40 38 38 39 41 39 52 41 54 61 62 136 135 151 179 244 284 294 275 304 363 339 335 244 328 342 344 436 557 511 517 358 385 577 728 771 838 908 925 951 940 802 694 594 513 454 439 389 330 352 393 419 482 457 449 448 432 466 507 500 537 634 733 825 877 967 1073 1180 1215 1237 1315 1339 1221 1079 987
133 55 47 34 33 36 38 41 47 52 44 37 39 65 76 71 64 117 159 138 157 175 174 166 188 236 219 211 205 212 258 295 350 456 582 654 679 492 550 694 734 764 808 862 870 891 791 648 605 543 490 437 381 343 307 327 337 344 390 373 407 402 424 499 554 536 561 626 724 684 753 845 931 1032 1135 1246 1286 1342 1170 1046 964
80 36 31 33 35 37 37 42 49 48 43 47 73 89 102 132 101 109 98 126 145 138 144 199 209 169 158 164 206 280 323 375 419 518 698 746 756 704 756 827 835 859 910 945 924 807 683 608 551 483 455 422 396 371 305 276 287 303 299 318 363 410 461 505 520 485 472 561 651 619 743 765 855 966 1067 1176 1235 1284 1136 1005 932
84 37 28 36 34 36 42 50 51 52 56 58 118 109 126 199 225 216 132 164 161 172 201 232 265 227 204 183 220 277 378 481 508 612 796 821 850 836 842 911 923 916 988 978 874 745 637 556 564 463 409 388 352 365 366 306 262 289 290 322 343 391 481 508 476 468 439 504 521 536 626 716 837 951 1032 1056 1170 1277 1124 958 873
120 45 28 34 35 36 37 43 47 64 69 71 127 208 213 285 312 223 140 184 219 241 269 323 369 255 273 231 218 303 387 530 605 686 836 857 855 900 935 973 1003 1000 1020 886 797 668 595 532 471 428 398 378 360 317 326 333 279 257 259 304 412 497 553 493 445 424 418 436 500 585 702 788 891 999 982 1015 1108 1214 1142 966 829
99 41 29 33 31 30 43 59 50 61 69 80 127 176 277 373 379 272 171 203 273 313 361 411 407 305 379 281 223 293 390 532 621 692 747 750 746 855 989 1014 1085 1034 932 821 757 664 596 576 515 455 369 371 371 312 277 269 257 237 255 340 402 440 487 482 411 390 418 481 530 590 689 821 929 919 903 955 1023 1143 1089 937 787
48 28 33 37 40 32 57 71 50 54 78 84 126 156 237 330 379 298 236 258 292 324 355 429 373 455 463 323 265 283 397 586 621 640 659 665 723 832 983 1065 1102 938 836 758 734 720 674 656 510 414 430 485 455 375 340 310 304 276 268 327 372 366 387 448 470 362 366 443 523 645 733 795 870 831 825 862 1000 1112 1036 876 727
26 25 36 32 44 45 79 77 62 60 109 113 140 183 275 390 508 433 376 382 436 449 437 432 447 532 449 365 332 335 411 586 613 625 638 671 706 805 903 1018 997 898 805 781 762 702 687 590 525 538 567 582 504 418 339 310 267 243 258 272 290 286 333 436 469 364 319 410 484 578 566 659 772 709 714 814 949 1038 919 818 677
24 27 38 37 39 51 60 70 68 106 218 217 248 243 322 424 516 570 485 457 484 511 480 439 555 532 478 463 514 461 479 590 654 660 675 724 750 777 862 974 965 888 868 816 745 734 738 724 699 726 665 546 464 385 314 289 282 235 219 258 281 311 338 413 448 361 313 280 378 483 536 637 637 592 709 894 986 849 723 690 647
25 25 39 38 51 53 69 66 105 203 302 348 354 373 418 432 461 546 572 562 582 575 470 519 564 517 530 584 602 612 601 685 669 734 776 855 842 894 979 982 965 974 915 806 794 781 814 778 699 641 572 472 428 377 313 274 256 241 227 223 255 292 293 334 401 407 371 288 348 436 518 630 559 617 751 904 938 743 581 514 557
22 36 36 43 52 64 81 93 122 219 291 349 411 482 489 539 618 698 702 692 641 554 511 546 524 532 611 705 717 735 739 732 736 810 897 979 1021 1086 1043 998 978 948 921 892 846 873 872 758 644 535 483 466 500 421 335 304 362 359 280 219 230 259 282 321 387 420 380 314 281 320 395 516 503 570 689 871 859 696 523 430 439
21 27 33 39 50 60 86 111 150 225 258 273 341 426 563 705 805 797 768 720 625 543 555 549 518 563 654 771 812 856 881 860 856 809 871 954 1045 1103 1059 1053 996 937 913 961 925 890 821 749 645 574 493 421 428 390 331 356 356 379 337 226 189 224 291 353 380 430 428 360 333 249 360 477 490 511 638 811 743 605 483 394 353
24 27 34 41 48 58 88 131 197 224 262 318 400 496 618 861 888 855 784 639 564 553 571 526 533 635 757 816 875 917 915 949 927 904 942 1016 1114 1192 1133 1093 1025 952 883 863 825 767 749 762 726 624 525 450 380 362 317 298 321 285 282 283 217 209 268 294 336 425 466 405 379 237 271 390 428 510 631 737 584 474 415 320 351
27 31 33 40 46 61 141 207 268 391 423 446 533 665 735 964 949 862 698 601 525 528 503 503 612 751 866 867 931 973 965 989 1004 1090 1163 1226 1260 1257 1170 1097 1035 967 896 806 674 649 672 666 647 616 497 436 368 321 306 296 303 266 204 223 206 196 270 321 333 378 463 424 382 282 217 338 365 451 601 669 492 395 345 335 440
