DEM/DEM38.asc
ncols 800
nrows 800
xllcenter 720150.000000
yllcenter 560150.000000
cellsize 300.000000
nodata_value -9999
[rows 468 to 506 of 800, columns 264 to 351 of 800]
127 109 98 128 162 178 156 142 162 193 166 132 134 141 144 130 124 106 111 98 88 89 94 105 160 201 185 138 141 169 234 260 271 174 167 149 184 240 357 469 544 564 499 367 210 94 67 54 51 51 46 45 52 50 45 45 44 44 45 39 45 42 43 43 40 40 35 36 35 32 29 28 26 29 25 34 29 27 32 34 27 20 20 16 16 18 15 16
139 112 101 119 155 157 167 152 143 144 150 137 120 117 114 123 118 113 111 106 90 93 105 133 159 218 157 105 113 202 300 255 214 182 129 145 195 232 329 424 466 474 440 339 220 121 71 55 47 44 43 37 35 45 46 51 46 46 40 41 39 37 37 43 43 34 36 32 28 33 30 33 27 35 35 32 24 32 33 32 28 29 26 14 19 18 14 15
131 112 105 111 136 143 168 145 139 135 124 129 130 112 106 104 111 114 101 105 92 101 118 126 145 201 128 107 137 245 306 249 204 142 127 177 233 220 257 343 384 414 352 268 165 83 58 54 46 41 40 42 36 44 47 44 47 46 38 40 44 34 38 41 33 37 34 32 27 27 32 35 34 31 31 30 25 31 30 29 25 23 17 17 19 16 17 20
127 121 108 103 124 152 189 215 163 142 138 121 112 108 115 118 102 104 106 94 91 93 95 124 138 127 104 116 201 317 270 234 190 135 152 255 308 263 217 257 299 350 311 198 108 68 56 52 56 49 43 43 38 36 44 41 35 36 30 31 31 29 32 27 25 25 26 28 23 23 24 29 29 27 23 26 24 22 19 20 20 17 20 18 20 19 21 21
119 123 115 102 116 153 199 256 181 163 143 137 117 134 126 122 113 110 98 89 93 99 100 101 97 96 99 106 174 227 171 180 134 127 190 259 334 334 229 204 227 276 274 165 80 57 50 45 55 51 51 47 39 32 30 30 32 36 34 33 28 25 24 28 31 29 22 20 21 20 20 19 25 25 25 16 19 19 21 18 15 15 17 17 18 22 22 27
113 114 121 102 113 130 175 250 205 190 166 146 124 135 121 114 112 116 105 93 93 101 101 95 93 95 93 103 139 155 189 195 125 134 161 217 289 322 238 181 195 244 253 161 71 50 49 41 49 54 46 53 47 38 35 37 41 44 39 36 31 30 28 28 29 27 23 25 24 21 23 24 22 19 19 22 22 19 22 22 18 20 18 17 20 21 28 58
132 118 108 100 103 120 157 234 215 185 172 158 137 124 124 115 103 103 96 95 103 106 108 108 105 102 96 96 132 186 188 142 128 200 234 286 281 337 315 181 156 174 195 124 61 50 44 40 47 51 41 42 35 33 34 35 33 33 36 31 28 27 28 27 27 26 23 22 22 23 22 25 22 19 23 24 22 20 20 20 23 17 17 17 22 -9999 -9999 -9999
142 125 124 109 105 118 138 167 206 206 175 153 144 130 125 113 106 104 101 102 111 131 129 123 119 98 100 101 162 222 142 122 175 233 306 361 358 395 381 201 115 110 127 99 64 55 44 38 37 38 38 33 32 31 31 30 29 29 30 27 25 24 24 24 23 26 25 23 20 20 20 22 23 23 25 21 22 23 24 27 23 23 22 18 21 -9999 -9999 -9999
130 111 106 108 108 117 140 164 208 220 197 159 136 129 119 114 114 101 114 112 125 136 124 104 106 98 120 105 136 172 114 142 199 286 399 409 447 471 377 230 113 62 68 62 55 49 46 44 40 41 41 34 32 34 35 29 28 27 27 28 28 25 27 26 28 28 25 26 24 21 19 22 23 20 20 19 18 20 28 33 27 22 19 17 19 -9999 -9999 -9999
134 116 117 116 114 122 150 206 204 226 203 146 128 125 119 108 101 97 117 127 116 112 100 98 94 102 169 131 122 127 137 223 228 305 349 357 418 436 326 221 137 64 57 55 55 49 45 41 41 37 37 42 39 37 32 32 31 28 31 32 29 29 31 31 36 27 23 24 22 22 22 18 17 16 21 20 21 23 27 23 18 21 18 18 17 -9999 -9999 -9999
167 152 130 119 108 131 162 211 196 186 174 138 134 129 109 102 113 108 126 136 118 100 96 93 98 117 173 176 156 118 153 218 239 282 262 331 343 365 284 199 128 81 56 53 51 50 45 43 41 42 48 49 41 35 36 33 35 33 34 31 27 34 33 34 36 29 24 23 24 22 18 20 19 20 23 23 27 28 24 22 18 20 17 22 20 -9999 -9999 -9999
196 170 127 115 131 131 162 161 170 162 147 130 134 108 99 97 114 116 136 139 122 107 99 99 111 121 155 200 163 169 215 206 213 201 226 273 306 351 312 213 156 123 66 50 50 51 48 48 51 59 53 44 45 40 42 46 47 37 34 30 34 38 33 30 30 27 25 25 21 19 20 20 19 28 28 27 30 31 30 22 19 18 19 22 22 -9999 -9999 -9999
200 189 163 149 142 131 151 160 146 146 122 125 108 106 104 104 115 125 134 137 133 109 95 95 114 130 185 206 193 193 173 179 165 194 227 264 353 414 338 256 234 186 113 71 59 58 55 61 61 59 52 49 46 46 40 36 43 35 28 27 33 30 32 30 27 23 21 21 22 22 21 18 22 31 35 36 34 29 21 17 20 20 22 21 21 -9999 -9999 -9999
192 145 180 157 139 129 156 162 143 137 112 110 108 114 117 119 115 116 119 127 125 112 94 96 105 121 154 155 197 172 135 123 145 225 264 363 414 448 414 370 349 245 155 112 88 62 59 47 50 47 45 45 47 37 29 27 29 28 28 30 32 27 30 30 25 23 24 27 26 24 19 21 29 32 36 28 30 34 25 21 20 19 25 -9999 -9999 -9999 -9999 -9999
188 136 138 125 129 116 136 130 116 116 119 116 117 122 132 124 124 115 114 115 112 98 95 95 98 117 155 129 124 118 122 122 149 192 249 326 416 489 491 444 429 293 185 149 96 58 54 51 42 40 34 33 36 33 37 34 33 34 32 31 26 28 30 26 24 28 29 30 27 23 17 25 35 37 36 29 26 23 21 23 19 23 23 -9999 -9999 -9999 -9999 -9999
216 154 138 131 115 117 116 120 145 136 136 133 131 136 142 147 136 109 113 121 107 94 99 98 98 109 131 140 139 136 134 122 160 210 289 363 431 538 567 524 478 333 257 194 99 54 47 49 49 40 45 41 40 36 37 33 35 33 32 30 26 27 28 25 31 26 24 25 23 25 19 27 30 35 40 35 28 26 27 25 20 24 24 -9999 -9999 -9999 -9999 -9999
210 144 148 127 119 123 125 120 181 164 172 142 145 152 155 136 139 121 121 126 109 99 109 102 106 105 115 117 120 160 163 145 209 277 354 428 507 595 646 593 479 403 326 223 109 56 49 45 42 44 53 49 51 45 35 37 35 35 31 29 31 33 30 30 32 27 32 28 27 21 22 32 34 35 44 36 30 28 28 20 19 19 21 -9999 -9999 -9999 -9999 -9999
172 138 132 116 125 132 135 140 173 179 198 189 169 162 154 160 157 124 107 108 110 99 112 111 111 131 142 110 110 161 201 176 257 365 412 518 648 688 706 622 548 456 343 224 101 53 52 52 50 52 50 47 44 40 37 35 32 31 33 37 31 34 32 36 31 30 30 31 20 20 29 38 30 35 40 36 35 32 23 21 20 17 17 -9999 -9999 -9999 -9999 -9999
154 131 120 130 137 128 140 160 175 203 198 236 219 174 156 151 148 115 117 113 103 97 106 115 135 176 187 171 140 155 211 218 235 299 386 543 664 670 690 641 582 461 344 201 94 56 47 46 58 52 46 46 46 40 37 35 35 35 43 35 41 44 40 34 33 33 33 27 22 28 31 37 41 36 34 28 25 23 21 24 19 19 19 19 20 -9999 -9999 -9999
145 138 122 136 147 136 158 166 182 195 204 223 196 163 139 135 126 135 156 147 110 98 97 108 158 256 224 176 153 166 219 270 309 289 336 460 570 614 652 570 495 414 307 188 85 48 42 42 51 46 39 40 39 37 37 39 47 42 44 40 46 48 43 37 31 36 31 25 21 33 30 33 36 39 35 32 25 21 20 21 18 23 24 21 21 -9999 -9999 -9999
135 129 133 134 172 145 138 173 171 206 203 195 162 147 143 169 173 155 144 128 104 95 101 112 171 247 229 190 176 201 264 315 356 389 387 451 530 607 601 550 465 354 258 168 94 60 42 40 43 45 45 41 37 40 38 39 47 50 40 46 44 41 43 34 33 33 27 20 23 31 32 34 39 41 38 29 25 28 27 24 19 24 24 22 20 -9999 -9999 -9999
133 133 145 176 177 155 143 179 176 209 188 188 209 210 204 176 174 149 135 160 114 97 98 116 183 205 210 217 218 234 291 343 390 459 480 519 548 537 504 455 415 314 236 165 111 68 46 39 38 41 42 39 38 39 46 37 43 46 47 44 36 35 37 32 25 24 23 29 30 36 30 35 41 39 37 32 30 29 21 23 21 21 21 21 20 22 27 30
168 170 182 223 200 193 184 161 158 186 205 232 261 234 192 148 138 153 176 177 118 98 98 107 143 143 147 222 250 265 288 371 421 456 501 541 553 454 391 323 274 240 169 143 114 60 57 46 42 42 38 39 39 39 42 48 48 49 44 44 43 44 29 26 28 22 26 31 29 32 40 41 39 32 28 25 30 26 23 25 21 20 23 21 20 20 22 25
174 168 231 228 177 213 191 163 146 176 221 258 270 222 176 170 161 183 160 148 116 101 99 99 114 130 169 222 283 311 319 419 464 527 552 576 583 472 375 270 218 174 123 88 76 44 47 44 41 38 41 40 38 42 49 54 47 43 43 42 44 46 35 32 29 24 25 34 31 35 41 36 39 37 33 26 27 24 23 22 20 19 26 23 22 20 22 22
171 161 192 204 162 161 150 150 145 189 196 231 218 207 232 229 215 194 164 152 111 101 102 100 146 204 253 267 256 307 348 430 478 507 511 545 582 489 383 269 224 187 142 90 58 49 44 46 44 40 43 40 40 45 49 44 41 38 38 35 35 33 28 27 27 26 27 34 35 40 37 31 36 41 31 30 31 26 22 23 20 24 24 25 25 21 20 24
163 148 165 174 149 139 140 130 126 149 167 188 179 190 258 227 185 179 176 154 110 102 99 100 141 207 360 315 275 306 363 429 491 508 536 612 613 506 383 300 248 234 184 127 61 45 41 42 42 47 42 48 50 46 50 51 49 44 44 43 40 34 29 26 25 24 39 34 40 41 38 31 31 29 25 30 26 27 23 23 20 24 24 24 25 24 21 27
155 150 157 161 164 145 142 141 134 128 147 155 167 185 205 168 147 168 202 150 114 105 98 103 135 212 365 321 289 288 331 417 523 563 603 653 627 494 403 352 297 259 162 93 56 48 41 43 45 49 45 46 54 50 51 48 47 48 42 44 44 38 27 30 29 34 38 43 44 34 38 32 25 21 22 25 23 25 23 21 28 24 24 29 23 22 22 22
151 153 146 170 188 172 160 141 132 122 133 137 148 149 147 138 128 150 204 188 134 112 101 104 137 230 359 321 273 278 360 442 501 603 676 729 658 547 470 376 287 217 151 100 72 52 46 50 46 43 46 60 56 52 54 47 40 43 45 37 37 33 30 39 33 34 40 42 41 39 36 27 25 24 24 26 29 28 26 25 24 21 26 28 25 22 22 23
138 133 134 164 167 155 143 135 132 122 119 120 132 128 141 124 141 167 212 214 138 122 106 109 149 266 363 281 244 277 348 393 494 567 664 771 690 607 462 338 283 216 145 117 94 76 57 47 43 43 51 95 74 54 47 44 39 39 45 43 39 35 32 34 36 36 43 36 29 29 29 28 24 25 26 33 38 35 38 32 27 23 24 26 26 21 22 22
143 145 156 136 136 152 145 134 137 140 129 122 122 113 119 120 131 138 148 151 124 112 104 107 165 309 318 209 214 280 356 403 479 575 691 766 615 534 422 340 292 216 167 192 194 153 65 47 43 43 50 69 81 53 49 50 50 44 41 38 40 34 31 36 43 40 40 32 34 28 32 30 29 29 25 31 36 32 28 27 30 27 27 24 24 23 22 20
169 165 171 133 135 158 173 170 149 146 148 129 139 133 131 125 120 108 106 115 113 111 107 111 195 293 242 186 211 311 407 497 522 584 673 727 630 521 389 335 314 255 252 243 227 137 56 47 47 49 47 49 60 51 45 45 44 46 41 35 32 29 29 39 40 45 39 35 30 36 34 28 35 29 27 37 33 32 35 34 31 27 28 25 25 23 23 23
190 166 150 139 123 124 156 161 137 129 153 138 122 128 132 123 124 108 124 116 102 103 107 110 155 196 180 181 240 330 437 561 642 694 735 670 538 483 464 412 360 317 290 218 161 84 52 64 65 53 51 56 61 46 42 39 38 35 35 39 33 36 32 40 44 43 32 38 36 35 28 33 31 27 37 42 36 34 35 29 29 25 23 25 22 22 25 23
171 159 181 161 132 124 120 142 140 120 114 114 108 108 109 105 104 132 161 165 122 106 105 116 184 169 164 210 292 392 528 586 634 739 748 675 620 594 515 450 390 339 263 220 162 76 90 170 150 92 59 81 84 51 47 47 44 39 42 35 35 41 34 36 40 37 35 43 40 31 34 36 33 35 51 39 39 33 29 27 23 22 21 23 22 24 20 19
195 172 169 135 126 124 119 121 114 108 114 123 120 122 121 113 140 184 217 179 130 119 129 117 190 201 173 237 320 462 550 625 689 739 779 802 746 643 551 478 421 316 224 190 121 106 197 271 223 120 57 59 70 62 55 56 51 43 41 39 41 39 39 34 41 41 47 43 37 33 35 39 37 41 41 31 32 32 30 26 30 28 27 24 23 32 25 23
200 179 160 130 131 139 127 140 116 110 189 206 138 143 129 114 163 174 175 161 133 146 146 123 213 269 202 248 328 385 489 567 642 648 777 889 824 691 589 526 448 320 238 189 95 128 230 243 179 99 55 47 50 53 54 62 52 45 45 44 44 42 41 39 39 44 41 48 40 39 45 39 39 45 37 39 37 35 31 25 30 26 27 22 23 24 26 40
190 155 145 140 133 146 136 141 116 116 164 169 148 148 135 113 137 144 131 134 127 117 110 119 210 310 259 251 294 328 425 547 535 616 753 866 829 704 607 525 429 337 255 162 119 167 194 149 124 85 52 55 52 46 46 51 48 42 46 42 40 44 44 47 44 45 42 39 33 45 42 36 36 46 44 46 41 33 28 31 30 27 24 23 25 24 24 29
159 152 150 148 131 162 167 154 123 124 169 166 151 141 121 126 157 145 140 132 121 108 119 145 262 359 348 338 405 402 453 441 452 569 687 696 734 654 577 514 420 317 216 167 218 279 233 140 76 58 50 51 56 52 50 47 42 37 37 43 38 42 38 42 40 45 43 40 41 51 48 37 38 45 37 39 40 32 32 36 31 25 23 26 26 24 22 26
162 154 142 138 144 163 185 159 122 127 135 168 197 162 138 142 175 171 151 128 115 113 116 142 228 226 248 293 364 441 434 368 443 557 552 583 585 572 477 419 344 264 235 280 317 369 254 170 120 89 63 48 50 44 44 45 44 45 42 38 39 35 34 38 37 41 37 39 44 41 40 40 43 44 36 29 34 34 33 30 25 24 24 24 24 26 23 26
161 153 146 140 151 206 184 157 132 143 144 146 160 168 173 172 213 176 143 142 116 108 117 144 184 170 177 218 280 367 337 341 445 491 480 518 479 520 483 410 355 320 324 403 410 372 278 230 190 146 111 56 43 45 46 44 40 46 45 38 34 32 31 34 39 36 37 42 41 40 31 34 39 35 33 28 31 33 29 30 26 24 24 27 27 -9999 -9999 -9999
