DEM/DEM37.asc
ncols 800
nrows 800
xllcenter 480150.000000
yllcenter 560150.000000
cellsize 300.000000
nodata_value -9999
[rows 136 to 169 of 800, columns 385 to 461 of 800]
22 26 30 38 34 30 24 20 25 36 22 28 30 34 35 32 37 31 30 32 40 33 37 40 33 17 15 17 31 37 34 33 41 33 35 34 37 31 36 38 43 56 54 38 34 40 43 41 42 45 50 39 37 33 31 32 32 30 31 31 31 30 30 35 36 36 59 43 47 67 74 72 77 73 69 66 87
30 25 28 32 33 25 25 19 28 38 39 39 30 33 38 35 35 35 37 30 40 37 41 37 29 14 14 15 23 21 28 29 36 29 29 28 28 36 31 44 57 55 47 39 34 39 39 38 39 38 37 37 34 34 31 32 30 31 29 29 32 31 31 36 34 34 35 38 44 58 118 136 85 51 56 54 53
28 21 24 34 26 23 23 18 23 27 35 38 27 28 35 29 36 35 36 28 36 39 38 26 21 15 13 17 27 20 30 36 33 23 27 34 32 28 34 53 59 47 41 43 40 37 40 38 36 35 39 35 38 40 39 33 33 28 29 30 30 35 33 32 32 33 37 40 43 44 61 55 49 50 51 50 51
25 19 30 31 23 19 26 24 25 27 25 31 24 31 31 34 38 34 37 28 36 34 37 24 14 14 14 21 21 17 28 36 27 32 28 36 33 27 30 44 50 46 42 37 44 34 38 35 32 31 39 37 45 52 52 61 38 28 27 31 32 37 33 35 37 34 35 42 36 35 39 42 44 46 66 54 45
16 15 24 29 20 23 24 23 25 22 19 19 23 28 30 35 22 31 24 28 29 38 28 18 14 13 15 19 16 15 20 22 28 35 30 33 29 34 37 40 45 40 45 36 38 41 37 34 35 34 36 43 42 44 48 52 40 30 29 30 27 30 33 42 43 49 35 36 37 35 39 41 42 42 54 51 43
15 22 25 24 29 29 21 23 24 22 16 21 31 27 31 32 30 29 30 28 30 26 19 13 12 12 14 18 14 14 16 18 26 34 32 30 30 32 36 38 38 32 36 30 32 36 40 38 33 35 37 33 27 33 48 40 35 31 28 27 25 29 32 44 56 67 40 35 37 35 37 40 39 39 47 41 40
16 22 17 15 20 25 23 17 23 23 19 17 30 31 21 24 27 23 33 32 36 28 14 11 12 11 11 13 12 14 14 24 35 33 29 31 31 34 32 37 48 40 30 29 30 31 35 38 31 36 25 25 25 30 38 35 27 27 28 25 28 31 29 37 76 94 49 30 33 33 36 36 38 37 39 42 39
16 17 14 14 19 20 23 19 25 20 20 21 28 33 22 32 25 29 27 28 27 23 17 11 13 12 11 15 13 13 14 31 21 25 29 28 31 30 35 39 39 31 30 27 32 39 33 35 29 30 28 24 29 31 36 31 24 24 25 25 29 29 28 71 104 41 35 30 29 32 32 34 33 34 38 41 38
14 15 14 15 17 26 22 17 18 19 18 28 23 29 30 27 30 32 27 25 25 23 10 11 11 11 12 12 12 13 20 31 23 34 29 29 35 37 29 27 26 25 35 27 31 33 33 30 28 28 25 25 35 40 44 34 22 22 23 22 24 25 24 105 85 26 29 36 35 33 36 52 36 36 39 49 38
13 16 18 18 26 28 23 21 17 20 26 29 21 21 28 25 27 34 27 26 26 16 9 12 13 10 10 13 11 16 31 26 22 30 35 31 30 36 34 28 23 24 34 26 28 27 32 32 30 31 25 27 40 38 34 24 21 23 23 24 22 24 28 40 31 27 30 31 32 33 54 85 55 37 38 43 40
10 22 25 25 26 16 15 19 16 15 23 27 32 27 20 23 30 34 26 27 25 19 11 11 14 15 19 19 15 20 32 28 18 25 28 31 24 27 32 33 23 28 30 32 28 28 23 30 32 29 26 24 36 30 20 20 21 22 27 26 26 28 29 29 27 33 55 34 30 35 44 78 82 35 35 40 38
15 22 24 28 28 18 18 18 20 17 20 22 24 25 20 26 30 28 29 30 31 26 12 10 9 15 15 20 17 20 24 23 27 19 21 21 22 23 27 23 25 23 25 28 25 28 28 28 29 29 27 23 24 20 20 21 23 27 23 25 25 27 50 129 101 116 100 39 49 39 45 84 104 38 35 35 36
23 22 17 23 24 22 27 18 18 22 29 27 21 24 20 24 33 28 30 29 29 21 8 10 10 13 14 17 11 20 27 21 17 14 13 14 25 26 21 24 30 27 28 24 21 25 26 24 29 29 26 25 24 21 20 25 25 22 22 21 22 54 123 160 200 122 98 55 71 55 60 79 93 38 34 36 36
19 20 17 22 25 28 32 19 17 18 26 26 27 26 22 19 25 21 27 33 23 11 8 9 9 11 11 16 12 13 22 24 21 20 19 13 19 24 24 24 30 33 29 25 25 23 25 23 26 28 26 24 24 23 22 24 25 23 26 26 22 77 158 196 200 122 108 66 46 68 77 95 87 38 34 35 36
17 16 16 18 19 25 32 22 20 15 16 24 23 19 20 23 20 22 30 33 25 13 13 11 10 9 14 12 16 16 17 12 16 19 22 20 25 26 25 29 31 23 22 22 21 24 25 23 26 22 27 23 24 23 23 26 25 24 23 25 53 97 121 156 165 122 126 73 36 48 88 120 81 36 34 34 33
21 24 15 15 12 17 22 21 24 15 16 26 24 19 17 24 27 17 25 30 25 22 24 15 11 9 13 15 13 12 11 11 26 24 24 21 25 30 28 31 32 24 22 23 23 22 23 22 27 26 28 28 27 21 22 23 20 20 21 22 59 122 98 146 176 124 128 126 35 41 60 56 36 33 33 36 38
17 21 26 25 12 15 21 22 23 16 17 25 23 23 25 24 27 17 16 25 24 27 18 12 12 11 11 13 11 12 12 20 26 20 20 22 23 32 29 27 28 25 21 27 22 21 25 25 24 26 33 25 28 21 26 29 23 21 22 22 35 95 85 110 190 148 145 129 33 33 34 34 33 33 33 43 50
15 22 26 18 15 14 18 23 23 21 8 14 20 18 20 23 30 28 14 23 21 27 16 9 8 7 9 13 9 9 12 19 24 14 19 22 24 29 23 21 22 18 21 22 22 28 26 26 28 26 25 26 27 28 32 36 33 23 22 21 25 117 99 61 150 157 139 96 33 33 44 41 32 31 33 40 46
10 17 22 16 12 11 21 18 18 18 10 13 15 12 18 24 27 24 14 17 20 22 8 8 9 11 12 8 8 11 17 16 17 11 18 26 25 18 17 22 19 19 19 21 26 29 35 37 33 26 25 28 30 35 34 40 31 24 22 21 24 155 158 107 154 155 159 104 32 37 53 43 31 33 31 41 45
13 20 32 22 19 10 9 12 17 15 13 21 18 10 12 22 32 32 17 13 23 16 7 6 11 11 8 7 11 12 18 21 11 10 17 26 22 17 15 15 14 24 24 24 22 27 34 35 33 31 27 24 29 38 33 39 29 24 23 21 23 142 206 188 165 179 188 125 34 32 41 41 31 34 35 44 49
12 18 27 27 25 27 24 15 9 8 16 23 23 16 16 21 25 26 15 13 12 6 6 6 8 7 6 7 9 13 26 19 9 10 13 13 13 14 13 14 18 20 31 26 26 26 26 26 33 39 36 26 32 42 41 32 32 28 22 24 24 148 193 210 196 207 180 115 31 30 30 30 30 35 35 39 35
18 19 25 19 29 30 26 20 12 9 20 14 20 16 16 21 23 22 9 7 6 7 6 5 5 5 6 5 9 19 29 10 9 14 13 13 13 17 15 18 19 23 19 23 24 29 29 30 35 40 32 27 28 35 41 45 37 31 25 25 22 63 160 194 238 258 180 110 36 29 29 29 30 36 32 31 37
22 25 26 19 23 31 20 11 11 6 7 14 24 13 9 19 23 14 7 6 8 8 8 7 6 6 6 6 8 25 25 15 10 15 13 13 15 16 25 22 28 26 17 22 25 31 28 31 32 30 28 30 34 36 42 44 38 39 33 26 22 24 120 209 281 269 218 197 53 29 28 30 29 36 34 31 37
15 19 26 18 26 29 22 21 10 8 13 17 21 13 10 20 26 10 6 5 5 6 5 6 13 6 7 5 10 17 14 16 12 13 10 13 12 14 21 26 23 17 16 20 24 25 30 31 32 33 32 35 35 40 44 37 33 31 29 25 26 58 102 203 317 309 273 253 54 30 30 35 30 32 30 30 29
9 22 23 14 23 24 24 16 8 8 9 10 13 11 8 18 21 11 7 4 6 5 5 4 4 4 6 6 13 26 16 13 9 11 9 13 9 10 9 21 16 16 19 25 19 22 20 26 26 29 26 31 40 43 53 41 38 26 27 23 82 145 156 169 292 344 352 288 62 32 28 38 34 30 32 29 30
7 14 17 13 25 23 29 28 14 8 8 7 11 20 6 8 11 6 7 5 5 5 5 5 6 6 7 6 15 21 15 9 10 8 9 10 8 9 9 11 20 22 20 18 22 25 22 24 22 28 34 27 35 41 50 35 35 26 22 24 123 182 123 119 250 326 390 353 83 38 31 42 39 29 33 33 33
15 14 14 15 22 23 20 25 23 10 7 7 16 25 16 7 6 6 7 7 6 4 5 7 7 8 7 6 6 9 10 7 10 9 10 10 9 8 10 14 23 24 17 19 23 24 26 22 23 28 44 38 38 43 42 34 27 26 21 22 95 114 63 145 228 288 332 318 134 42 30 37 36 38 31 32 34
22 22 24 25 15 21 7 11 10 8 7 8 18 15 20 14 11 8 7 8 6 4 5 7 7 8 7 4 4 5 9 8 8 9 9 7 7 6 11 15 24 20 16 18 21 21 18 19 23 24 29 40 45 43 34 31 31 26 24 22 25 23 31 158 186 196 265 260 95 37 28 28 41 39 29 31 32
20 28 24 24 15 26 13 10 6 7 7 7 6 8 19 19 21 7 8 7 6 6 5 7 8 7 8 6 5 6 9 6 8 9 8 8 8 5 7 14 19 16 13 16 16 17 17 16 19 22 27 36 34 41 39 41 33 31 21 20 21 20 49 162 153 160 223 275 120 36 26 27 33 28 28 31 34
20 25 25 18 12 23 22 21 22 16 7 6 6 9 11 8 11 7 7 8 7 7 7 8 8 8 8 6 7 6 4 6 9 8 7 6 6 5 6 14 13 11 14 16 20 16 18 18 21 22 21 26 30 41 43 47 37 29 23 21 21 19 70 114 96 151 192 284 200 50 27 27 26 27 29 32 33
30 29 22 17 8 17 19 14 20 23 14 9 8 8 7 7 16 8 7 7 6 9 9 8 9 9 7 8 8 10 5 7 7 6 7 6 6 5 6 10 9 12 16 16 19 19 18 17 19 23 26 28 32 31 45 48 39 30 23 20 21 19 57 90 85 144 191 242 230 77 34 27 26 26 28 31 31
30 30 23 11 7 14 13 23 29 21 11 8 8 7 7 8 9 11 8 7 7 10 7 9 9 7 7 8 8 8 6 8 16 5 5 4 6 7 6 6 9 15 13 14 17 18 17 19 22 28 31 30 31 36 55 67 45 33 22 19 20 19 27 80 86 136 192 219 230 74 52 32 27 25 30 32 29
19 22 16 11 7 9 17 26 27 29 21 17 24 16 8 8 7 19 10 7 6 7 8 8 7 8 8 7 8 7 7 12 16 5 5 6 7 7 6 8 14 12 11 14 12 14 14 17 24 27 31 28 34 38 55 66 49 33 26 20 19 18 18 45 57 97 183 202 205 91 117 118 38 29 31 29 28
7 16 9 6 10 15 19 17 20 17 15 20 26 17 8 8 11 14 9 7 6 6 7 8 8 7 7 7 8 7 8 19 15 7 5 5 6 4 5 10 15 17 19 14 11 13 12 21 25 29 35 36 30 34 41 52 76 41 26 20 19 19 18 19 19 49 193 239 181 127 153 188 67 36 33 26 26
