DEM/DEM38.asc
ncols 800
nrows 800
xllcenter 720150.000000
yllcenter 560150.000000
cellsize 300.000000
nodata_value -9999
[rows 429 to 467 of 800, columns 0 to 87 of 800]
-9999 -9999 -9999 -9999 -9999 -9999 -9999 -9999 -9999 -9999 -9999 -9999 -9999 -9999 -9999 -9999 -9999 -9999 -9999 -9999 -9999 -9999 -9999 -9999 -9999 -9999 -9999 -9999 -9999 -9999 -9999 -9999 -9999 -9999 -9999 -9999 -9999 -9999 -9999 -9999 -9999 844 825 802 803 798 758 747 822 832 727 629 560 505 558 632 669 734 710 583 480 410 382 365 312 369 299 301 222 252 351 362 304 327 280 226 210 259 288 364 331 184 218 305 298 206 145 135
-9999 -9999 -9999 -9999 -9999 -9999 -9999 -9999 -9999 -9999 -9999 -9999 -9999 -9999 -9999 -9999 -9999 -9999 -9999 -9999 -9999 -9999 -9999 -9999 -9999 -9999 -9999 -9999 -9999 -9999 -9999 -9999 -9999 -9999 -9999 -9999 -9999 -9999 -9999 -9999 -9999 881 872 812 746 755 772 832 905 783 692 636 603 515 475 558 580 653 607 490 396 398 367 321 296 302 280 318 216 245 328 320 267 265 235 184 264 315 286 362 344 202 242 304 270 183 132 121
-9999 -9999 -9999 -9999 -9999 -9999 -9999 -9999 -9999 -9999 -9999 -9999 -9999 -9999 -9999 -9999 -9999 -9999 -9999 -9999 -9999 -9999 -9999 -9999 -9999 -9999 -9999 -9999 -9999 -9999 -9999 -9999 -9999 -9999 -9999 -9999 -9999 -9999 -9999 -9999 -9999 892 899 837 745 708 752 835 865 727 691 685 606 496 428 497 521 582 539 438 372 360 360 347 362 318 269 277 226 204 274 230 275 221 178 164 227 250 210 305 340 179 222 270 240 177 125 122
-9999 -9999 -9999 -9999 -9999 -9999 -9999 -9999 -9999 -9999 -9999 -9999 -9999 -9999 -9999 -9999 -9999 -9999 -9999 -9999 -9999 -9999 -9999 -9999 -9999 -9999 -9999 -9999 -9999 -9999 -9999 -9999 -9999 -9999 -9999 -9999 -9999 -9999 -9999 -9999 -9999 931 890 858 769 702 712 781 774 684 657 672 600 561 470 400 461 504 442 399 356 311 284 333 395 361 273 261 234 181 176 183 223 180 135 172 197 187 184 274 263 141 161 250 220 138 137 129
-9999 -9999 -9999 -9999 -9999 -9999 -9999 -9999 -9999 -9999 -9999 -9999 -9999 -9999 -9999 -9999 -9999 -9999 -9999 -9999 -9999 -9999 -9999 -9999 -9999 -9999 -9999 -9999 -9999 -9999 -9999 -9999 -9999 -9999 -9999 -9999 -9999 -9999 -9999 -9999 -9999 962 893 907 818 752 719 673 672 637 601 583 558 515 479 407 359 395 381 355 317 280 247 261 313 328 393 340 326 252 177 171 134 136 142 148 191 186 152 193 180 122 135 202 172 129 130 128
-9999 -9999 -9999 -9999 -9999 -9999 -9999 -9999 -9999 -9999 -9999 -9999 -9999 -9999 -9999 -9999 -9999 -9999 -9999 -9999 -9999 -9999 -9999 -9999 -9999 -9999 -9999 -9999 -9999 -9999 -9999 -9999 -9999 -9999 -9999 -9999 -9999 -9999 1075 1066 1058 981 956 929 829 817 808 711 658 621 621 566 532 496 454 423 386 335 323 294 263 250 246 228 247 290 383 335 279 212 252 183 133 142 185 137 133 171 124 169 131 134 176 177 134 133 131 132
-9999 -9999 -9999 -9999 -9999 -9999 -9999 -9999 -9999 -9999 -9999 -9999 -9999 -9999 -9999 -9999 -9999 -9999 -9999 -9999 -9999 -9999 -9999 -9999 -9999 -9999 -9999 -9999 -9999 -9999 -9999 -9999 -9999 -9999 -9999 -9999 -9999 -9999 1071 980 1013 1047 1023 966 885 851 796 717 655 688 751 735 631 577 502 494 419 344 340 320 320 312 315 243 214 245 311 224 176 150 200 146 126 128 152 132 130 132 142 137 132 135 148 141 141 137 136 147
-9999 -9999 -9999 -9999 -9999 -9999 -9999 -9999 -9999 -9999 -9999 -9999 -9999 -9999 -9999 -9999 -9999 -9999 -9999 -9999 -9999 -9999 -9999 -9999 -9999 -9999 -9999 -9999 -9999 -9999 -9999 -9999 -9999 -9999 -9999 -9999 -9999 -9999 1037 932 1011 1039 988 961 854 761 712 696 719 753 855 926 809 600 570 498 396 381 421 474 458 411 349 255 218 204 226 209 167 127 149 133 142 176 135 140 169 149 124 123 132 135 132 144 135 132 158 165
-9999 -9999 -9999 -9999 -9999 -9999 -9999 -9999 -9999 -9999 -9999 -9999 -9999 -9999 -9999 -9999 -9999 -9999 -9999 -9999 -9999 -9999 -9999 -9999 -9999 -9999 -9999 -9999 -9999 -9999 -9999 -9999 -9999 -9999 -9999 -9999 -9999 -9999 963 913 1008 1026 936 902 858 772 786 773 774 822 919 946 885 658 625 525 420 431 491 437 410 379 322 247 222 244 315 261 247 151 129 137 193 236 151 207 205 135 143 112 121 133 133 151 161 136 148 146
-9999 -9999 -9999 -9999 -9999 -9999 -9999 -9999 -9999 -9999 -9999 -9999 -9999 -9999 -9999 -9999 -9999 -9999 -9999 -9999 -9999 -9999 -9999 -9999 -9999 -9999 -9999 -9999 -9999 -9999 -9999 -9999 -9999 -9999 -9999 -9999 -9999 -9999 915 873 952 983 874 800 849 911 921 812 795 869 932 877 788 730 673 538 448 514 474 421 372 361 288 235 238 306 350 338 245 155 135 170 225 240 228 254 186 132 127 138 151 130 122 128 129 133 174 197
-9999 -9999 -9999 -9999 -9999 -9999 -9999 -9999 -9999 -9999 -9999 -9999 -9999 -9999 -9999 -9999 -9999 -9999 -9999 -9999 -9999 -9999 -9999 -9999 -9999 -9999 -9999 -9999 -9999 -9999 -9999 -9999 -9999 -9999 -9999 -9999 -9999 -9999 -9999 -9999 -9999 891 813 760 833 939 913 820 828 926 895 796 734 670 556 483 512 526 481 445 386 388 301 296 251 342 392 304 229 209 162 229 236 277 307 268 152 179 178 167 189 158 143 130 120 139 206 212
-9999 -9999 -9999 -9999 -9999 -9999 -9999 -9999 -9999 -9999 -9999 -9999 -9999 -9999 -9999 -9999 -9999 -9999 -9999 -9999 -9999 -9999 -9999 -9999 -9999 -9999 -9999 -9999 -9999 -9999 -9999 -9999 -9999 -9999 -9999 -9999 -9999 -9999 -9999 -9999 -9999 797 729 751 839 896 824 830 876 944 889 783 702 640 616 618 600 532 508 480 438 391 301 331 274 352 370 289 259 282 205 276 270 320 337 251 172 246 263 226 148 124 131 132 129 162 232 211
-9999 -9999 -9999 -9999 -9999 -9999 -9999 -9999 -9999 -9999 -9999 -9999 -9999 -9999 -9999 -9999 -9999 -9999 -9999 -9999 -9999 -9999 -9999 -9999 -9999 -9999 -9999 -9999 -9999 -9999 -9999 -9999 -9999 -9999 -9999 -9999 -9999 -9999 -9999 -9999 -9999 -9999 -9999 802 837 841 762 725 780 827 840 773 710 651 675 680 539 485 504 462 452 394 367 389 316 354 393 357 299 313 286 311 317 312 273 210 218 284 279 240 193 131 128 165 199 216 235 210
-9999 -9999 -9999 -9999 -9999 -9999 -9999 -9999 -9999 -9999 -9999 -9999 -9999 -9999 -9999 -9999 -9999 -9999 -9999 -9999 -9999 -9999 -9999 -9999 -9999 -9999 -9999 -9999 -9999 -9999 -9999 -9999 -9999 -9999 -9999 -9999 -9999 -9999 -9999 -9999 -9999 -9999 -9999 866 813 774 758 686 695 727 737 738 697 617 631 605 504 443 423 393 423 420 384 386 372 351 345 350 327 347 367 367 289 248 218 207 281 293 222 194 164 128 124 145 222 291 326 238
-9999 -9999 -9999 -9999 -9999 -9999 -9999 -9999 -9999 -9999 -9999 -9999 -9999 -9999 -9999 -9999 -9999 -9999 -9999 -9999 -9999 -9999 -9999 -9999 -9999 -9999 -9999 -9999 -9999 -9999 -9999 -9999 -9999 -9999 -9999 -9999 -9999 -9999 -9999 -9999 -9999 -9999 -9999 824 776 694 677 673 663 662 653 660 643 597 566 549 547 495 454 385 384 385 388 368 340 328 322 315 309 319 346 335 321 277 264 255 298 280 254 190 140 123 138 142 200 263 306 240
-9999 -9999 -9999 -9999 -9999 -9999 -9999 -9999 -9999 -9999 -9999 -9999 -9999 -9999 -9999 -9999 -9999 -9999 -9999 -9999 -9999 -9999 -9999 -9999 -9999 -9999 -9999 -9999 -9999 -9999 -9999 -9999 -9999 -9999 -9999 -9999 -9999 -9999 -9999 -9999 -9999 684 712 748 800 738 688 658 625 599 605 646 601 572 534 525 522 483 435 363 338 333 408 339 317 300 280 313 308 309 323 347 377 350 344 349 303 204 196 155 120 138 194 215 199 210 261 275
-9999 -9999 -9999 -9999 -9999 -9999 -9999 -9999 -9999 -9999 -9999 -9999 -9999 -9999 -9999 -9999 -9999 -9999 -9999 -9999 -9999 -9999 -9999 -9999 -9999 -9999 -9999 -9999 -9999 -9999 -9999 -9999 -9999 -9999 -9999 -9999 -9999 -9999 -9999 -9999 -9999 734 747 755 798 723 680 651 620 592 576 577 555 551 577 559 549 497 459 403 334 319 343 351 374 298 289 324 301 319 311 351 406 436 357 360 325 162 120 131 143 191 245 303 300 256 254 274
-9999 -9999 -9999 -9999 -9999 -9999 -9999 -9999 -9999 -9999 -9999 -9999 -9999 -9999 -9999 -9999 -9999 -9999 -9999 -9999 -9999 -9999 -9999 -9999 -9999 -9999 -9999 -9999 -9999 -9999 -9999 -9999 -9999 -9999 -9999 -9999 -9999 -9999 -9999 -9999 -9999 -9999 -9999 835 831 767 743 654 633 618 598 560 592 589 609 593 561 530 499 384 337 340 321 326 348 305 280 279 317 299 331 366 391 455 355 333 284 165 138 160 196 265 303 391 373 314 322 260
-9999 -9999 -9999 -9999 -9999 -9999 -9999 -9999 -9999 -9999 -9999 -9999 -9999 -9999 -9999 -9999 -9999 -9999 -9999 -9999 -9999 -9999 -9999 -9999 -9999 -9999 -9999 -9999 -9999 -9999 -9999 -9999 -9999 -9999 -9999 -9999 -9999 -9999 -9999 -9999 -9999 -9999 -9999 878 798 713 694 657 627 594 608 606 622 606 601 556 511 470 449 368 366 367 320 301 321 310 285 282 289 294 339 341 395 441 383 338 266 187 140 180 232 317 386 458 432 422 367 290
-9999 -9999 -9999 -9999 -9999 -9999 -9999 -9999 -9999 -9999 -9999 -9999 -9999 -9999 -9999 -9999 -9999 -9999 -9999 -9999 -9999 -9999 -9999 -9999 -9999 -9999 -9999 -9999 -9999 -9999 -9999 -9999 -9999 -9999 -9999 -9999 -9999 -9999 -9999 -9999 -9999 -9999 -9999 769 793 711 693 677 646 641 685 625 599 547 515 481 469 405 382 341 329 325 326 303 280 271 305 281 263 277 302 369 435 438 373 268 226 132 184 178 223 293 354 407 451 482 389 366
-9999 -9999 -9999 -9999 -9999 -9999 -9999 -9999 -9999 -9999 -9999 -9999 -9999 -9999 -9999 -9999 -9999 -9999 -9999 -9999 -9999 -9999 -9999 -9999 -9999 -9999 -9999 -9999 -9999 -9999 -9999 -9999 -9999 -9999 -9999 -9999 -9999 -9999 -9999 -9999 -9999 733 696 717 785 800 795 737 690 733 735 683 579 519 470 435 411 383 348 326 348 360 347 336 369 318 265 253 258 259 315 382 466 430 297 177 134 156 204 253 197 241 282 334 389 460 421 420
-9999 -9999 -9999 -9999 -9999 -9999 -9999 -9999 -9999 -9999 -9999 -9999 -9999 -9999 -9999 -9999 -9999 -9999 -9999 -9999 -9999 -9999 -9999 -9999 -9999 -9999 -9999 -9999 -9999 -9999 -9999 -9999 -9999 -9999 -9999 -9999 -9999 -9999 -9999 -9999 -9999 680 737 791 799 795 802 748 729 779 788 776 634 522 496 450 424 368 337 333 358 373 415 437 465 358 304 270 240 257 341 415 498 438 296 145 166 203 265 285 199 205 239 291 364 470 506 501
-9999 -9999 -9999 -9999 -9999 -9999 -9999 -9999 -9999 -9999 -9999 -9999 -9999 -9999 -9999 -9999 -9999 -9999 -9999 -9999 -9999 -9999 -9999 -9999 -9999 -9999 -9999 -9999 -9999 -9999 -9999 -9999 -9999 -9999 -9999 -9999 -9999 -9999 -9999 -9999 -9999 759 777 860 830 703 682 668 705 718 718 674 581 500 467 398 366 374 378 374 375 424 471 529 444 335 295 277 253 251 350 476 520 435 242 142 199 255 278 276 204 202 249 292 392 500 571 512
-9999 -9999 -9999 -9999 -9999 -9999 -9999 -9999 -9999 -9999 -9999 -9999 -9999 -9999 -9999 -9999 -9999 -9999 -9999 -9999 -9999 -9999 -9999 -9999 -9999 -9999 -9999 -9999 -9999 -9999 -9999 -9999 -9999 -9999 -9999 -9999 -9999 -9999 -9999 -9999 -9999 853 802 828 812 712 630 605 627 621 644 575 548 477 435 431 392 392 401 384 391 442 524 506 383 314 281 259 241 251 347 407 453 369 198 130 216 313 354 305 238 215 239 276 347 450 549 519
-9999 -9999 -9999 -9999 -9999 -9999 -9999 -9999 -9999 -9999 -9999 -9999 -9999 -9999 -9999 -9999 -9999 -9999 -9999 -9999 -9999 -9999 -9999 -9999 -9999 -9999 -9999 -9999 -9999 -9999 -9999 -9999 -9999 -9999 -9999 -9999 -9999 -9999 -9999 -9999 -9999 821 863 807 771 707 645 611 605 562 570 538 512 504 485 456 435 409 412 391 405 488 536 465 353 303 276 266 236 236 277 293 299 232 170 137 216 315 425 348 259 226 249 274 310 380 438 487
-9999 -9999 -9999 -9999 -9999 -9999 -9999 -9999 -9999 -9999 -9999 -9999 -9999 -9999 -9999 -9999 -9999 -9999 -9999 -9999 -9999 -9999 -9999 -9999 -9999 -9999 -9999 -9999 -9999 -9999 -9999 -9999 -9999 -9999 -9999 -9999 -9999 -9999 -9999 -9999 -9999 725 751 755 680 644 632 678 649 607 672 633 585 539 522 521 485 450 436 423 450 512 470 398 314 282 258 243 236 257 298 299 192 147 126 133 198 322 473 396 282 249 277 281 255 298 353 422
-9999 -9999 -9999 -9999 -9999 -9999 -9999 -9999 -9999 -9999 -9999 -9999 -9999 -9999 -9999 -9999 -9999 -9999 -9999 -9999 -9999 -9999 -9999 -9999 -9999 -9999 -9999 -9999 -9999 -9999 -9999 -9999 -9999 -9999 -9999 -9999 -9999 -9999 -9999 -9999 -9999 777 795 810 719 691 674 744 644 645 721 634 571 573 571 564 516 499 442 455 490 537 464 342 301 277 246 244 246 295 347 413 315 227 170 144 223 337 421 365 285 243 229 225 226 258 322 350
-9999 -9999 -9999 -9999 -9999 -9999 -9999 -9999 -9999 -9999 -9999 -9999 -9999 -9999 -9999 -9999 -9999 -9999 -9999 -9999 -9999 -9999 -9999 -9999 -9999 -9999 -9999 -9999 -9999 -9999 -9999 -9999 -9999 -9999 -9999 -9999 -9999 -9999 -9999 -9999 -9999 871 895 889 783 774 759 786 652 705 761 655 578 648 643 600 565 492 482 510 515 495 418 336 304 272 250 269 275 300 351 454 443 318 215 119 195 308 300 276 238 202 203 197 235 221 295 298
-9999 -9999 -9999 -9999 -9999 -9999 -9999 -9999 -9999 -9999 -9999 -9999 -9999 -9999 -9999 -9999 -9999 -9999 -9999 -9999 -9999 -9999 -9999 -9999 -9999 -9999 -9999 -9999 -9999 -9999 -9999 -9999 -9999 -9999 -9999 -9999 -9999 -9999 -9999 -9999 -9999 894 907 897 902 898 897 780 664 781 776 655 596 675 628 568 541 493 492 489 480 466 466 424 338 298 266 301 312 365 384 482 452 346 243 131 145 209 198 228 207 197 178 201 187 218 273 274
-9999 -9999 -9999 -9999 -9999 -9999 -9999 -9999 -9999 -9999 -9999 -9999 -9999 -9999 -9999 -9999 -9999 -9999 -9999 -9999 -9999 -9999 -9999 -9999 -9999 -9999 -9999 -9999 -9999 -9999 -9999 -9999 -9999 -9999 -9999 -9999 -9999 -9999 -9999 -9999 -9999 856 808 836 859 910 880 743 754 796 698 645 647 702 641 579 550 497 469 455 480 423 410 446 375 320 279 301 338 381 411 534 455 333 216 142 127 134 164 192 169 195 174 219 199 196 256 266
-9999 -9999 -9999 -9999 -9999 -9999 -9999 -9999 -9999 -9999 -9999 -9999 -9999 -9999 -9999 -9999 -9999 -9999 -9999 -9999 -9999 -9999 -9999 -9999 -9999 -9999 -9999 -9999 -9999 -9999 -9999 -9999 -9999 -9999 -9999 -9999 -9999 -9999 -9999 -9999 -9999 830 755 757 781 867 838 817 863 852 790 694 724 742 651 623 552 468 468 438 431 400 364 361 343 301 306 331 376 418 469 543 424 310 239 180 148 125 125 137 146 183 173 217 213 172 258 253
-9999 -9999 -9999 -9999 -9999 -9999 -9999 -9999 -9999 -9999 -9999 -9999 -9999 -9999 -9999 -9999 -9999 -9999 -9999 -9999 -9999 -9999 -9999 -9999 -9999 -9999 -9999 -9999 -9999 -9999 -9999 -9999 -9999 -9999 -9999 -9999 -9999 -9999 -9999 -9999 -9999 776 728 694 743 797 775 806 831 897 801 748 785 669 604 573 513 473 441 431 420 401 382 370 348 318 319 338 395 488 566 556 426 331 233 188 207 154 121 130 160 164 167 211 171 177 255 220
-9999 -9999 -9999 -9999 -9999 -9999 -9999 -9999 -9999 -9999 -9999 -9999 -9999 -9999 -9999 -9999 -9999 -9999 -9999 -9999 -9999 -9999 -9999 -9999 -9999 -9999 -9999 -9999 -9999 -9999 -9999 -9999 -9999 -9999 -9999 -9999 -9999 -9999 -9999 -9999 -9999 -9999 -9999 685 731 738 741 742 769 833 767 720 791 698 584 545 494 469 457 460 481 468 418 394 410 318 349 357 452 523 577 591 413 318 267 219 214 165 128 165 185 149 179 194 159 221 234 189
-9999 -9999 -9999 -9999 -9999 -9999 -9999 -9999 -9999 -9999 -9999 -9999 -9999 -9999 -9999 -9999 -9999 -9999 -9999 -9999 -9999 -9999 -9999 -9999 -9999 -9999 -9999 -9999 -9999 -9999 -9999 -9999 -9999 -9999 -9999 -9999 -9999 -9999 -9999 -9999 -9999 -9999 -9999 669 689 684 703 729 751 725 694 693 777 744 584 567 529 523 503 505 510 490 460 430 413 322 345 378 465 571 589 519 414 341 250 246 258 179 119 136 141 160 149 145 211 255 191 168
-9999 -9999 -9999 -9999 -9999 -9999 -9999 -9999 -9999 -9999 -9999 -9999 -9999 -9999 -9999 -9999 -9999 -9999 -9999 -9999 -9999 -9999 -9999 -9999 -9999 -9999 -9999 -9999 -9999 -9999 -9999 -9999 -9999 -9999 -9999 -9999 -9999 -9999 -9999 -9999 -9999 -9999 -9999 655 660 676 693 708 685 671 649 692 751 638 557 496 510 526 527 519 490 455 454 461 402 327 369 417 513 582 556 410 379 318 242 232 222 155 142 199 178 155 203 181 166 178 166 188
-9999 -9999 -9999 -9999 -9999 -9999 -9999 -9999 -9999 -9999 -9999 -9999 -9999 -9999 -9999 -9999 -9999 -9999 -9999 -9999 -9999 -9999 -9999 -9999 -9999 -9999 -9999 -9999 -9999 -9999 -9999 -9999 -9999 -9999 -9999 -9999 -9999 -9999 -9999 -9999 -9999 -9999 -9999 657 663 671 679 707 642 621 622 678 728 594 529 462 468 491 479 516 483 457 446 425 376 339 377 451 513 536 448 376 317 294 216 168 206 178 147 237 265 252 246 228 189 225 207 210
-9999 -9999 -9999 -9999 -9999 -9999 -9999 -9999 -9999 -9999 -9999 -9999 -9999 -9999 -9999 -9999 -9999 -9999 -9999 -9999 -9999 -9999 -9999 -9999 -9999 -9999 -9999 -9999 -9999 -9999 -9999 -9999 -9999 -9999 -9999 -9999 -9999 -9999 -9999 -9999 -9999 -9999 -9999 648 646 665 679 649 654 587 570 601 622 551 500 451 428 458 425 459 469 437 439 445 417 388 404 419 427 430 369 303 275 244 230 162 138 139 170 239 296 325 263 276 206 221 238 253
-9999 -9999 -9999 -9999 -9999 -9999 -9999 -9999 -9999 -9999 -9999 -9999 -9999 -9999 -9999 -9999 -9999 -9999 -9999 -9999 -9999 -9999 -9999 -9999 -9999 -9999 -9999 -9999 -9999 -9999 -9999 -9999 -9999 -9999 -9999 -9999 -9999 -9999 -9999 -9999 -9999 -9999 -9999 641 651 694 688 599 632 553 558 611 565 513 474 425 415 419 393 386 409 396 391 443 435 442 438 418 329 326 290 273 249 235 207 172 123 143 201 256 331 374 342 338 240 251 300 271
-9999 -9999 -9999 -9999 -9999 -9999 -9999 -9999 -9999 -9999 -9999 -9999 -9999 -9999 -9999 -9999 -9999 -9999 -9999 -9999 -9999 -9999 -9999 -9999 -9999 -9999 -9999 -9999 -9999 -9999 -9999 -9999 -9999 -9999 -9999 -9999 -9999 -9999 -9999 -9999 -9999 -9999 -9999 636 663 702 676 589 583 553 533 610 606 539 450 405 396 384 380 371 370 393 378 408 397 458 474 454 341 286 257 264 224 227 186 139 124 184 241 278 290 355 370 349 250 268 272 319
