DEM/DEM37.asc
ncols 800
nrows 800
xllcenter 480150.000000
yllcenter 560150.000000
cellsize 300.000000
nodata_value -9999
[rows 136 to 169 of 800, columns 693 to 769 of 800]
14 13 12 11 12 12 18 17 18 17 20 19 15 11 11 15 18 18 14 18 14 13 12 12 15 19 19 25 26 28 19 12 12 10 12 15 14 13 14 14 17 20 24 53 35 21 38 50 33 33 26 27 33 39 45 48 27 22 39 20 17 12 11 13 14 10 7 7 9 12 6 5 5 6 14 24 22
16 13 11 11 11 13 16 18 20 17 20 16 12 11 10 14 22 17 21 20 16 23 16 13 9 11 13 15 16 13 15 15 12 9 12 15 14 13 14 16 17 18 25 40 42 24 42 104 49 38 43 34 36 43 72 56 35 27 31 21 19 16 15 16 16 11 13 14 13 10 8 9 6 6 4 4 3
13 12 12 12 11 14 21 21 19 20 15 11 10 13 12 17 18 14 41 45 18 22 48 29 18 12 11 12 12 13 14 14 13 12 13 14 16 16 17 16 19 22 25 36 45 24 45 124 89 81 71 87 81 80 111 89 45 43 28 22 20 19 19 22 26 20 16 16 11 14 9 7 15 29 15 7 2
15 12 12 12 14 22 19 17 18 17 16 11 11 18 14 21 17 18 53 53 24 25 53 95 40 26 13 12 13 15 14 15 15 14 14 13 17 16 18 23 23 25 23 28 28 25 51 123 148 144 117 145 152 134 86 49 39 32 24 27 26 21 23 33 62 44 22 14 14 16 8 11 33 90 60 50 19
15 12 13 12 15 18 13 14 13 19 17 12 11 14 13 19 17 22 56 52 26 28 52 91 69 34 20 14 14 16 17 17 15 15 16 16 16 18 26 32 33 28 24 28 28 29 41 69 109 183 194 212 214 149 97 60 43 34 31 30 30 30 28 42 71 42 29 17 17 15 16 23 29 62 70 66 17
14 12 11 12 18 16 13 12 13 22 17 13 12 12 13 17 24 29 65 55 23 26 46 103 100 48 30 14 15 15 17 20 19 22 27 22 23 24 30 47 55 35 29 29 28 28 34 54 97 152 187 229 242 179 152 86 41 40 68 39 50 39 36 50 43 29 25 18 19 20 30 36 21 21 18 17 10
15 13 12 15 20 18 14 11 17 21 19 13 13 18 15 15 22 34 37 26 19 27 33 56 117 84 27 16 17 16 17 19 22 31 57 37 29 29 34 67 69 39 30 31 31 32 38 46 86 106 136 151 236 217 159 73 49 58 56 64 116 67 52 97 83 39 26 21 23 33 49 66 32 30 35 30 39
18 15 13 16 19 17 12 13 18 20 17 20 23 18 17 14 12 12 13 15 19 29 55 84 122 63 28 19 21 17 17 21 24 31 70 54 38 37 66 80 47 40 39 38 34 36 34 59 67 85 123 170 191 216 135 85 63 93 80 98 138 123 110 136 120 58 32 25 22 49 81 67 45 55 62 56 85
15 15 16 19 19 15 12 12 20 19 12 13 18 15 17 15 12 13 11 12 16 31 65 108 92 45 27 18 23 21 19 23 26 32 54 86 77 73 91 109 77 60 84 52 69 80 36 42 56 75 97 130 169 198 185 138 95 108 115 154 214 190 160 153 129 61 34 26 22 41 76 121 111 125 113 83 76
13 17 15 19 18 15 11 12 16 21 12 13 18 17 14 11 12 12 10 13 23 27 30 28 30 25 21 22 24 28 22 25 41 40 42 89 106 108 145 192 170 159 134 79 117 86 48 89 53 70 74 99 130 167 214 188 141 163 169 242 235 227 188 196 152 110 42 27 25 40 56 143 154 76 69 42 40
12 14 17 16 18 16 11 13 14 22 14 12 17 17 21 18 11 11 10 11 15 18 20 20 22 18 18 22 24 31 27 28 53 60 51 68 64 69 117 198 206 241 197 172 143 58 57 112 77 72 127 89 118 155 197 229 191 204 222 307 281 259 226 276 212 109 46 29 28 48 58 120 130 63 55 34 24
14 16 15 15 16 13 13 13 12 21 16 13 18 16 29 27 14 10 10 10 11 11 13 16 19 17 18 22 25 26 29 27 39 48 39 42 47 47 68 86 110 198 150 115 91 52 79 170 138 90 138 154 176 187 201 198 223 226 237 296 278 279 274 265 171 94 43 29 34 53 88 141 178 131 132 81 35
16 20 14 14 13 13 13 14 15 23 24 17 15 17 26 22 14 11 11 12 12 12 15 22 21 19 19 24 24 27 29 28 28 28 29 35 45 46 41 51 69 145 156 92 58 55 60 128 164 117 111 199 237 192 153 201 214 204 266 270 265 233 194 210 192 91 43 31 28 49 79 100 120 106 71 74 64
18 16 15 12 13 13 14 13 15 20 22 17 14 15 16 12 12 12 12 12 11 13 17 18 20 24 19 22 23 27 27 30 29 28 35 51 56 59 67 53 59 103 131 73 67 81 84 70 119 179 151 180 256 193 157 153 184 199 235 230 289 242 212 176 125 78 41 47 55 69 73 80 91 93 106 82 45
17 15 15 12 13 14 13 12 12 18 22 19 17 18 15 12 11 14 14 13 12 14 17 21 22 25 22 25 27 27 27 33 32 30 35 37 40 57 102 78 52 96 92 60 76 81 118 106 101 178 214 222 272 208 169 134 126 121 120 188 270 326 327 262 175 63 36 45 104 97 55 89 144 207 193 143 68
17 14 13 16 14 13 13 13 14 17 18 16 20 19 18 12 14 14 14 15 14 15 19 24 26 28 27 26 27 28 30 35 34 36 40 40 38 49 64 56 52 60 88 61 71 98 146 176 153 149 218 272 285 218 189 117 125 113 135 162 166 241 344 302 164 64 37 44 84 61 68 131 227 243 192 157 81
17 19 16 17 15 14 13 17 20 20 20 19 20 18 14 12 12 13 13 15 13 15 18 25 29 27 26 30 30 33 33 35 38 37 44 43 43 46 52 61 68 52 64 69 72 101 173 214 215 201 197 250 284 262 213 195 202 128 105 111 142 160 246 273 213 78 36 34 52 48 72 104 178 234 192 162 99
17 15 17 16 15 15 16 16 23 20 19 20 23 20 18 21 14 13 15 16 15 16 19 28 29 29 30 31 31 35 37 38 40 42 49 56 56 48 49 56 68 70 66 86 128 126 132 148 149 181 182 207 221 225 235 254 200 134 89 98 105 104 136 157 176 90 35 35 41 45 81 109 144 220 185 159 115
22 15 14 15 18 20 16 19 20 23 20 20 23 19 19 33 18 13 14 15 16 17 18 23 27 30 33 35 37 37 37 39 42 46 52 64 69 52 58 59 62 83 105 111 127 105 92 88 94 106 151 201 248 273 269 217 149 96 65 79 76 78 81 75 102 70 29 39 33 50 56 77 132 199 165 139 94
19 15 15 16 20 18 20 19 19 19 18 18 18 16 16 27 21 15 15 18 22 22 23 26 27 30 28 34 34 47 42 39 45 49 53 66 75 59 59 63 78 84 116 148 115 102 93 84 86 95 111 146 185 211 237 168 124 108 58 57 59 62 51 46 42 35 30 31 33 43 48 72 120 182 137 74 36
20 18 17 15 19 22 22 19 23 21 19 16 17 17 17 20 19 16 17 18 20 22 22 23 25 34 30 39 55 71 45 42 44 52 53 60 74 75 75 75 96 146 172 179 142 107 91 83 68 81 92 93 105 126 148 201 153 100 77 49 51 51 41 39 36 34 34 30 31 33 37 65 122 159 112 44 26
18 15 15 14 16 23 19 14 21 22 18 18 21 21 26 34 39 24 20 21 21 21 23 23 28 31 37 52 60 49 44 46 42 47 52 59 60 75 96 115 148 211 252 217 132 116 85 81 73 62 72 78 83 77 94 158 185 124 74 53 46 40 43 39 35 33 31 29 27 23 30 56 142 110 49 39 48
19 17 15 14 18 22 17 16 20 21 19 17 22 24 30 54 71 35 23 28 23 24 24 29 31 37 43 48 42 42 45 49 53 52 60 65 66 72 107 158 171 211 239 220 155 110 99 76 71 69 59 66 66 68 69 95 136 100 74 44 43 43 42 38 38 36 35 33 29 26 23 54 118 86 83 82 58
18 15 16 15 19 25 20 23 21 20 20 18 22 25 34 48 62 32 29 31 28 23 23 34 36 39 75 71 47 46 47 52 54 52 61 70 67 81 141 206 232 222 232 227 192 149 111 83 84 76 67 62 55 51 46 52 75 63 54 58 47 41 38 38 39 37 30 31 27 24 27 38 56 83 114 99 88
16 18 16 14 22 18 20 23 19 21 19 17 17 24 30 39 33 24 27 36 38 25 24 31 33 38 44 47 46 49 52 55 53 62 67 70 85 81 123 169 251 255 217 196 168 153 138 114 96 103 109 91 80 61 47 47 41 37 34 39 44 41 37 35 35 34 29 35 34 25 31 29 70 70 82 55 69
16 17 17 16 23 17 21 27 19 17 19 21 22 23 28 30 28 34 30 35 44 37 30 26 38 48 43 45 45 55 56 63 60 62 79 94 91 96 118 181 236 276 240 207 219 204 165 123 135 140 139 125 131 91 71 57 47 65 58 41 32 33 37 35 30 34 41 37 35 27 26 24 40 48 46 38 33
16 17 18 18 25 28 27 27 18 17 20 25 23 19 24 24 28 29 35 37 41 49 45 38 76 51 46 49 55 63 69 63 65 62 95 131 131 131 165 170 226 296 249 206 220 227 212 167 160 174 171 144 116 100 76 62 62 85 65 49 44 35 31 34 57 55 45 33 30 29 28 27 31 27 30 25 27
18 19 17 18 25 28 31 24 17 19 22 28 28 23 28 30 30 33 32 34 38 48 58 56 103 50 48 56 68 101 103 78 73 72 69 115 159 159 194 209 210 275 249 194 164 172 194 204 155 154 182 165 152 111 86 81 98 130 94 60 45 38 38 49 86 80 48 31 28 26 25 32 44 34 32 29 29
22 29 26 24 22 28 27 17 17 18 22 22 25 21 30 32 36 34 36 35 29 32 35 48 80 49 49 54 67 105 145 111 93 82 73 88 160 190 211 255 246 256 229 192 161 153 149 170 166 125 158 150 165 123 112 106 87 129 97 54 46 37 45 57 87 86 48 37 27 36 42 38 71 37 32 29 22
25 30 25 26 26 26 20 17 16 19 20 22 29 25 25 27 35 34 30 36 40 35 30 36 44 53 53 61 70 92 136 159 144 128 104 79 116 175 252 301 262 229 210 179 167 139 131 136 145 109 125 126 122 143 102 79 58 79 79 54 41 43 48 79 106 88 56 44 28 29 40 44 81 57 34 30 31
20 22 23 27 26 27 25 17 20 22 27 30 37 35 28 33 36 36 29 34 41 40 35 42 76 75 56 58 85 122 117 174 215 210 181 107 89 117 191 252 268 218 203 173 128 127 136 112 118 104 98 122 93 98 106 90 55 57 77 55 46 43 51 69 67 54 46 35 30 29 28 38 62 67 41 33 35
19 18 24 32 29 28 29 23 22 27 26 46 51 44 30 27 32 32 36 35 36 37 38 36 47 61 57 60 67 87 97 131 189 220 211 182 161 124 131 185 245 233 194 194 157 124 120 109 99 94 81 91 90 69 72 88 80 59 54 43 42 45 45 59 59 50 44 41 32 28 30 29 36 51 61 40 26
20 19 26 28 29 24 21 26 22 28 29 50 62 51 29 23 30 32 38 40 44 42 53 88 61 46 49 56 69 85 79 94 152 191 203 217 233 211 185 169 206 208 192 183 170 155 136 124 101 101 92 66 73 66 63 57 76 82 62 46 49 52 46 43 41 46 39 41 32 29 28 28 31 33 44 54 31
20 18 25 26 23 17 21 29 20 12 18 26 31 33 31 26 28 38 64 91 58 62 71 120 70 61 53 56 72 121 129 113 123 148 200 275 289 271 243 241 214 208 203 219 185 176 162 154 132 127 111 77 67 69 69 55 49 49 53 48 48 49 40 42 37 45 40 43 37 32 29 28 27 24 28 30 26
