DEM/DEM32.asc
ncols 800
nrows 800
xllcenter 240150.000000
yllcenter 800150.000000
cellsize 300.000000
nodata_value -9999
[rows 72 to 107 of 800, columns 648 to 728 of 800]
133 89 62 19 21 16 16 16 14 22 24 25 29 27 28 28 30 34 38 42 46 81 73 123 234 348 390 289 201 165 168 208 238 317 447 467 398 366 277 243 282 289 351 469 504 428 292 240 166 125 159 234 331 389 380 446 475 389 323 414 555 691 635 489 398 444 522 454 322 265 176 194 138 102 110 126 155 218 334 324 237
118 37 27 16 15 13 15 16 24 31 26 25 28 30 31 40 36 29 40 52 62 136 152 138 162 263 396 351 226 211 190 230 298 345 461 426 314 282 273 346 352 401 434 411 421 353 281 208 151 148 134 176 281 292 264 339 376 325 294 404 470 619 607 476 358 343 429 436 347 249 211 155 128 116 100 162 211 220 302 214 207
60 34 25 15 13 13 14 27 25 22 18 22 30 32 44 69 39 38 44 87 127 231 306 282 258 321 407 353 281 335 269 233 297 409 507 450 387 366 374 411 407 412 424 434 385 306 219 198 158 222 189 139 161 169 189 279 366 238 249 326 468 596 506 468 423 320 329 414 375 354 310 222 140 122 106 129 165 250 228 157 169
23 14 19 12 12 14 17 26 15 16 18 22 48 78 104 117 71 65 93 115 180 274 388 398 396 434 498 388 367 360 260 275 346 437 471 393 406 449 432 431 414 413 474 498 405 254 142 165 215 287 226 188 165 124 165 211 266 188 270 415 563 584 414 344 331 274 253 315 363 462 374 290 172 96 107 160 247 290 199 140 159
17 11 10 14 14 18 20 18 29 54 51 30 88 161 156 79 35 49 57 71 136 241 375 335 294 396 496 478 471 360 288 269 323 426 481 393 333 381 461 432 417 462 517 440 305 182 137 216 332 380 313 266 200 135 138 135 179 198 324 443 550 570 428 299 266 236 238 329 413 485 401 271 149 108 135 173 238 284 181 140 142
13 9 10 14 15 27 30 18 28 39 45 57 128 152 88 45 31 46 68 126 200 198 257 192 175 267 369 398 460 421 367 290 340 412 518 448 347 315 340 368 419 387 356 271 199 162 220 260 380 429 394 278 195 172 215 139 133 204 306 432 470 498 395 311 233 185 278 374 456 432 317 240 149 127 109 155 237 318 199 144 134
10 8 9 13 28 57 57 21 20 25 24 36 97 130 60 28 28 35 43 114 174 105 130 120 138 241 269 343 402 404 367 309 401 462 467 420 330 274 255 291 325 244 241 199 211 238 277 248 335 420 360 252 198 234 255 126 125 175 303 371 320 380 298 250 204 180 320 410 414 305 239 179 140 115 122 128 196 306 217 147 135
8 10 13 14 26 45 61 30 26 22 22 28 73 58 31 25 25 28 40 104 102 65 67 79 131 203 260 341 303 274 310 359 429 459 422 391 354 353 242 246 246 286 269 318 331 356 343 262 347 427 372 293 256 306 215 170 200 144 242 221 223 242 205 216 156 223 339 303 307 231 183 145 122 120 102 115 189 302 255 173 153
7 12 17 13 19 25 35 29 23 21 18 20 63 31 22 24 24 28 35 68 72 49 57 104 208 201 231 229 190 173 203 307 398 406 396 339 323 301 273 347 394 361 414 417 451 403 291 307 427 459 422 320 312 271 171 227 223 131 126 132 121 123 109 174 156 142 223 178 183 148 125 109 108 107 101 117 175 313 337 239 170
10 9 14 11 15 17 21 18 18 18 19 26 26 23 25 24 26 32 33 38 40 61 131 126 121 92 121 123 122 141 209 296 368 374 313 302 323 381 379 421 439 512 542 552 482 382 309 371 439 349 323 227 177 163 204 346 293 196 153 194 155 167 145 134 139 154 132 113 113 101 111 104 131 143 101 129 226 351 355 260 182
8 10 11 10 18 17 21 20 17 27 33 28 19 20 22 25 28 32 34 41 40 58 102 79 55 61 107 108 163 185 221 246 278 366 342 336 327 351 384 462 519 579 659 576 497 427 341 392 402 278 225 174 197 212 333 437 348 290 190 282 246 198 183 206 203 153 100 133 152 131 110 123 178 144 93 138 265 327 259 225 163
8 8 10 11 12 13 13 15 21 18 17 29 21 19 21 25 23 29 33 38 38 43 50 54 48 54 57 59 78 100 131 192 251 383 367 347 388 413 448 418 452 515 601 629 522 473 424 439 390 347 283 197 317 365 452 531 456 302 216 354 340 203 234 347 307 190 159 226 226 153 174 161 156 194 116 153 236 220 135 152 130
9 8 7 9 11 15 18 20 26 19 19 20 20 19 24 27 27 28 37 40 38 40 46 49 51 53 54 63 87 111 167 223 279 397 383 390 483 542 540 519 483 457 496 614 643 598 558 539 471 370 306 198 282 405 564 569 448 365 238 363 320 228 293 420 377 255 241 309 295 227 240 215 159 169 101 150 185 152 138 142 130
7 11 7 10 15 21 20 19 20 22 21 22 26 30 31 26 26 29 31 32 45 42 43 47 50 56 56 64 87 120 186 298 379 441 410 433 482 561 621 600 569 491 547 646 676 626 542 458 360 251 207 196 279 380 556 609 512 433 266 322 325 319 308 383 443 321 345 422 393 317 251 181 178 204 141 121 119 141 136 113 127
8 11 7 14 19 20 14 15 20 22 23 22 22 33 37 39 37 33 36 34 39 64 60 56 51 57 61 64 76 98 163 278 385 475 439 478 520 549 610 685 645 570 622 652 575 488 450 375 242 238 295 289 268 335 482 555 452 353 285 302 411 429 475 533 562 522 484 398 345 290 216 194 236 167 107 111 147 133 105 110 141
11 9 12 14 16 17 19 30 14 22 20 25 37 31 26 32 28 31 40 47 40 67 100 136 81 88 101 69 74 122 197 267 340 459 480 466 570 636 635 681 741 658 651 600 495 404 355 303 225 239 287 350 365 427 415 534 509 357 296 376 469 593 651 661 658 581 485 394 337 264 211 297 227 125 87 119 117 102 105 130 145
14 7 10 14 14 13 26 29 16 19 18 22 35 38 33 29 30 30 30 54 56 45 81 170 164 172 165 116 82 129 230 324 354 476 534 467 504 568 629 684 707 582 541 493 498 488 387 292 229 323 377 434 491 511 413 491 518 379 326 429 521 655 754 694 588 530 459 344 282 291 280 330 216 116 105 123 121 130 112 153 204
27 26 13 16 25 31 32 30 22 15 17 20 29 36 32 33 40 35 40 57 96 117 102 133 168 243 279 218 122 102 161 228 282 391 520 538 544 557 624 671 704 590 459 379 351 341 275 240 286 427 509 518 541 449 418 462 482 370 361 404 528 655 784 708 578 530 446 328 356 365 324 304 182 96 100 120 156 178 150 173 229
39 37 26 21 22 26 25 22 19 15 18 19 25 32 30 32 40 44 41 46 56 72 90 121 196 319 371 319 195 142 146 215 314 430 516 555 574 542 594 604 662 634 493 389 384 331 301 328 335 484 553 583 463 417 464 449 488 424 426 388 508 652 704 677 658 599 478 400 425 307 210 203 154 110 97 125 130 202 230 155 179
76 69 48 46 24 20 20 20 22 20 23 27 26 31 49 45 47 42 39 42 45 52 63 128 201 300 372 399 261 181 182 253 330 460 531 553 603 552 581 615 644 615 497 447 490 459 425 390 389 503 575 585 490 430 480 481 519 580 538 451 552 671 590 538 584 577 527 453 400 300 244 188 130 110 110 127 166 214 194 139 145
179 109 86 50 30 30 29 20 25 39 27 33 27 26 42 60 59 45 61 84 70 56 75 107 163 256 337 429 354 250 232 314 424 532 597 598 611 596 610 686 687 636 544 574 613 549 470 415 439 518 592 544 457 432 474 494 534 624 569 502 605 568 492 429 485 443 503 415 318 240 203 191 130 97 108 108 119 139 132 114 106
178 104 72 62 51 39 36 25 24 40 39 34 28 26 32 54 70 73 130 204 172 127 130 180 173 243 282 400 479 373 332 394 536 611 562 536 510 569 675 717 749 758 704 656 567 495 431 411 463 546 556 503 455 480 499 533 558 652 670 641 622 547 434 368 338 374 392 361 367 330 318 208 129 117 104 92 91 105 98 111 106
202 156 154 105 81 53 32 39 38 41 40 34 39 31 34 46 61 77 153 261 289 249 256 263 196 226 256 366 477 417 397 458 528 539 453 424 418 492 541 557 617 616 649 582 521 486 457 479 480 546 584 578 554 551 518 559 614 643 666 651 568 514 472 430 313 288 318 273 302 236 263 238 142 118 107 107 114 98 103 103 105
238 238 199 189 137 57 52 48 54 42 44 40 45 38 31 37 53 64 107 188 259 302 358 339 253 287 293 396 442 392 381 446 449 454 428 364 346 390 387 429 464 518 569 555 565 491 480 542 584 533 510 529 547 581 521 546 561 568 553 571 599 556 557 469 367 269 225 228 255 194 157 149 141 108 93 104 107 106 102 100 103
308 309 319 267 120 79 69 45 43 36 44 45 49 52 46 37 44 71 188 248 253 337 417 423 388 345 350 411 406 371 368 398 366 353 367 376 307 309 322 420 359 388 408 508 612 587 573 583 544 487 466 519 617 607 560 511 474 525 484 476 560 644 597 475 337 281 215 178 152 193 234 142 101 108 95 100 103 102 101 99 99
346 398 357 249 139 122 71 47 43 48 57 52 53 53 54 44 40 55 111 190 290 387 451 479 355 228 311 373 379 388 338 380 335 303 353 379 305 285 320 403 325 326 380 498 615 667 613 538 478 437 470 541 620 580 541 441 423 438 447 433 538 631 542 468 366 308 234 266 229 230 171 141 115 91 99 101 101 103 105 99 91
321 341 326 255 189 140 98 112 50 53 91 133 92 57 75 97 49 46 89 194 273 368 383 313 221 170 211 287 346 360 334 342 327 284 307 293 259 269 318 311 276 312 398 527 563 576 538 431 419 526 588 582 515 445 444 448 418 355 340 403 471 505 475 400 353 309 296 330 299 251 208 172 123 98 97 100 104 104 108 96 98
281 301 350 282 231 184 161 182 89 91 163 223 172 124 96 151 79 60 58 117 184 236 194 159 129 127 198 249 257 320 320 303 314 267 253 253 228 281 305 245 294 361 441 526 454 428 419 350 427 510 613 597 499 409 351 366 407 389 252 298 332 344 426 320 296 299 267 255 243 221 146 140 119 104 100 100 104 104 102 102 115
251 266 279 284 289 237 247 244 192 195 192 245 230 205 205 224 132 125 102 72 91 107 84 87 101 140 169 226 264 321 322 309 291 238 233 220 217 286 256 238 307 377 479 451 437 334 329 398 473 531 615 597 562 505 411 334 343 418 292 218 218 321 407 350 252 223 180 192 198 169 121 104 98 87 100 101 105 112 103 105 127
244 291 238 213 221 265 269 275 311 309 253 223 280 317 329 332 245 232 217 140 103 82 98 120 142 196 215 220 296 351 326 303 262 233 248 234 217 220 206 231 294 356 421 318 316 301 348 439 506 571 536 470 505 470 395 370 307 364 303 277 214 218 329 311 269 287 246 189 167 135 107 143 115 87 101 104 112 116 126 110 143
228 213 182 191 199 204 228 302 373 361 313 321 324 406 459 439 353 311 286 254 200 148 114 122 168 224 263 272 328 320 282 276 285 293 259 225 216 216 201 210 234 287 382 302 291 375 429 516 547 514 444 409 516 455 365 301 276 268 217 179 159 180 209 203 183 222 185 212 140 108 124 148 104 103 104 107 108 118 136 111 116
140 127 151 208 194 195 251 349 360 297 327 363 397 442 415 313 258 219 224 250 169 87 109 148 197 223 280 334 324 306 317 350 329 291 250 240 238 237 212 204 244 266 310 253 265 416 536 585 541 452 373 417 549 555 450 384 357 283 258 189 160 133 132 140 128 160 121 135 113 115 165 116 109 107 111 106 107 112 123 113 106
74 104 130 183 201 212 268 273 252 265 315 346 368 366 265 177 107 85 89 107 93 66 95 143 160 174 199 273 361 385 387 379 324 285 264 254 272 282 236 203 210 212 245 252 287 389 499 535 519 433 346 431 531 605 556 530 475 379 373 316 245 223 174 154 127 111 110 139 149 115 146 102 125 105 117 112 106 102 103 104 103
57 60 91 153 139 167 258 204 207 216 288 342 384 272 152 84 75 63 65 72 80 57 108 120 123 124 147 221 383 460 470 436 358 312 319 259 240 230 210 202 228 244 280 377 397 453 523 494 409 385 305 379 460 556 609 554 452 417 452 450 390 359 252 267 202 159 158 196 189 130 174 147 155 111 107 121 94 103 98 100 99
58 60 93 101 112 182 245 185 185 194 244 307 313 184 88 60 61 62 58 63 53 57 111 75 91 125 160 256 416 536 572 469 354 370 305 257 253 231 222 214 257 242 284 418 462 517 445 418 370 295 315 416 496 519 502 572 505 520 567 532 526 434 362 288 194 151 165 248 188 167 226 194 121 105 136 173 116 104 95 86 101
118 67 86 93 133 166 146 167 198 223 251 224 149 88 58 50 54 49 55 54 46 61 74 61 89 177 232 306 455 572 522 427 457 434 309 317 309 259 228 236 213 191 306 387 374 450 431 347 267 286 365 430 440 409 439 553 621 655 606 510 452 387 344 317 232 171 185 257 218 253 263 168 124 166 238 206 144 133 109 94 108
