DEM/DEM32.asc
ncols 800
nrows 800
xllcenter 240150.000000
yllcenter 800150.000000
cellsize 300.000000
nodata_value -9999
[rows 144 to 179 of 800, columns 648 to 728 of 800]
8 9 10 9 12 11 16 21 22 21 26 28 25 32 28 85 51 119 205 176 168 166 187 242 393 451 370 408 446 576 628 670 781 795 683 568 514 463 392 313 216 231 351 438 329 264 256 215 176 226 309 364 367 418 322 213 197 150 227 234 250 339 403 589 408 353 438 422 274 206 211 219 252 330 183 193 260 244 191 146 108
8 10 14 11 12 16 24 20 21 22 25 33 45 34 45 114 140 149 167 161 156 188 215 283 331 370 315 343 456 494 530 584 658 718 657 555 467 397 328 276 252 299 406 401 307 252 207 180 204 280 376 379 425 444 338 264 173 158 289 322 260 352 442 497 403 399 461 350 241 205 208 216 195 198 179 186 210 195 178 166 182
9 13 18 16 13 12 18 22 18 24 30 56 124 98 120 147 125 102 99 113 159 208 229 225 221 244 261 345 380 348 416 456 481 582 617 516 405 341 307 352 364 405 505 451 377 311 227 176 216 329 422 421 447 404 317 256 164 161 234 317 315 387 478 448 389 434 396 309 257 210 249 273 181 165 167 181 207 158 147 140 120
8 9 12 15 17 14 14 17 20 20 48 64 44 47 57 63 33 36 67 158 186 201 187 183 225 315 307 316 261 262 309 310 360 447 506 489 434 379 364 432 541 559 475 388 344 299 232 179 271 363 422 407 359 353 306 272 199 170 256 312 357 455 501 437 451 501 399 391 303 207 233 279 194 158 169 187 181 122 111 104 100
8 9 14 16 18 15 16 14 19 18 15 21 22 22 35 24 26 29 75 133 125 117 171 206 278 286 269 227 223 265 238 222 276 355 430 448 495 432 465 505 586 500 416 348 344 270 228 188 250 339 393 365 285 244 255 196 169 191 221 259 346 436 525 492 501 581 436 400 323 216 263 309 179 164 176 209 227 164 141 109 108
8 11 14 13 18 20 17 17 16 20 16 19 20 22 21 23 28 33 42 48 64 91 170 205 223 210 163 171 203 211 186 240 255 282 366 422 507 509 562 572 547 444 327 278 283 264 208 197 277 351 330 291 271 215 195 187 218 235 324 282 351 401 519 508 503 514 476 449 365 245 241 245 172 161 171 232 229 181 122 140 147
8 12 13 15 22 21 19 18 18 19 23 24 22 25 21 25 36 76 133 126 84 68 84 81 108 143 208 260 224 236 233 336 362 260 315 394 420 440 541 611 569 503 358 347 311 264 193 220 252 354 374 319 278 250 236 197 259 241 372 343 385 406 490 483 405 353 384 394 334 214 166 165 163 166 196 225 222 167 156 197 157
15 10 10 13 14 19 21 23 32 24 25 29 27 28 23 39 104 180 239 227 192 127 100 147 189 147 202 300 323 320 328 424 385 290 299 325 372 458 545 557 468 498 442 450 404 270 198 229 325 422 393 278 261 236 194 243 329 293 376 388 424 451 497 456 368 297 279 280 267 187 198 162 161 164 215 225 154 126 140 132 105
17 10 13 15 17 18 21 28 33 31 30 27 26 29 36 98 206 302 327 280 275 197 105 162 228 244 287 352 423 472 457 451 372 374 344 363 445 515 538 483 379 416 343 358 348 286 216 251 353 437 392 373 366 316 240 208 291 378 335 395 426 484 509 423 372 363 292 241 211 173 165 156 169 165 233 220 182 147 116 114 114
22 10 14 20 21 24 19 20 26 25 32 36 31 37 57 94 205 314 382 388 392 252 186 169 192 275 336 352 384 445 537 446 487 485 390 410 497 577 520 404 313 291 271 267 264 257 211 274 385 470 404 386 331 283 230 291 246 356 432 477 460 535 523 448 343 319 284 258 185 214 164 148 148 161 216 210 250 210 127 121 112
25 16 20 18 30 31 22 24 34 41 40 37 38 74 117 150 153 173 248 267 286 311 293 203 189 208 230 248 303 373 484 515 590 586 486 479 536 546 494 386 357 372 369 324 260 251 259 335 430 476 390 363 300 268 243 317 326 279 353 451 487 551 450 390 292 252 230 192 176 240 186 132 137 152 225 259 264 218 116 105 120
29 20 24 27 30 29 24 27 34 48 49 48 52 61 70 87 116 127 142 179 192 246 296 284 324 330 341 318 346 370 496 614 554 564 565 568 644 657 597 514 501 514 416 368 312 339 269 335 468 526 459 434 397 338 271 330 401 315 305 380 418 499 444 370 282 231 215 269 339 288 171 122 131 143 203 201 190 183 124 107 128
25 21 30 33 32 24 26 38 48 42 45 54 50 77 137 215 213 206 200 234 227 223 297 360 426 425 454 446 476 469 565 537 462 500 509 515 545 646 596 560 577 493 401 357 369 373 288 370 478 589 588 543 468 351 318 401 440 421 327 315 348 459 441 386 281 263 419 528 617 352 177 117 113 115 156 147 126 167 133 92 108
20 21 36 38 27 25 29 41 43 47 54 61 80 129 229 298 366 329 299 283 256 250 322 416 462 500 546 552 555 543 521 457 433 470 437 456 518 558 560 636 530 433 460 418 437 406 331 378 479 639 633 508 410 347 332 416 490 455 390 390 362 424 473 365 317 333 524 619 487 251 175 116 114 150 211 191 131 123 120 121 132
17 19 30 23 22 27 33 42 49 52 59 65 116 204 293 413 509 462 393 321 323 379 377 457 538 636 606 518 461 484 447 401 444 427 396 441 481 530 561 614 526 535 562 576 569 442 404 501 601 691 585 486 463 439 376 467 566 539 479 434 387 460 503 446 356 392 562 637 420 221 154 122 119 159 249 197 140 104 116 107 129
19 17 19 23 27 30 35 35 44 59 66 76 144 289 413 545 632 558 430 425 454 491 446 479 521 556 568 441 380 395 462 375 412 377 475 540 590 598 656 684 721 732 691 718 630 475 469 580 717 733 663 601 521 468 409 476 566 530 452 424 452 516 583 527 406 447 555 602 618 205 152 130 118 128 205 205 163 114 126 137 185
19 26 25 21 26 31 34 40 39 54 88 123 259 385 491 624 721 612 550 605 591 585 518 449 439 458 491 402 364 354 382 379 358 375 433 519 582 641 617 641 793 799 761 668 608 527 557 609 697 796 773 712 610 527 433 438 505 461 494 531 508 581 627 559 454 521 545 528 431 261 178 135 113 110 157 172 109 93 140 219 244
16 29 37 67 48 38 34 44 34 51 82 134 282 404 481 570 715 692 718 691 624 546 456 417 416 410 422 393 329 342 332 361 337 362 467 527 513 552 555 687 787 746 712 648 593 548 556 606 673 787 840 784 668 600 493 416 438 494 554 637 596 654 677 620 547 581 475 425 451 306 195 136 115 108 133 199 157 115 135 169 238
32 98 103 144 85 40 48 43 40 49 83 156 260 308 375 452 645 629 676 685 569 493 442 397 378 386 408 361 317 340 315 321 338 329 393 400 422 505 611 690 618 661 647 648 665 585 519 581 677 747 771 752 639 539 450 433 485 512 608 723 702 782 766 707 598 504 431 346 363 309 223 151 126 113 107 188 145 126 197 246 202
27 94 183 165 68 41 49 53 43 45 91 142 183 218 294 463 590 540 580 639 572 484 422 393 365 377 394 330 315 313 308 326 312 335 354 371 439 536 647 636 508 451 531 633 595 547 501 587 574 602 641 651 586 507 493 504 543 532 620 763 821 833 766 759 639 511 400 317 266 224 204 156 123 112 100 177 166 120 241 311 258
57 95 199 267 154 104 78 104 52 51 68 81 118 178 282 450 527 479 480 535 485 477 453 394 374 385 390 314 305 314 303 316 320 312 388 432 435 501 567 557 424 348 458 529 503 427 441 528 476 481 521 552 643 619 543 575 600 573 680 795 860 801 725 742 737 595 438 328 310 294 284 221 143 109 94 138 164 142 234 323 337
135 239 289 328 300 216 137 144 88 59 60 72 100 163 294 411 486 427 404 436 428 450 466 432 361 402 343 321 302 298 298 305 306 373 445 419 453 487 503 523 411 333 343 365 434 410 396 420 409 431 480 609 668 671 642 645 664 684 741 879 905 763 657 678 756 666 496 395 360 376 371 326 170 113 96 94 138 238 247 286 388
197 299 375 400 415 363 307 227 119 64 82 106 202 278 316 380 485 457 422 387 406 408 465 420 361 374 309 298 302 295 292 294 332 394 414 412 495 527 591 510 410 334 280 312 346 391 332 327 381 473 555 606 579 565 614 673 701 778 823 915 918 802 647 609 709 735 574 461 449 364 329 254 180 125 114 105 159 272 320 359 401
229 330 425 482 515 523 450 275 189 130 152 249 341 470 472 528 548 474 492 434 370 385 377 411 354 345 303 283 284 282 282 332 387 436 401 440 531 604 631 555 454 354 281 260 271 308 294 341 441 551 538 494 534 472 559 587 650 775 841 870 855 757 647 542 611 741 681 550 426 303 243 225 172 144 124 115 152 196 230 274 355
295 359 471 488 441 405 403 376 326 279 311 399 501 605 628 617 527 493 596 510 403 370 362 355 338 347 353 325 294 295 316 320 387 407 430 483 569 572 528 471 453 370 284 260 242 280 388 424 513 619 519 440 539 445 487 559 653 727 716 797 800 748 653 505 543 665 645 548 435 394 380 350 244 179 146 129 205 262 313 310 294
374 423 424 340 282 283 222 263 364 419 479 555 629 696 696 597 519 561 657 607 467 389 356 344 374 411 399 366 300 322 336 330 338 376 438 497 554 491 446 400 370 360 321 296 245 300 434 524 598 616 501 438 513 396 481 547 576 679 618 686 734 751 666 497 479 545 618 611 516 506 418 376 293 231 179 175 228 321 361 431 396
237 293 303 199 129 127 98 194 335 490 577 678 721 631 573 608 532 576 673 660 544 463 435 424 430 374 354 326 311 380 391 382 367 411 463 526 545 489 430 371 318 281 257 213 196 276 393 526 501 541 449 388 428 325 379 460 523 650 568 573 610 643 702 541 405 399 560 571 579 536 430 372 319 304 272 225 299 388 421 498 502
169 220 217 90 53 58 91 182 290 438 552 646 645 550 472 551 574 631 737 677 576 534 549 447 421 380 300 292 385 451 499 509 438 424 442 532 546 485 437 369 317 287 195 164 217 347 503 540 434 470 463 348 391 319 327 427 495 610 526 428 446 538 629 480 368 338 477 527 531 498 492 476 438 407 316 250 244 269 401 466 508
151 196 137 47 43 56 109 210 314 419 533 607 514 463 395 451 517 676 790 720 623 624 576 509 476 397 308 289 402 447 481 593 494 492 514 564 522 459 385 326 260 235 238 158 214 328 505 546 411 404 443 372 287 281 289 422 498 550 483 354 382 454 574 477 341 288 415 469 472 426 442 392 455 431 380 272 240 237 331 480 541
58 85 62 36 40 52 84 162 278 405 553 577 434 341 306 366 452 575 739 736 705 698 647 622 516 417 330 332 311 355 492 652 617 625 618 593 567 503 395 289 226 189 185 153 213 298 432 531 405 321 319 378 296 225 235 344 429 413 431 303 321 435 549 471 324 249 320 368 442 394 367 373 365 339 284 263 290 231 312 444 480
25 27 28 30 33 43 112 223 323 456 579 539 378 282 287 377 483 602 739 748 678 672 630 579 544 425 409 437 289 321 464 610 600 653 612 526 502 533 450 309 288 247 216 158 181 256 364 474 449 360 284 324 352 284 196 256 318 329 336 250 307 467 525 417 291 208 220 308 445 387 293 318 303 323 226 202 239 226 331 373 413
53 31 28 28 41 57 114 216 301 408 533 481 375 263 258 346 443 575 715 685 575 521 510 429 485 489 509 444 278 279 356 523 536 556 620 532 449 456 437 371 395 323 271 186 140 201 290 422 391 297 249 237 307 312 176 184 258 284 281 208 327 402 386 380 268 178 194 292 350 308 231 242 271 276 206 230 192 253 297 344 376
36 32 29 28 59 77 143 251 379 489 515 422 306 240 274 357 470 580 654 542 462 405 431 350 364 355 423 445 313 247 283 361 381 458 507 493 406 408 350 352 420 459 400 285 168 183 317 391 334 318 296 207 219 184 141 150 230 232 196 200 299 292 310 324 271 217 152 229 269 209 170 189 212 208 184 205 213 283 341 341 362
24 24 23 29 64 113 228 392 510 562 495 372 265 235 321 397 507 626 700 568 445 349 329 279 252 280 372 351 236 215 256 261 320 363 392 387 325 340 330 377 397 463 451 325 201 143 236 284 271 227 273 189 177 124 104 141 161 160 157 176 191 217 211 213 155 241 158 148 191 119 154 144 151 162 160 204 268 278 278 238 272
21 18 23 46 137 202 344 504 577 554 432 310 236 251 300 380 473 601 707 589 503 401 356 283 243 228 246 273 262 244 206 224 327 325 294 311 275 270 299 337 307 360 370 303 213 138 213 206 180 165 176 132 112 81 81 82 90 94 90 106 135 144 134 123 116 158 127 119 158 139 209 172 129 150 217 263 299 298 217 173 215
16 19 32 91 189 262 389 551 569 479 373 270 241 291 365 414 468 556 629 621 574 465 412 373 307 222 192 217 309 263 192 277 336 264 217 234 228 244 196 270 206 251 235 203 147 114 139 125 99 90 93 99 98 69 75 70 65 65 68 71 64 78 83 71 85 81 84 86 99 175 223 216 147 206 229 211 217 255 244 168 136
