DEM/DEM37.asc
ncols 800
nrows 800
xllcenter 480150.000000
yllcenter 560150.000000
cellsize 300.000000
nodata_value -9999
[rows 136 to 169 of 800, columns 462 to 538 of 800]
76 64 59 61 47 47 59 51 49 49 50 49 48 52 58 54 55 63 83 200 215 135 111 174 190 171 184 110 71 104 164 216 260 261 288 310 259 294 337 299 296 318 315 356 425 372 395 435 487 493 525 547 469 410 382 317 226 196 165 135 123 176 251 180 147 185 147 118 112 108 95 94 90 94 98 93 103
62 108 58 49 46 45 48 54 52 49 48 47 49 52 57 56 52 58 77 172 142 100 84 117 128 81 84 75 59 68 98 156 199 190 207 214 238 262 278 253 274 312 332 352 405 365 394 415 483 530 551 525 467 333 308 257 181 169 154 154 135 210 290 200 139 129 122 122 138 149 115 100 92 86 84 83 83
52 71 54 43 45 45 51 49 60 48 48 47 47 49 51 56 51 52 62 85 76 61 61 67 65 60 61 59 59 61 71 104 131 140 140 172 237 245 267 310 347 312 338 352 383 380 382 394 442 540 513 452 435 371 275 229 205 202 163 137 152 227 258 181 151 171 135 139 137 152 127 104 106 96 90 83 87
44 44 43 44 45 45 50 50 50 46 46 46 47 46 49 55 51 48 52 77 104 59 61 59 61 60 66 81 70 78 108 173 205 221 201 225 267 296 310 406 394 332 357 415 442 410 390 409 446 520 542 467 366 300 244 240 235 190 158 162 157 237 274 193 159 172 151 143 135 147 124 128 132 156 133 108 95
42 42 42 42 44 45 45 47 47 45 44 45 46 47 48 67 56 48 50 64 122 64 63 64 70 72 108 128 85 87 132 241 288 318 347 375 426 419 370 418 410 356 377 413 429 401 413 422 455 536 536 501 440 305 235 187 183 173 163 213 195 230 255 175 167 168 175 168 151 161 141 169 162 170 136 105 88
40 42 40 40 44 45 45 44 45 43 51 46 46 49 50 86 80 53 53 55 73 58 61 69 77 87 136 168 91 107 183 263 344 433 480 495 563 577 525 469 432 377 398 419 431 436 471 514 500 556 503 441 392 283 223 197 179 178 198 284 220 225 218 167 190 173 189 210 186 164 153 142 126 118 112 106 101
39 42 42 44 45 42 44 43 53 43 56 47 45 47 50 115 139 61 97 56 59 70 58 56 62 67 78 84 73 87 142 198 327 414 500 593 623 635 622 594 493 398 406 443 449 487 520 537 539 595 569 509 465 346 280 207 165 177 215 287 213 228 180 212 228 213 211 239 250 218 176 142 143 147 159 163 112
37 41 43 43 44 45 42 45 50 43 46 44 45 46 46 81 122 54 111 63 57 67 56 56 66 65 91 94 81 91 90 149 253 319 444 533 544 566 568 561 520 425 457 490 490 501 533 551 545 572 568 533 486 409 312 234 189 186 208 286 216 254 201 235 282 242 218 251 276 258 232 190 190 187 194 185 126
41 44 46 46 41 41 44 51 42 43 45 43 43 45 45 52 66 54 74 61 55 89 65 63 66 67 88 131 140 173 141 96 132 217 310 379 390 429 458 484 485 438 443 501 540 524 590 582 566 593 552 441 390 348 289 255 237 200 251 295 215 246 243 274 312 303 283 263 240 224 213 211 181 167 164 164 126
44 54 55 43 42 40 42 43 42 44 43 42 43 44 46 54 56 57 61 57 55 90 76 66 67 66 107 184 153 194 194 107 93 131 204 257 273 315 343 368 405 395 406 466 518 554 597 585 598 616 612 556 470 387 305 246 214 218 278 250 188 196 225 224 279 386 361 315 269 266 260 243 234 210 188 163 140
37 60 66 47 47 41 41 44 41 43 42 42 42 43 47 78 66 52 54 55 60 89 74 69 65 69 97 107 136 188 219 141 96 121 180 220 254 280 291 324 362 377 396 438 506 576 586 606 608 617 603 550 456 355 262 222 191 195 236 236 191 178 209 255 328 410 434 367 320 352 329 255 201 176 152 155 138
37 48 90 62 48 41 42 43 42 42 41 41 42 43 60 92 69 54 54 55 57 73 68 78 79 76 84 87 109 154 198 181 154 117 193 301 351 396 405 408 401 420 423 455 554 607 607 622 607 604 583 548 474 383 279 204 195 191 203 205 181 160 223 253 304 318 346 387 374 358 358 308 271 238 165 141 136
36 39 59 64 58 41 41 41 41 42 43 40 41 43 55 92 62 53 52 53 54 54 76 108 115 108 92 94 110 131 166 219 202 193 217 359 454 527 552 545 514 474 478 503 562 613 600 603 576 563 542 504 432 345 284 224 176 188 181 180 174 156 194 238 257 296 297 315 351 327 348 350 276 252 222 147 122
37 40 43 54 47 42 40 40 41 54 47 42 41 41 51 78 54 50 53 52 49 56 87 84 82 106 121 120 146 183 191 221 224 219 241 362 400 471 528 539 502 463 478 546 617 599 579 525 523 502 496 450 427 344 241 221 183 186 176 156 168 154 155 185 240 260 261 269 340 338 315 330 278 189 193 133 138
33 35 36 42 46 41 41 41 43 51 46 49 41 41 48 51 52 44 50 50 47 63 137 84 82 91 94 108 139 162 172 166 197 183 241 258 275 376 445 501 492 450 458 521 595 571 539 504 483 460 429 410 381 307 232 186 172 180 176 150 172 166 156 159 191 181 193 249 268 255 254 294 233 183 159 128 186
33 33 34 35 41 45 43 44 48 53 43 42 39 43 51 65 67 58 49 50 51 64 142 128 114 105 87 90 95 81 90 88 117 145 161 144 176 257 368 450 458 445 453 501 561 539 548 557 545 528 485 469 408 331 267 224 185 169 190 150 156 173 160 147 156 164 244 300 222 156 235 362 341 272 200 127 150
38 36 35 34 39 45 52 57 58 95 49 41 38 45 50 71 67 57 53 49 56 57 86 99 66 64 63 69 67 64 69 68 99 102 125 104 123 202 317 367 414 439 449 482 535 520 476 504 504 504 522 511 414 322 238 199 168 151 183 159 144 176 163 155 146 209 282 323 233 146 242 370 408 333 174 128 100
39 38 43 40 35 41 46 56 54 51 40 41 39 46 46 43 43 53 52 48 53 53 65 119 97 113 94 110 85 94 79 71 75 74 112 167 190 261 251 281 377 433 444 481 535 521 439 365 341 380 426 416 343 328 268 221 204 178 159 138 132 163 158 136 170 262 322 288 204 137 240 346 330 356 275 227 114
39 35 36 57 36 35 53 82 71 49 46 41 40 43 41 44 45 47 43 53 53 50 63 141 197 194 210 206 191 205 182 117 83 84 140 237 298 371 410 404 441 471 460 504 543 522 477 438 383 297 332 317 244 260 246 220 190 220 165 140 124 130 137 123 164 254 302 270 175 124 217 288 226 313 339 292 182
41 32 35 59 36 33 44 86 129 64 102 64 46 41 43 47 69 51 39 51 50 55 64 94 165 247 265 290 298 275 253 211 134 145 155 193 264 345 416 460 511 510 514 526 509 500 459 455 428 347 272 258 244 245 217 181 181 204 174 143 145 134 153 175 163 152 187 212 168 116 174 239 188 262 274 323 243
41 40 35 43 33 35 36 47 86 67 131 60 40 37 37 46 95 68 50 45 47 52 62 73 132 205 241 269 291 296 303 288 246 268 315 358 373 401 472 514 519 503 518 519 516 515 497 454 427 329 266 267 267 272 239 217 157 174 154 139 133 161 226 295 269 199 159 137 122 111 148 189 145 180 205 249 233
51 44 39 37 39 40 35 37 43 47 75 52 45 39 38 43 55 49 60 43 48 56 61 69 111 173 176 239 264 267 292 331 353 381 419 422 435 450 455 467 481 470 495 513 483 486 489 454 427 356 296 258 205 179 146 156 152 177 146 137 147 173 233 324 366 321 230 169 183 109 114 133 105 119 135 173 219
42 33 35 37 38 37 38 53 48 43 47 49 41 40 42 44 43 45 81 46 50 52 59 73 99 117 143 201 221 231 269 311 323 380 384 364 396 429 401 404 442 444 473 496 471 459 466 430 395 367 374 360 327 246 198 181 149 150 135 137 159 161 206 309 423 334 223 208 212 129 136 104 99 98 103 153 162
31 34 36 38 37 37 40 49 83 47 51 46 40 38 40 43 48 60 91 46 48 51 59 70 75 97 116 151 153 155 206 236 279 335 309 315 383 392 375 384 407 410 445 502 480 463 450 438 429 434 441 441 418 300 222 180 149 139 125 132 157 145 178 261 356 310 252 292 223 136 182 163 151 136 129 103 106
33 35 35 40 37 36 39 50 49 77 44 49 41 79 44 48 61 64 91 49 53 55 55 67 71 73 85 92 95 116 161 183 254 261 240 334 368 361 347 370 381 406 448 494 533 553 534 551 535 496 414 386 397 313 239 198 150 149 126 122 149 138 146 224 227 261 204 235 225 154 173 241 271 200 149 122 210
33 35 36 34 33 32 36 56 51 115 70 56 42 45 44 47 57 58 80 46 50 56 57 57 61 61 77 92 134 146 141 156 186 195 213 276 343 343 380 402 442 471 505 542 553 570 532 559 532 487 415 349 355 327 266 200 156 146 129 119 150 141 126 150 178 259 203 193 195 131 150 211 302 275 179 201 276
34 32 34 44 47 32 34 53 59 121 87 100 43 36 42 40 98 94 126 52 45 49 55 68 78 93 133 177 223 228 212 199 260 275 330 344 345 378 434 463 495 529 589 584 555 538 497 461 426 402 391 354 296 274 257 246 189 157 129 118 154 178 124 136 183 233 211 182 184 138 134 215 283 242 214 173 200
32 33 38 88 78 34 34 50 57 105 48 64 40 37 39 37 115 131 181 74 46 50 57 82 86 130 186 229 227 223 241 258 342 385 404 422 429 430 477 483 496 540 571 584 567 524 485 429 399 370 366 348 323 264 255 232 169 137 125 121 143 182 132 119 176 197 194 189 174 142 126 190 212 142 133 111 119
31 33 42 113 94 33 34 52 86 152 67 48 42 38 36 36 112 153 167 71 49 52 54 78 87 124 183 201 166 177 193 211 254 300 339 371 416 437 480 476 500 528 574 635 651 585 524 490 467 455 420 375 299 236 210 181 163 132 171 127 110 115 111 107 154 160 175 177 151 123 106 154 197 114 85 77 78
30 30 33 47 43 32 31 33 82 154 112 77 46 37 36 37 111 207 179 66 53 60 57 77 91 106 132 116 128 157 169 179 213 255 273 293 326 350 441 498 486 522 549 609 653 645 609 568 532 433 369 346 340 320 268 192 142 168 175 135 110 111 107 103 108 124 153 157 137 101 96 140 134 97 100 95 84
30 29 27 29 33 31 29 29 64 105 92 66 85 37 38 45 143 222 185 74 54 63 64 58 72 77 78 80 94 101 110 142 193 192 226 269 296 358 417 521 521 517 520 557 608 635 583 490 450 409 415 425 371 305 259 189 227 241 205 148 122 107 106 104 117 122 109 126 106 96 120 99 93 99 103 111 102
28 29 30 29 30 31 30 30 36 77 101 47 45 38 39 39 116 194 186 76 54 58 64 63 63 77 115 134 145 164 188 275 319 333 322 327 367 390 477 563 566 550 539 566 607 649 593 500 484 502 475 411 337 272 217 243 341 282 213 163 121 109 104 102 120 144 116 103 104 110 121 119 147 146 180 179 159
26 26 30 27 28 30 28 33 33 33 40 37 35 34 36 38 77 200 174 77 55 52 62 64 63 70 86 103 140 203 259 329 354 395 396 407 486 509 559 594 595 600 576 566 610 672 639 566 486 469 440 351 284 256 245 296 377 306 233 165 133 120 120 104 114 145 131 130 151 125 112 118 146 200 259 246 229
25 25 26 27 29 28 28 44 49 53 47 43 33 32 34 50 133 201 153 62 58 56 58 63 62 68 79 106 186 235 280 317 360 434 497 524 570 577 574 585 626 646 658 598 641 662 607 570 507 405 377 314 293 293 341 374 407 330 232 191 136 124 125 111 126 188 164 172 169 120 143 139 175 224 206 182 184
