DEM/DEM32.asc
ncols 800
nrows 800
xllcenter 240150.000000
yllcenter 800150.000000
cellsize 300.000000
nodata_value -9999
[rows 108 to 143 of 800, columns 648 to 728 of 800]
154 145 113 111 87 87 154 205 246 255 193 73 60 56 50 45 41 39 41 45 45 51 54 68 135 175 244 349 447 498 516 563 609 472 390 430 399 335 347 291 274 201 222 328 359 420 435 349 253 316 411 362 286 332 370 478 619 700 660 544 431 355 283 292 299 230 263 304 289 303 305 180 199 251 235 207 176 130 104 106 112
106 137 117 40 50 121 133 166 202 177 89 43 39 46 43 36 33 34 36 45 51 52 62 75 120 168 255 342 358 414 619 735 702 585 510 501 498 457 423 338 286 240 200 344 427 437 442 344 217 250 351 298 222 256 354 520 634 613 655 579 471 358 295 238 223 289 277 251 279 262 287 282 312 337 328 264 225 169 114 107 114
82 96 85 29 31 44 56 93 71 51 44 45 34 31 33 37 34 37 53 56 55 58 67 89 124 184 255 275 341 449 719 814 763 662 602 553 512 427 406 352 312 258 181 316 412 457 428 349 259 178 265 188 183 246 326 497 616 589 594 536 471 363 317 258 206 237 280 211 197 205 257 274 314 318 309 200 130 117 109 110 101
62 37 23 29 25 25 31 24 26 35 30 29 26 27 30 34 35 40 42 40 47 60 64 75 125 158 207 257 347 463 680 863 804 696 601 548 477 512 482 430 357 248 170 269 377 406 386 327 227 152 156 157 235 330 383 466 557 525 508 437 434 370 300 211 163 242 233 214 172 226 218 166 207 230 214 225 179 147 159 162 145
17 14 24 24 23 20 24 29 25 21 25 28 24 29 30 33 39 38 42 39 50 54 62 73 114 164 200 310 391 485 761 863 827 686 604 532 489 505 510 438 332 239 175 280 390 326 319 323 273 208 128 159 240 307 333 433 536 431 410 370 370 345 257 183 152 207 232 160 148 168 221 164 150 193 150 214 240 248 214 134 110
12 12 17 22 23 21 22 24 18 25 30 22 23 30 29 31 38 40 45 45 43 53 62 72 107 138 194 274 420 537 703 871 814 682 567 501 428 362 383 320 285 216 178 315 285 240 224 287 201 144 115 124 181 191 267 388 504 392 299 298 277 291 295 183 143 182 198 186 139 157 194 168 141 163 121 166 189 249 224 166 127
11 11 15 20 22 22 16 19 21 31 32 21 22 24 25 25 34 38 36 38 41 57 66 85 96 130 189 322 424 435 595 778 770 611 525 453 335 284 307 201 177 157 201 289 217 161 159 228 183 110 116 160 178 217 322 299 392 435 340 255 197 208 235 177 133 225 194 149 123 177 153 113 119 119 126 124 141 171 217 181 159
10 15 15 16 13 12 12 23 24 27 28 17 17 23 23 23 29 34 34 42 50 57 62 70 83 110 193 310 325 348 483 667 662 491 405 386 317 258 266 181 143 160 185 213 194 175 129 189 127 104 135 230 281 276 281 230 348 420 333 288 186 138 203 156 119 204 210 152 116 154 155 128 105 102 151 110 106 130 221 228 151
9 9 10 12 12 9 12 23 24 23 19 16 18 20 24 25 33 34 36 42 45 54 57 61 70 115 185 245 256 324 429 541 503 406 353 312 260 220 242 211 134 128 111 139 118 123 114 125 108 129 170 216 261 268 213 197 330 338 252 205 189 149 135 126 150 203 144 118 118 155 143 136 115 106 127 107 88 125 154 149 165
8 13 8 8 10 9 14 23 23 20 23 23 26 31 38 33 28 33 37 38 40 46 50 53 74 132 163 184 231 312 369 477 422 335 285 249 216 193 172 180 127 102 105 115 98 101 101 105 103 105 117 149 159 255 229 164 267 296 184 123 151 216 148 112 177 230 154 112 129 136 116 135 105 91 102 95 105 122 103 100 129
8 11 8 10 12 10 23 19 19 23 25 25 29 35 39 35 34 34 36 41 43 53 72 68 82 116 147 163 226 299 355 458 491 433 358 332 290 238 190 161 134 146 134 114 111 145 144 144 119 93 109 125 124 166 187 136 193 229 169 111 129 207 160 110 157 203 143 105 125 132 106 105 107 90 94 102 99 103 99 108 128
8 8 10 9 15 16 21 21 19 26 28 33 34 37 34 33 39 39 39 40 42 49 77 78 91 125 128 141 181 241 364 459 557 529 463 404 317 318 352 269 179 179 163 132 131 190 256 245 174 140 107 102 110 106 112 106 120 149 121 105 129 125 156 114 142 160 108 113 115 111 107 100 107 114 99 112 132 114 95 100 109
10 9 10 12 9 13 10 14 26 30 27 32 29 36 28 39 37 39 45 49 44 45 52 60 90 144 202 200 201 249 371 554 558 456 415 410 351 400 335 238 184 195 171 212 167 244 302 225 181 189 140 124 112 111 116 100 100 129 112 112 100 94 119 112 154 135 101 105 107 105 121 148 104 109 110 127 129 113 87 94 94
9 7 8 10 9 9 13 13 18 20 19 26 29 29 29 33 32 36 44 52 63 59 75 95 103 186 270 298 241 315 446 591 525 487 404 388 383 410 301 215 190 246 220 259 242 306 253 198 128 141 111 112 119 121 176 146 112 98 110 110 118 109 112 101 136 115 100 102 105 110 131 165 114 109 105 118 106 97 90 85 88
9 9 7 11 14 16 19 13 18 21 22 24 26 24 26 30 36 36 38 50 116 148 133 130 135 136 195 356 362 398 507 504 454 467 463 467 446 406 370 300 262 248 282 277 255 290 232 161 139 101 102 124 104 152 235 236 154 111 107 110 116 108 101 107 112 101 91 104 100 105 114 139 127 103 102 93 99 93 89 92 90
15 16 12 22 23 21 23 17 19 23 23 22 25 25 31 33 33 35 38 71 133 187 216 173 197 238 269 408 501 520 486 382 324 372 379 327 324 248 253 257 173 151 167 171 137 204 204 142 120 109 119 171 130 219 326 282 176 121 104 101 103 116 116 98 111 104 115 118 129 104 115 142 204 161 111 96 95 90 88 91 88
21 13 14 17 22 25 25 23 23 29 29 29 26 27 28 32 32 36 61 95 151 208 225 274 280 326 388 409 448 478 416 410 317 258 289 240 256 234 159 199 232 158 121 104 98 131 184 117 111 119 188 272 241 256 324 222 147 112 117 107 106 118 155 141 117 112 128 165 154 114 119 120 190 179 145 103 97 85 103 111 100
17 14 18 18 18 17 20 25 27 35 36 35 27 29 31 28 32 34 61 138 173 174 118 191 305 392 410 362 428 400 339 352 315 217 201 175 197 239 160 139 149 154 110 118 127 137 122 127 112 115 169 315 380 354 287 212 205 136 112 102 126 178 215 156 113 103 133 190 192 146 154 146 163 141 135 103 100 98 105 116 109
22 18 16 17 13 17 27 32 35 35 35 35 36 38 49 47 49 34 62 126 152 98 103 159 252 326 287 280 287 301 286 259 343 306 247 230 168 158 150 121 121 112 109 173 214 217 131 192 172 183 197 306 416 429 315 195 137 116 104 99 126 175 240 203 121 108 113 116 158 206 230 202 178 135 110 96 98 98 96 126 129
23 17 14 14 18 26 33 36 39 31 32 39 50 80 121 131 108 53 51 120 86 66 112 163 248 356 295 232 204 252 274 183 240 295 329 270 197 135 112 158 194 132 116 198 298 233 138 172 235 302 285 312 413 404 258 141 109 111 116 108 147 222 208 166 157 103 104 123 123 191 264 222 133 121 108 98 99 99 100 111 109
29 32 12 14 26 38 51 43 36 35 35 59 106 176 172 196 159 70 42 48 55 77 121 187 293 370 341 235 188 175 190 149 146 152 204 176 124 134 160 208 233 154 121 222 313 216 148 178 234 309 343 374 375 322 194 128 129 133 124 109 149 242 214 145 113 94 112 169 211 233 243 155 116 147 105 104 98 99 97 98 113
28 16 10 12 22 28 37 29 29 28 33 45 93 194 233 266 173 88 54 64 96 75 140 223 347 419 338 212 268 236 201 225 189 159 127 181 164 180 258 297 199 139 125 234 330 213 207 194 197 246 323 376 293 268 188 177 203 135 103 120 174 240 200 156 122 110 103 145 167 257 249 205 123 157 114 99 99 97 101 115 123
17 14 10 11 21 24 28 24 29 33 37 41 72 149 209 302 197 115 73 91 132 89 134 256 400 473 359 242 333 320 293 302 295 203 160 263 248 224 289 317 202 148 130 238 349 232 251 288 238 280 362 384 369 349 273 229 201 159 102 133 207 232 166 139 111 106 141 133 177 216 236 194 139 186 111 112 100 87 105 116 109
13 18 9 9 13 17 23 25 27 30 34 41 56 85 166 304 270 146 112 177 197 179 165 250 400 465 367 258 352 421 401 411 331 211 195 294 331 276 302 299 186 122 157 288 375 282 257 293 361 324 342 431 506 462 322 201 156 122 115 156 189 169 170 134 100 139 223 181 178 227 205 221 192 201 139 111 93 98 109 107 92
11 9 9 10 13 18 25 26 27 33 37 44 84 132 186 338 326 236 215 246 248 301 301 275 332 440 454 358 424 530 524 427 356 307 232 290 332 252 199 196 180 130 165 294 364 352 397 413 450 383 403 458 424 435 319 251 206 125 143 215 195 141 114 114 131 122 165 174 188 226 261 272 252 189 127 105 105 108 112 110 97
9 7 8 9 11 25 27 24 28 36 45 67 166 240 299 391 393 343 320 333 322 310 348 345 359 452 519 456 448 567 615 496 389 312 243 268 302 268 217 183 141 111 167 237 233 304 426 511 447 334 336 366 320 335 283 190 143 116 187 214 141 122 108 128 192 155 150 165 180 249 362 400 292 223 121 107 154 158 121 100 96
7 10 7 10 17 30 23 26 31 38 49 87 184 324 439 355 268 240 230 277 209 167 219 272 345 435 529 596 579 627 664 543 434 304 305 378 407 380 334 235 140 122 162 175 217 274 357 456 385 338 289 261 222 187 187 230 169 137 251 234 159 108 138 133 126 168 153 185 234 312 493 471 285 170 129 114 144 109 99 103 124
7 7 8 22 32 33 21 23 28 44 93 132 199 332 426 343 197 144 194 194 129 88 150 149 253 416 528 638 639 657 625 517 412 341 411 387 365 290 301 255 190 141 139 135 204 286 380 371 425 423 357 297 247 181 132 141 134 191 232 166 152 116 139 190 134 154 175 208 300 445 459 309 300 230 189 139 133 102 114 123 201
8 7 7 14 25 16 17 22 29 43 68 94 229 313 325 275 225 137 117 98 65 72 92 113 232 380 498 579 628 715 612 491 457 441 335 257 240 201 224 192 182 206 156 125 180 256 264 263 333 354 374 413 350 241 200 145 166 233 239 181 131 105 139 204 186 183 198 251 327 496 395 315 316 288 252 155 111 104 124 140 226
7 6 8 13 18 11 17 23 27 47 53 121 196 174 197 194 207 207 130 65 56 107 122 149 207 288 379 452 546 678 634 511 444 375 269 194 212 173 143 157 137 143 162 131 155 175 158 218 222 261 245 361 316 260 210 149 202 287 257 177 117 102 128 140 168 220 224 410 653 400 325 378 387 336 243 158 107 110 173 276 321
7 7 8 16 10 11 16 17 24 34 41 133 105 107 153 142 152 129 73 60 69 70 74 86 164 202 306 434 522 630 571 454 341 252 235 260 311 201 158 209 215 227 205 156 129 141 192 156 170 196 204 316 248 182 178 176 283 250 182 147 125 149 179 150 204 285 432 494 266 275 388 580 509 410 249 173 116 135 252 311 356
6 7 8 8 10 11 17 12 28 27 46 104 59 32 65 43 51 52 37 49 44 48 73 89 118 227 357 520 569 597 538 397 294 260 294 350 305 225 201 271 274 211 145 162 169 210 307 286 185 145 190 310 236 235 203 218 321 269 184 126 125 206 228 228 311 429 467 271 232 265 404 549 544 454 268 194 136 181 218 200 289
7 7 8 13 13 11 10 10 22 16 32 39 32 30 33 49 53 97 95 85 98 77 96 136 172 251 368 526 539 549 543 423 389 346 413 393 343 300 293 254 194 181 180 279 281 262 344 270 190 150 200 347 322 287 228 250 339 266 181 117 156 189 222 314 468 479 289 229 232 301 297 293 418 352 217 175 171 184 152 164 196
8 8 7 14 18 13 16 17 13 22 23 23 31 28 54 128 134 148 204 176 197 119 163 229 249 316 445 502 485 491 511 488 478 509 522 522 477 380 275 217 203 169 211 335 395 405 355 277 212 163 246 358 340 289 239 271 315 201 132 130 222 216 231 331 535 378 243 223 286 282 263 283 608 359 165 189 211 201 173 126 181
8 11 11 12 17 21 19 20 17 24 26 26 26 27 44 130 207 212 251 286 265 219 221 289 349 420 478 459 503 551 581 586 625 636 611 554 462 406 299 268 211 176 234 338 444 430 385 312 197 195 267 354 297 280 277 315 295 174 109 144 242 267 265 420 472 318 252 285 339 244 276 543 608 325 197 175 212 203 222 153 121
11 9 9 10 16 18 22 24 23 25 26 28 25 27 31 46 109 213 255 248 232 188 192 249 372 489 432 471 515 608 663 698 759 720 670 542 470 410 373 308 225 189 272 382 376 352 371 273 184 209 287 369 322 362 338 308 233 155 144 179 238 312 352 580 417 334 322 410 313 220 248 412 471 349 196 181 231 187 153 134 113
