DEM/DEM37.asc
ncols 800
nrows 800
xllcenter 480150.000000
yllcenter 560150.000000
cellsize 300.000000
nodata_value -9999
[rows 0 to 33 of 800, columns 539 to 615 of 800]
43 35 23 14 13 12 13 12 12 11 11 13 12 12 10 10 9 9 8 7 8 8 7 6 6 5 4 6 9 8 19 20 20 16 7 6 4 4 4 6 5 6 7 6 8 2 5 4 4 0 2 3 4 7 4 5 3 2 4 4 4 3 3 2 3 4 2 2 3 1 3 1 3 2 1 2 3
39 30 18 14 13 13 13 12 12 11 13 14 12 11 12 12 9 10 8 8 7 7 7 8 6 5 4 3 4 5 17 15 13 12 6 4 4 4 5 6 7 8 4 0 1 4 5 5 -1 1 3 3 4 5 3 3 2 3 2 2 3 3 4 1 2 4 3 1 4 1 3 2 1 3 2 1 2
37 29 14 14 14 13 14 13 12 12 14 14 15 13 13 9 10 9 9 9 8 8 8 7 7 6 4 4 5 4 7 7 6 10 5 3 4 5 6 6 6 2 3 1 2 6 2 4 3 8 4 4 0 0 4 5 5 6 3 3 5 1 2 3 3 4 2 5 2 4 5 3 1 4 3 3 4
30 21 15 13 15 13 14 14 13 15 14 14 11 11 11 11 10 9 9 11 9 9 10 6 5 7 6 5 4 3 4 6 7 8 6 6 5 7 7 6 6 6 3 3 2 3 5 5 3 3 0 2 1 3 5 3 2 3 1 2 3 1 2 4 3 1 2 4 4 1 1 3 1 3 3 2 2
17 15 17 15 15 16 14 16 14 16 14 12 12 12 12 10 9 10 9 9 9 9 11 10 5 5 4 6 3 2 3 4 9 6 5 5 5 6 6 6 11 5 4 0 6 4 3 3 5 0 3 4 5 5 3 4 5 2 3 0 3 4 1 2 4 1 5 4 1 3 3 2 3 5 3 2 1
16 17 15 16 16 15 14 14 14 16 15 12 11 13 14 11 11 10 10 10 11 10 8 7 5 5 7 6 5 4 3 3 8 4 4 6 7 5 5 11 6 0 8 2 2 3 2 4 3 1 3 2 0 4 2 4 6 6 3 3 3 3 2 1 1 1 4 1 4 6 1 0 2 4 3 1 1
18 17 16 16 17 15 16 14 15 14 13 13 13 12 13 12 11 11 10 12 12 13 11 8 5 4 5 5 5 4 3 5 6 6 5 6 5 4 4 13 0 3 1 2 0 3 1 0 1 1 1 2 5 2 4 5 4 6 5 4 3 4 3 3 2 4 3 3 3 4 3 3 3 3 2 3 2
17 17 16 16 15 14 14 14 15 14 12 12 15 12 12 11 12 12 12 13 10 9 9 7 6 8 6 5 6 5 4 4 6 6 4 4 7 7 5 5 2 2 3 4 6 3 2 2 2 3 2 4 3 2 1 1 4 2 5 3 2 4 2 1 1 4 3 0 4 4 0 4 1 2 4 3 2
17 16 16 15 15 14 14 15 14 13 13 13 15 13 12 12 11 17 17 17 17 10 8 7 7 8 8 7 6 5 4 3 3 4 3 5 8 5 6 5 3 0 4 4 1 2 1 1 3 2 4 1 2 3 4 5 4 2 3 3 1 3 3 3 2 1 3 2 1 4 6 2 1 3 2 1 1
17 17 17 16 15 15 15 18 14 15 15 14 15 13 13 14 12 23 29 21 11 10 13 9 7 10 10 10 9 5 4 4 3 5 5 4 6 6 6 6 3 2 2 0 0 3 4 3 3 2 2 2 1 1 3 2 2 2 4 2 2 2 2 3 2 3 2 3 2 3 1 3 0 2 2 2 4
18 17 15 14 15 15 14 18 17 19 19 15 13 15 15 16 13 22 28 19 15 16 19 13 8 11 9 10 9 5 4 4 5 4 5 4 4 8 6 5 4 8 9 1 1 2 5 3 0 1 2 1 2 2 1 1 2 3 1 2 7 4 3 1 2 3 2 1 2 3 3 2 2 2 3 2 3
19 18 16 16 15 16 17 20 17 17 17 14 14 17 15 16 15 17 18 19 27 28 22 10 9 9 9 14 12 6 4 4 5 4 3 5 4 7 6 4 6 3 5 4 3 4 3 3 2 1 1 3 1 1 2 1 2 3 3 2 3 3 1 2 2 1 3 2 2 1 3 3 2 2 1 3 2
19 19 18 16 16 20 18 17 17 19 18 16 15 16 17 20 20 16 16 21 30 34 36 16 9 10 15 28 21 6 5 5 5 5 5 6 6 5 5 5 4 4 3 12 2 3 4 2 2 0 2 2 1 2 1 2 3 2 1 3 2 4 2 2 2 3 1 2 2 4 4 2 2 2 0 3 3
67 20 17 18 17 19 17 18 17 16 16 17 17 18 21 29 27 18 20 27 37 24 21 13 10 11 17 24 20 5 8 6 5 7 5 5 5 4 7 7 4 4 4 1 4 5 5 2 3 1 1 3 2 3 2 1 3 1 2 1 1 4 2 1 3 1 3 1 1 4 3 1 3 3 1 2 4
27 17 18 17 16 19 16 18 15 17 16 15 16 20 27 38 37 29 29 32 39 32 20 11 11 12 24 30 14 10 23 13 5 5 5 6 5 5 5 5 8 6 4 4 5 6 5 2 2 2 3 1 0 0 3 1 2 2 3 3 2 1 2 1 1 1 2 2 2 3 2 1 2 1 2 3 2
19 19 18 18 20 19 18 16 17 19 17 16 18 31 30 41 42 37 38 64 41 44 28 14 13 13 21 20 14 15 28 20 6 6 5 5 6 6 6 7 7 6 5 5 7 5 5 3 3 0 4 2 2 1 2 4 2 2 3 2 1 2 1 2 2 4 2 2 2 2 0 1 3 3 2 2 1
18 18 20 18 18 21 17 17 17 21 18 20 21 33 45 56 47 48 78 68 35 41 32 17 15 19 20 21 25 20 18 8 6 6 6 5 5 6 9 12 10 6 6 7 5 4 7 6 3 1 1 3 1 2 2 2 0 2 2 2 2 1 3 2 2 3 2 1 3 1 2 3 4 0 1 2 4
19 19 19 17 18 19 19 17 17 17 21 27 29 38 54 69 56 44 53 43 48 50 28 21 16 18 27 25 26 14 8 7 7 6 7 6 6 9 10 10 7 5 5 8 7 6 7 4 3 4 4 3 2 3 7 1 4 2 1 3 2 0 1 3 4 3 2 3 2 2 3 1 4 1 1 2 3
21 21 19 19 20 20 20 18 17 19 19 24 32 37 41 59 58 40 36 31 49 36 22 18 17 21 35 33 24 14 7 7 7 7 7 7 7 7 11 13 7 5 6 9 8 5 6 5 4 1 3 2 3 2 1 2 2 2 3 1 3 2 0 2 2 3 1 2 1 3 3 2 2 1 3 5 3
21 20 19 19 20 19 17 18 19 22 19 31 31 35 36 46 67 51 46 29 30 21 12 11 14 22 29 25 12 9 9 7 7 7 9 10 8 8 12 10 10 6 4 7 12 5 3 6 6 1 5 3 3 4 5 -2 1 3 3 2 2 2 3 4 3 2 1 2 2 2 0 2 4 2 4 1 3
21 20 21 19 19 18 18 18 21 20 25 40 40 40 40 50 70 55 40 32 19 14 16 12 16 24 28 19 10 9 8 8 8 9 9 8 8 7 12 11 8 6 5 8 11 6 4 5 3 4 1 4 5 4 4 2 0 4 1 2 3 2 2 0 2 3 3 3 1 3 1 2 3 2 2 2 2
23 21 19 19 20 18 19 19 20 23 25 36 39 43 45 62 58 51 45 30 14 13 14 14 13 14 26 19 12 11 10 9 10 11 10 10 8 10 13 8 6 8 10 13 13 7 4 4 4 0 1 2 4 3 3 2 3 3 2 2 3 0 0 2 1 2 3 2 2 5 2 2 5 3 0 2 3
22 21 19 19 19 24 35 33 26 23 27 34 33 38 42 56 70 60 40 27 18 14 14 15 13 14 17 17 14 13 11 12 11 8 12 15 14 14 13 7 10 13 10 7 8 5 4 5 7 5 1 6 1 3 3 3 2 1 2 4 1 1 3 4 1 5 3 0 1 1 1 1 3 0 1 1 3
20 21 20 19 21 28 40 43 45 31 31 39 47 39 47 65 66 57 34 23 16 14 14 15 16 16 17 16 13 11 11 10 9 9 14 17 18 17 13 9 8 13 8 5 5 8 6 6 6 4 5 0 3 3 1 4 2 0 3 4 0 2 3 3 2 4 1 2 1 1 1 2 1 1 2 2 1
20 20 19 20 23 28 35 44 68 44 41 44 57 51 59 56 46 44 35 23 15 15 17 19 18 18 17 15 11 10 10 11 9 12 18 19 17 14 8 9 11 11 7 7 5 8 8 5 5 5 1 0 3 1 1 1 2 3 3 2 2 3 1 0 3 3 2 1 3 4 3 3 3 3 0 1 3
20 20 20 20 21 32 35 44 55 49 51 50 41 50 49 49 41 33 24 17 18 19 14 16 18 15 15 13 11 12 10 10 12 15 16 15 12 8 11 13 9 7 6 7 11 9 7 5 6 8 10 2 5 3 6 2 4 5 3 3 1 -1 0 2 3 2 0 0 1 1 1 2 4 2 1 1 3
20 20 20 21 20 29 45 53 55 49 43 39 31 46 45 40 36 28 23 16 15 17 15 18 16 15 12 13 11 11 10 12 14 13 15 14 16 13 11 8 6 6 6 7 8 7 8 5 5 5 5 7 2 3 4 5 2 4 0 2 0 5 3 3 2 2 2 0 1 3 3 3 3 5 4 2 2
21 21 22 21 22 27 40 59 56 42 34 38 26 32 33 30 35 23 22 16 16 20 17 18 18 12 11 11 11 12 17 14 15 13 14 15 12 9 8 8 8 7 7 8 6 6 6 4 5 6 5 5 4 5 -1 6 5 4 0 0 2 3 4 0 -2 1 4 6 3 3 3 2 2 3 0 0 2
22 23 23 20 25 38 53 49 45 32 30 41 24 22 24 24 22 18 15 17 19 16 18 19 23 14 12 11 10 12 18 15 15 14 12 13 12 9 8 8 7 7 6 6 6 9 5 4 3 6 5 3 5 5 5 6 5 3 1 4 3 3 3 -1 1 2 7 5 3 2 0 3 -7 1 2 2 3
24 22 23 21 34 47 68 48 29 33 28 36 23 19 18 21 19 19 18 17 17 16 17 19 24 19 13 11 11 12 14 15 15 13 11 10 12 9 8 8 8 7 6 6 6 8 8 5 4 4 5 5 5 4 5 5 6 5 5 4 4 4 3 3 3 3 2 3 3 1 1 -1 -12 0 2 2 5
23 24 22 21 34 55 54 39 27 32 23 29 23 20 17 19 21 21 16 16 16 15 15 17 21 19 12 11 13 14 18 16 14 13 11 9 11 9 10 8 8 7 8 7 7 7 8 7 5 4 5 3 4 4 4 5 5 5 4 3 3 3 4 1 3 2 4 3 3 2 0 2 4 -8 5 2 3
27 25 23 24 35 50 48 37 23 24 28 25 29 30 33 21 22 20 19 18 16 15 15 17 15 14 13 13 15 16 16 13 12 11 10 10 11 11 11 9 8 7 7 8 8 6 7 10 9 5 7 4 6 4 4 4 4 3 4 3 4 4 3 6 11 2 3 4 4 4 3 0 3 4 3 8 11
26 23 22 23 27 35 34 25 22 23 30 25 21 24 35 25 26 23 19 18 16 16 16 15 14 17 16 17 21 18 15 12 13 14 13 11 9 11 12 9 9 8 6 6 6 5 6 7 10 6 5 6 5 4 4 4 5 4 2 3 3 3 3 4 4 4 3 3 3 4 4 3 1 4 4 6 6
25 25 23 22 24 25 22 22 21 24 25 25 25 23 23 25 24 20 17 17 18 17 16 16 17 20 17 21 20 19 16 13 11 11 12 11 9 11 12 13 12 11 10 8 8 7 5 4 6 7 5 5 5 3 5 4 5 4 3 3 2 2 3 4 4 3 4 4 3 2 4 3 4 4 5 6 9
