DEM/DEM38.asc
ncols 800
nrows 800
xllcenter 720150.000000
yllcenter 560150.000000
cellsize 300.000000
nodata_value -9999
[rows 351 to 389 of 800, columns 0 to 87 of 800]
274 256 248 205 273 267 191 159 197 242 264 221 181 172 157 129 117 129 130 146 171 214 234 277 320 358 404 355 317 283 334 426 333 338 296 346 347 340 377 352 325 339 392 375 400 451 511 578 638 655 561 603 661 583 533 487 431 411 368 351 299 309 285 355 346 313 314 331 331 370 443 590 697 636 487 428 426 404 336 270 341 270 196 127 86 74 66 62
279 313 249 285 318 249 174 176 227 260 230 198 179 207 217 151 130 150 163 182 211 214 235 293 318 328 366 356 312 301 335 431 363 367 355 317 367 383 411 359 366 419 444 380 402 403 483 564 602 618 675 711 717 558 455 409 352 340 313 271 239 222 286 297 282 269 286 283 289 325 365 487 603 674 560 508 449 394 311 260 322 244 257 262 193 130 75 67
330 354 296 316 245 198 188 196 247 294 285 220 215 265 245 174 132 148 155 164 174 209 217 244 279 312 319 348 339 336 356 445 419 404 355 336 412 449 444 383 388 440 418 421 467 423 450 565 568 577 624 687 724 588 504 493 390 336 321 305 257 204 222 249 229 210 225 248 261 290 358 451 575 692 628 530 435 345 325 269 274 261 221 227 233 128 73 63
373 396 339 303 240 203 222 255 239 323 279 221 220 270 289 204 148 162 182 205 225 239 270 271 328 326 340 355 365 341 382 452 464 471 423 369 415 461 518 449 440 497 431 514 566 485 501 549 590 610 604 645 698 656 602 560 489 451 425 323 321 220 189 203 202 182 206 216 267 296 352 488 593 705 708 618 538 418 276 268 320 333 308 163 132 93 68 66
410 424 333 243 227 223 284 289 237 317 289 224 253 266 241 219 196 229 222 191 207 225 234 282 333 343 389 428 380 380 353 384 438 516 445 436 477 474 532 484 466 539 461 553 600 533 566 596 629 664 674 702 667 655 621 589 509 447 430 339 293 282 226 177 199 175 182 210 252 320 357 402 462 592 714 623 517 416 336 234 214 249 246 142 77 76 68 67
328 403 328 254 266 281 273 251 273 281 255 251 286 272 265 252 235 255 254 236 270 243 275 254 268 331 419 456 409 409 404 400 453 497 487 530 537 553 582 548 539 560 482 577 589 528 534 566 631 658 678 684 581 573 585 548 524 486 434 368 342 277 232 177 177 174 177 185 213 272 340 351 419 480 632 681 554 395 297 259 174 137 141 141 172 155 75 72
-9999 348 290 303 321 307 277 313 279 278 288 289 283 301 312 312 257 264 323 280 318 290 311 307 310 344 466 493 449 488 512 432 482 532 558 572 578 601 644 671 661 617 545 576 561 533 533 557 635 613 552 552 516 464 439 435 414 415 403 414 345 305 277 226 171 155 166 177 184 223 270 323 388 429 511 654 592 470 332 248 186 151 133 153 206 109 71 70
-9999 332 273 253 283 315 305 346 287 287 293 325 357 364 314 262 281 307 346 332 343 364 359 337 359 402 450 511 529 559 543 480 514 480 523 502 512 582 653 698 725 668 645 616 583 569 572 613 670 647 547 482 431 366 324 323 302 312 333 336 351 324 286 278 242 172 156 162 191 223 254 304 354 442 489 559 503 402 334 266 207 259 232 125 87 79 77 70
-9999 277 241 282 305 280 319 347 296 331 348 320 371 392 339 273 298 307 305 340 377 429 412 374 396 447 437 498 577 516 515 506 449 452 524 472 484 527 588 632 682 726 707 658 660 645 635 728 720 667 574 482 448 377 325 275 245 334 296 286 324 302 237 218 195 190 144 159 188 216 241 259 317 351 401 483 422 359 282 246 292 331 254 145 85 78 75 70
-9999 241 241 320 364 341 303 369 340 334 394 397 397 345 311 292 345 322 321 323 371 374 352 388 418 462 418 486 547 480 468 497 431 429 511 464 472 520 578 597 650 677 728 740 749 731 725 709 676 680 590 445 372 336 296 296 227 303 313 260 291 317 284 219 172 151 139 172 205 208 202 222 296 353 447 488 398 299 225 281 339 292 298 178 87 74 78 71
-9999 220 250 343 401 404 340 406 409 344 385 443 447 419 371 355 361 357 347 358 352 333 347 366 400 390 409 417 454 457 399 445 411 402 443 428 471 536 534 527 566 608 661 691 698 664 656 622 586 609 490 395 350 281 252 224 249 336 375 255 208 211 323 298 215 167 145 177 192 200 184 254 328 356 485 497 382 272 189 293 411 446 437 388 94 96 99 127
-9999 -9999 -9999 -9999 338 381 380 345 389 394 379 374 411 447 403 404 427 351 313 324 364 325 349 380 411 348 382 371 366 375 385 -9999 -9999 -9999 -9999 -9999 -9999 -9999 463 520 580 652 648 656 654 596 580 553 537 546 502 456 400 316 283 252 196 182 244 257 197 152 160 156 200 164 126 145 158 180 199 263 266 334 460 498 391 297 192 248 442 534 461 359 80 89 110 239
-9999 -9999 -9999 -9999 336 389 388 318 301 329 313 361 379 419 412 402 365 342 288 319 335 311 339 388 420 351 343 343 364 406 461 -9999 -9999 -9999 -9999 -9999 -9999 -9999 540 551 612 695 706 686 568 511 465 445 433 434 428 402 389 378 363 297 245 223 183 186 163 139 143 132 134 131 122 125 135 137 152 217 207 237 301 382 322 248 192 159 377 485 482 277 83 86 114 196
-9999 -9999 -9999 -9999 -9999 -9999 415 359 289 263 264 305 364 386 364 349 332 332 263 272 280 -9999 -9999 -9999 -9999 -9999 -9999 -9999 -9999 -9999 -9999 -9999 -9999 -9999 -9999 -9999 -9999 -9999 -9999 -9999 -9999 739 787 670 530 470 430 399 370 350 334 322 308 304 296 286 356 370 310 233 180 187 192 150 145 126 117 114 115 117 112 184 162 168 179 241 279 163 146 137 275 376 391 168 75 89 132 245
-9999 -9999 -9999 -9999 -9999 -9999 447 428 349 274 276 302 342 398 367 358 298 277 276 329 272 -9999 -9999 -9999 -9999 -9999 -9999 -9999 -9999 -9999 -9999 -9999 -9999 -9999 -9999 -9999 -9999 -9999 -9999 -9999 -9999 817 829 647 546 491 475 457 422 422 419 362 342 299 284 315 370 429 428 350 301 295 241 179 184 139 112 114 140 114 111 138 135 136 144 167 190 122 112 108 154 284 270 105 82 90 138 203
-9999 -9999 -9999 -9999 -9999 -9999 330 390 361 261 224 251 311 379 308 276 257 302 379 389 289 -9999 -9999 -9999 -9999 -9999 -9999 -9999 -9999 -9999 -9999 -9999 -9999 -9999 -9999 -9999 -9999 -9999 -9999 -9999 -9999 788 792 789 657 637 597 550 559 530 473 389 330 307 356 376 434 493 449 378 347 390 273 188 151 123 137 149 146 126 121 115 114 109 108 108 109 93 90 85 93 111 106 77 79 84 109 156
-9999 -9999 -9999 -9999 -9999 -9999 -9999 -9999 -9999 -9999 -9999 -9999 -9999 -9999 -9999 -9999 -9999 -9999 -9999 -9999 -9999 -9999 -9999 -9999 -9999 -9999 -9999 -9999 -9999 -9999 -9999 -9999 -9999 -9999 -9999 -9999 -9999 -9999 -9999 -9999 -9999 719 761 813 818 767 687 641 630 596 527 438 367 405 414 446 443 428 460 430 444 393 273 197 140 141 164 197 166 176 181 175 177 171 147 137 142 117 86 75 74 80 82 77 77 80 89 110
-9999 -9999 -9999 -9999 -9999 -9999 -9999 -9999 -9999 -9999 -9999 -9999 -9999 -9999 -9999 -9999 -9999 -9999 -9999 -9999 -9999 -9999 -9999 -9999 -9999 -9999 -9999 -9999 -9999 -9999 -9999 -9999 -9999 -9999 -9999 -9999 -9999 -9999 -9999 -9999 -9999 694 738 775 821 722 673 671 612 559 530 521 491 475 544 565 377 363 458 423 423 417 288 186 131 144 170 212 200 221 246 258 263 289 341 233 339 226 113 79 73 69 70 91 80 80 78 82
-9999 -9999 -9999 -9999 -9999 -9999 -9999 -9999 -9999 -9999 -9999 -9999 -9999 -9999 -9999 -9999 -9999 -9999 -9999 -9999 -9999 -9999 -9999 -9999 -9999 -9999 -9999 -9999 -9999 -9999 -9999 -9999 -9999 -9999 -9999 -9999 -9999 -9999 -9999 -9999 -9999 612 707 809 861 827 731 650 620 597 534 496 444 422 363 306 269 343 432 391 313 320 289 168 138 168 192 240 287 334 378 412 410 487 522 478 415 309 180 93 78 70 69 84 68 66 63 63
-9999 -9999 -9999 -9999 -9999 -9999 -9999 -9999 -9999 -9999 -9999 -9999 -9999 -9999 -9999 -9999 -9999 -9999 -9999 -9999 -9999 -9999 -9999 -9999 -9999 -9999 -9999 -9999 -9999 -9999 -9999 -9999 -9999 -9999 -9999 -9999 -9999 -9999 -9999 -9999 -9999 645 762 833 835 818 758 707 668 649 611 549 471 397 363 353 265 232 189 216 221 173 169 133 139 179 185 230 309 427 528 529 490 457 415 384 297 209 131 88 79 72 67 69 73 68 65 62
-9999 -9999 -9999 -9999 -9999 -9999 -9999 -9999 -9999 -9999 -9999 -9999 -9999 -9999 -9999 -9999 -9999 -9999 -9999 -9999 -9999 -9999 -9999 -9999 -9999 -9999 -9999 -9999 -9999 -9999 -9999 -9999 -9999 -9999 -9999 -9999 -9999 -9999 -9999 -9999 -9999 719 784 819 830 827 810 767 718 723 735 711 644 552 484 386 293 314 217 193 180 178 211 135 137 183 212 259 344 439 598 529 422 330 333 288 190 112 93 88 74 70 72 97 83 76 69 67
-9999 -9999 -9999 -9999 -9999 -9999 -9999 -9999 -9999 -9999 -9999 -9999 -9999 -9999 -9999 -9999 -9999 -9999 -9999 -9999 -9999 -9999 -9999 -9999 -9999 -9999 -9999 -9999 -9999 -9999 -9999 -9999 -9999 -9999 -9999 -9999 -9999 -9999 -9999 -9999 -9999 -9999 -9999 812 855 866 852 835 807 813 845 811 729 591 468 378 341 390 364 350 277 305 167 148 150 173 188 246 367 493 610 530 408 292 226 202 186 167 97 78 73 75 119 123 92 76 91 135
-9999 -9999 -9999 -9999 -9999 -9999 -9999 -9999 -9999 -9999 -9999 -9999 -9999 -9999 -9999 -9999 -9999 -9999 -9999 -9999 -9999 -9999 -9999 -9999 -9999 -9999 -9999 -9999 -9999 -9999 -9999 -9999 -9999 -9999 -9999 -9999 -9999 -9999 -9999 -9999 -9999 -9999 -9999 795 813 877 895 868 865 903 882 781 753 658 553 460 423 462 479 449 397 317 241 193 156 184 196 239 322 442 561 521 425 317 237 411 392 314 137 72 75 84 108 97 89 95 155 154
-9999 -9999 -9999 -9999 -9999 -9999 -9999 -9999 -9999 -9999 -9999 -9999 -9999 -9999 -9999 -9999 -9999 -9999 -9999 -9999 -9999 -9999 -9999 -9999 -9999 -9999 -9999 -9999 -9999 -9999 -9999 -9999 -9999 -9999 -9999 -9999 -9999 -9999 -9999 -9999 -9999 -9999 -9999 904 859 847 885 882 862 882 848 719 715 663 649 640 616 583 537 478 413 361 304 417 158 202 247 263 286 404 468 468 380 287 296 419 416 227 126 73 82 133 122 149 133 85 155 115
-9999 -9999 -9999 -9999 -9999 -9999 -9999 -9999 -9999 -9999 -9999 -9999 -9999 -9999 -9999 -9999 -9999 -9999 -9999 -9999 -9999 -9999 -9999 -9999 -9999 -9999 -9999 -9999 -9999 -9999 -9999 -9999 -9999 -9999 -9999 -9999 -9999 -9999 -9999 -9999 -9999 -9999 -9999 929 911 925 929 913 844 815 832 778 707 679 690 697 654 570 478 399 351 304 303 346 186 190 232 221 267 314 358 381 356 262 196 262 286 165 162 99 102 149 167 214 134 100 158 180
-9999 -9999 -9999 -9999 -9999 -9999 -9999 -9999 -9999 -9999 -9999 -9999 -9999 -9999 -9999 -9999 -9999 -9999 -9999 -9999 -9999 -9999 -9999 -9999 -9999 -9999 -9999 -9999 -9999 -9999 -9999 -9999 -9999 -9999 -9999 -9999 -9999 -9999 -9999 -9999 -9999 -9999 -9999 951 907 925 977 952 842 790 766 756 724 745 778 765 685 577 450 403 431 387 387 361 216 194 238 207 203 204 290 273 261 231 176 222 293 240 212 111 123 145 228 245 144 161 221 249
-9999 -9999 -9999 -9999 -9999 -9999 -9999 -9999 -9999 -9999 -9999 -9999 -9999 -9999 -9999 -9999 -9999 -9999 -9999 -9999 -9999 -9999 -9999 -9999 -9999 -9999 -9999 -9999 -9999 -9999 -9999 -9999 -9999 -9999 -9999 -9999 -9999 -9999 -9999 -9999 -9999 -9999 -9999 963 926 924 948 895 838 792 804 792 753 743 786 717 580 479 428 484 542 500 409 347 289 202 245 200 179 205 267 243 218 167 167 229 275 198 167 92 157 215 285 232 188 203 194 221
-9999 -9999 -9999 -9999 -9999 -9999 -9999 -9999 -9999 -9999 -9999 -9999 -9999 -9999 -9999 -9999 -9999 -9999 -9999 -9999 -9999 -9999 -9999 -9999 -9999 -9999 -9999 -9999 -9999 -9999 -9999 -9999 -9999 -9999 -9999 -9999 -9999 -9999 -9999 -9999 -9999 -9999 -9999 907 918 924 934 900 854 856 851 805 795 834 834 755 634 494 524 589 548 448 372 311 308 281 186 152 153 178 225 207 180 143 135 238 285 212 115 101 165 288 328 286 229 240 184 179
-9999 -9999 -9999 -9999 -9999 -9999 -9999 -9999 -9999 -9999 -9999 -9999 -9999 -9999 -9999 -9999 -9999 -9999 -9999 -9999 -9999 -9999 -9999 -9999 -9999 -9999 -9999 -9999 -9999 -9999 -9999 -9999 -9999 -9999 -9999 -9999 -9999 -9999 -9999 -9999 -9999 -9999 -9999 -9999 -9999 -9999 884 889 900 898 874 881 887 826 800 734 633 609 642 583 514 440 367 345 283 229 180 153 129 130 135 135 129 125 159 283 255 260 126 99 157 232 255 230 150 176 199 232
-9999 -9999 -9999 -9999 -9999 -9999 -9999 -9999 -9999 -9999 -9999 -9999 -9999 -9999 -9999 -9999 -9999 -9999 -9999 -9999 -9999 -9999 -9999 -9999 -9999 -9999 -9999 -9999 -9999 -9999 -9999 -9999 -9999 -9999 -9999 -9999 -9999 -9999 -9999 -9999 -9999 -9999 -9999 -9999 -9999 -9999 884 896 922 903 937 914 846 780 709 648 583 623 590 494 450 393 274 242 180 145 133 126 125 133 159 147 178 222 300 261 169 232 137 97 139 221 199 184 126 127 176 178
-9999 -9999 -9999 -9999 -9999 -9999 -9999 -9999 -9999 -9999 -9999 -9999 -9999 -9999 -9999 -9999 -9999 -9999 -9999 -9999 -9999 -9999 -9999 -9999 -9999 -9999 -9999 -9999 -9999 -9999 -9999 -9999 -9999 -9999 -9999 -9999 -9999 -9999 -9999 -9999 -9999 -9999 -9999 -9999 -9999 -9999 917 919 945 953 1004 887 795 758 638 567 558 518 499 469 408 357 249 237 226 167 132 127 136 171 250 216 188 287 265 200 141 183 120 97 121 154 179 122 97 101 151 135
-9999 -9999 -9999 -9999 -9999 -9999 -9999 -9999 -9999 -9999 -9999 -9999 -9999 -9999 -9999 -9999 -9999 -9999 -9999 -9999 -9999 -9999 -9999 -9999 -9999 -9999 -9999 -9999 -9999 -9999 -9999 -9999 -9999 -9999 -9999 -9999 -9999 -9999 -9999 -9999 -9999 -9999 -9999 -9999 -9999 -9999 930 935 991 1032 1018 937 821 711 615 559 514 498 453 420 384 327 299 393 396 219 137 135 142 203 278 305 223 236 242 235 230 237 184 124 116 120 134 105 102 90 102 98
-9999 -9999 -9999 -9999 -9999 -9999 -9999 -9999 -9999 -9999 -9999 -9999 -9999 -9999 -9999 -9999 -9999 -9999 -9999 -9999 -9999 -9999 -9999 -9999 -9999 -9999 -9999 -9999 -9999 -9999 -9999 -9999 -9999 -9999 -9999 -9999 -9999 -9999 -9999 -9999 -9999 -9999 -9999 -9999 -9999 -9999 974 999 1040 1016 923 873 735 597 545 524 489 439 428 394 361 355 346 404 333 221 156 147 179 217 308 297 229 266 326 271 193 129 112 109 136 131 121 165 147 118 106 131
-9999 -9999 -9999 -9999 -9999 -9999 -9999 -9999 -9999 -9999 -9999 -9999 -9999 -9999 -9999 -9999 -9999 -9999 -9999 -9999 -9999 -9999 -9999 -9999 -9999 -9999 -9999 -9999 -9999 -9999 -9999 -9999 -9999 -9999 -9999 -9999 -9999 -9999 -9999 -9999 -9999 -9999 -9999 970 981 1012 1053 1069 1022 926 824 772 652 596 589 541 500 489 470 415 392 367 361 444 352 272 235 170 206 268 338 304 229 260 267 216 164 118 137 148 180 184 178 182 133 119 95 124
-9999 -9999 -9999 -9999 -9999 -9999 -9999 -9999 -9999 -9999 -9999 -9999 -9999 -9999 -9999 -9999 -9999 -9999 -9999 -9999 -9999 -9999 -9999 -9999 -9999 -9999 -9999 -9999 -9999 -9999 -9999 -9999 -9999 -9999 -9999 -9999 -9999 -9999 -9999 -9999 -9999 -9999 -9999 960 1005 1031 1081 1025 925 869 765 680 649 752 738 665 611 591 554 478 420 394 432 469 356 273 269 205 283 363 376 326 297 334 270 232 161 135 191 245 270 264 213 201 130 95 82 92
-9999 -9999 -9999 -9999 -9999 -9999 -9999 -9999 -9999 -9999 -9999 -9999 -9999 -9999 -9999 -9999 -9999 -9999 -9999 -9999 -9999 -9999 -9999 -9999 -9999 -9999 -9999 -9999 -9999 -9999 -9999 -9999 -9999 -9999 -9999 -9999 -9999 -9999 -9999 -9999 -9999 -9999 -9999 924 996 1020 1018 971 902 830 742 679 769 878 857 795 699 646 554 479 467 440 444 469 499 385 281 209 265 358 373 349 340 310 211 197 233 196 253 329 327 274 229 160 131 102 92 140
-9999 -9999 -9999 -9999 -9999 -9999 -9999 -9999 -9999 -9999 -9999 -9999 -9999 -9999 -9999 -9999 -9999 -9999 -9999 -9999 -9999 -9999 -9999 -9999 -9999 -9999 -9999 -9999 -9999 -9999 -9999 -9999 -9999 880 918 959 940 890 889 925 920 931 923 898 891 940 966 943 901 851 763 772 852 853 809 773 662 615 588 577 561 529 515 491 510 392 360 222 218 257 317 376 375 254 178 169 252 274 257 307 311 216 189 156 152 111 92 122
-9999 -9999 -9999 -9999 -9999 -9999 -9999 -9999 -9999 -9999 -9999 -9999 -9999 -9999 -9999 -9999 -9999 -9999 -9999 -9999 -9999 -9999 -9999 -9999 -9999 -9999 -9999 -9999 -9999 -9999 -9999 -9999 -9999 884 939 934 928 945 919 845 847 885 874 830 849 914 871 855 829 835 841 825 774 734 684 697 726 695 651 560 560 547 436 388 398 406 397 305 225 216 240 273 339 234 169 169 255 263 253 303 297 267 236 178 140 109 90 102
-9999 -9999 -9999 -9999 -9999 -9999 -9999 -9999 -9999 -9999 -9999 -9999 -9999 -9999 -9999 -9999 -9999 -9999 -9999 -9999 -9999 -9999 -9999 -9999 -9999 -9999 -9999 -9999 -9999 -9999 -9999 678 768 889 920 901 899 902 894 870 793 799 819 796 863 915 823 783 756 790 850 774 745 683 640 640 662 597 553 533 485 495 423 347 328 346 361 388 271 199 203 227 291 207 168 178 279 269 235 294 237 259 204 140 119 118 92 110
