DEM/DEM38.asc
ncols 800
nrows 800
xllcenter 720150.000000
yllcenter 560150.000000
cellsize 300.000000
nodata_value -9999
[rows 156 to 194 of 800, columns 176 to 263 of 800]
9 9 5 5 5 4 5 6 9 7 11 7 4 4 7 5 3 3 5 17 43 93 123 58 32 30 15 11 11 12 7 9 14 12 9 8 9 7 10 10 11 9 5 3 -9999 -9999 -9999 -9999 -9999 -9999 -9999 -9999 -9999 -9999 -9999 -9999 -9999 -9999 -9999 -9999 -9999 -9999 -9999 -9999 -9999 -9999 -9999 -9999 -9999 -9999 -9999 -9999 -9999 -9999 -9999 -9999 -9999 -9999 -9999 -9999 -9999 -9999 -9999 -9999 -9999 -9999 -9999 -9999
4 5 5 6 4 5 5 6 7 7 11 6 3 3 5 6 4 3 3 7 41 90 150 106 46 34 39 13 10 11 9 7 12 13 11 10 9 8 10 8 8 10 6 5 -9999 -9999 -9999 -9999 -9999 -9999 -9999 -9999 -9999 -9999 -9999 -9999 -9999 -9999 -9999 -9999 -9999 -9999 -9999 -9999 -9999 -9999 -9999 -9999 -9999 -9999 -9999 -9999 -9999 -9999 -9999 -9999 -9999 -9999 -9999 -9999 -9999 -9999 -9999 -9999 -9999 -9999 -9999 -9999
4 3 5 7 5 5 5 9 12 9 6 4 3 3 3 4 3 3 4 6 15 40 82 106 31 15 14 14 11 11 9 10 11 12 8 9 9 8 10 8 7 10 8 4 -9999 -9999 -9999 -9999 -9999 -9999 -9999 -9999 -9999 -9999 -9999 -9999 -9999 -9999 -9999 -9999 -9999 -9999 -9999 -9999 -9999 -9999 -9999 -9999 -9999 -9999 -9999 -9999 -9999 -9999 -9999 -9999 -9999 -9999 -9999 -9999 -9999 -9999 -9999 -9999 -9999 -9999 -9999 -9999
4 4 4 6 5 6 6 7 10 10 8 3 3 3 5 6 4 3 5 10 13 21 38 52 22 9 12 10 9 9 10 10 12 12 10 10 9 6 7 7 6 8 11 6 -9999 -9999 -9999 -9999 -9999 -9999 -9999 -9999 -9999 -9999 -9999 -9999 -9999 -9999 -9999 -9999 -9999 -9999 -9999 -9999 -9999 -9999 -9999 -9999 -9999 -9999 -9999 -9999 -9999 -9999 -9999 -9999 -9999 -9999 -9999 -9999 -9999 -9999 -9999 -9999 -9999 -9999 -9999 -9999
6 6 6 5 4 5 7 7 9 10 6 3 3 3 5 4 3 4 7 13 19 19 27 22 10 7 10 10 8 9 9 11 12 13 11 11 9 10 8 9 6 5 9 10 5 4 -9999 -9999 -9999 -9999 -9999 -9999 -9999 -9999 -9999 -9999 -9999 -9999 -9999 -9999 -9999 -9999 -9999 -9999 -9999 -9999 -9999 -9999 -9999 -9999 -9999 -9999 -9999 -9999 -9999 -9999 -9999 -9999 -9999 -9999 -9999 -9999 -9999 -9999 -9999 -9999 -9999 -9999
5 5 5 6 7 8 9 10 9 5 2 4 4 4 3 3 4 9 16 21 25 21 20 10 8 7 8 11 10 10 9 10 11 12 12 13 10 9 9 8 8 6 8 13 8 5 -9999 -9999 -9999 -9999 -9999 -9999 -9999 -9999 -9999 -9999 -9999 -9999 -9999 -9999 -9999 -9999 -9999 -9999 -9999 -9999 -9999 -9999 -9999 -9999 -9999 -9999 -9999 -9999 -9999 -9999 -9999 -9999 -9999 -9999 -9999 -9999 -9999 -9999 -9999 -9999 -9999 -9999
7 9 12 10 8 7 10 11 9 4 3 4 3 3 3 4 15 25 29 35 33 43 32 15 12 10 7 10 11 11 9 12 10 11 11 10 11 9 10 9 10 7 7 12 13 5 -9999 -9999 -9999 -9999 -9999 -9999 -9999 -9999 -9999 -9999 -9999 -9999 -9999 -9999 -9999 -9999 -9999 -9999 -9999 -9999 -9999 -9999 -9999 -9999 -9999 -9999 -9999 -9999 -9999 -9999 -9999 -9999 -9999 -9999 -9999 -9999 -9999 -9999 -9999 -9999 -9999 -9999
7 6 5 5 6 6 9 7 4 4 4 3 3 3 3 5 49 97 95 96 71 96 75 26 21 13 11 9 11 10 9 11 11 10 10 11 11 11 8 9 8 9 7 8 13 10 6 4 4 -9999 -9999 -9999 -9999 -9999 -9999 -9999 -9999 -9999 -9999 -9999 -9999 -9999 -9999 -9999 -9999 -9999 -9999 -9999 -9999 -9999 -9999 -9999 -9999 -9999 -9999 -9999 -9999 -9999 -9999 -9999 -9999 -9999 -9999 -9999 -9999 -9999 -9999 -9999
6 9 10 11 10 8 7 5 3 3 3 4 4 3 3 5 31 90 153 173 158 170 99 36 27 20 17 14 9 9 8 10 10 10 11 11 12 13 9 10 8 9 7 5 10 13 5 4 4 -9999 -9999 -9999 -9999 -9999 -9999 -9999 -9999 -9999 -9999 -9999 -9999 -9999 -9999 -9999 -9999 -9999 -9999 -9999 -9999 -9999 -9999 -9999 -9999 -9999 -9999 -9999 -9999 -9999 -9999 -9999 -9999 -9999 -9999 -9999 -9999 -9999 -9999 -9999
10 12 7 8 5 6 3 3 4 4 4 3 3 4 4 4 11 31 74 169 228 251 189 82 48 28 20 13 8 9 8 8 9 11 12 11 11 12 11 10 5 7 7 6 9 11 8 5 4 5 4 -9999 -9999 -9999 -9999 -9999 -9999 -9999 -9999 -9999 -9999 -9999 -9999 -9999 -9999 -9999 -9999 -9999 -9999 -9999 -9999 -9999 -9999 -9999 -9999 -9999 -9999 -9999 -9999 -9999 -9999 -9999 -9999 -9999 -9999 -9999 -9999 -9999
10 9 5 4 3 3 3 4 5 4 4 4 4 4 4 5 8 19 35 91 216 273 246 174 110 65 36 21 8 8 9 8 9 9 10 11 12 13 11 11 8 7 9 6 9 11 10 7 4 4 4 -9999 -9999 -9999 -9999 -9999 -9999 -9999 -9999 -9999 -9999 -9999 -9999 -9999 -9999 -9999 -9999 -9999 -9999 -9999 -9999 -9999 -9999 -9999 -9999 -9999 -9999 -9999 -9999 -9999 -9999 -9999 -9999 -9999 -9999 -9999 -9999 -9999
12 8 5 4 3 4 4 5 5 4 4 4 5 5 5 9 11 14 27 54 170 256 265 239 174 122 82 36 14 8 8 8 8 10 9 12 10 13 12 10 11 5 10 8 7 9 13 10 4 4 3 -9999 -9999 -9999 -9999 -9999 -9999 -9999 -9999 -9999 -9999 -9999 -9999 -9999 -9999 -9999 -9999 -9999 -9999 -9999 -9999 -9999 -9999 -9999 -9999 -9999 -9999 -9999 -9999 -9999 -9999 -9999 -9999 -9999 -9999 -9999 -9999 -9999
8 7 7 4 4 4 4 4 4 5 6 10 15 9 11 13 10 14 17 40 131 176 212 221 168 149 141 84 24 12 7 8 8 9 9 11 11 11 13 12 12 7 8 8 7 6 11 12 7 4 3 4 4 4 -9999 -9999 -9999 -9999 -9999 -9999 -9999 -9999 -9999 -9999 -9999 -9999 -9999 -9999 -9999 -9999 -9999 -9999 -9999 -9999 -9999 -9999 -9999 -9999 -9999 -9999 -9999 -9999 -9999 -9999 -9999 -9999 -9999 -9999
6 3 4 4 4 3 4 4 5 8 11 17 19 19 18 17 18 16 12 26 52 91 102 125 92 98 139 107 39 13 7 8 8 7 9 9 13 11 12 14 11 11 7 11 9 6 5 12 10 5 4 4 3 4 -9999 -9999 -9999 -9999 -9999 -9999 -9999 -9999 -9999 -9999 -9999 -9999 -9999 -9999 -9999 -9999 -9999 -9999 -9999 -9999 -9999 -9999 -9999 -9999 -9999 -9999 -9999 -9999 -9999 -9999 -9999 -9999 -9999 -9999
5 3 4 4 4 4 6 7 8 15 18 22 25 34 29 22 22 19 16 20 28 41 40 45 41 55 117 91 47 19 7 7 8 8 10 9 11 11 11 13 12 12 8 12 10 5 3 8 13 7 6 3 4 5 4 3 -9999 -9999 -9999 -9999 -9999 -9999 -9999 -9999 -9999 -9999 -9999 -9999 -9999 -9999 -9999 -9999 -9999 -9999 -9999 -9999 -9999 -9999 -9999 -9999 -9999 -9999 -9999 -9999 -9999 -9999 -9999 -9999
5 6 6 5 7 5 7 15 19 26 29 57 56 78 99 65 50 43 24 17 17 29 32 27 30 34 60 67 43 27 17 9 8 8 7 8 8 10 11 13 14 12 9 8 11 6 4 4 11 11 6 5 3 4 4 4 -9999 -9999 -9999 -9999 -9999 -9999 -9999 -9999 -9999 -9999 -9999 -9999 -9999 -9999 -9999 -9999 -9999 -9999 -9999 -9999 -9999 -9999 -9999 -9999 -9999 -9999 -9999 -9999 -9999 -9999 -9999 -9999
5 6 6 5 7 7 9 9 21 61 88 89 112 93 188 178 152 111 53 26 19 20 24 24 20 21 25 35 27 24 18 9 9 7 7 8 9 10 11 11 13 13 11 6 11 8 7 6 8 13 8 5 3 4 4 3 -9999 -9999 -9999 -9999 -9999 -9999 -9999 -9999 -9999 -9999 -9999 -9999 -9999 -9999 -9999 -9999 -9999 -9999 -9999 -9999 -9999 -9999 -9999 -9999 -9999 -9999 -9999 -9999 -9999 -9999 -9999 -9999
4 6 6 8 10 8 10 13 24 56 137 183 178 132 243 266 220 160 106 48 26 21 15 20 17 12 12 16 20 17 30 19 10 8 8 8 9 10 11 11 15 11 12 12 7 10 6 7 7 12 12 7 6 3 4 4 -9999 -9999 -9999 -9999 -9999 -9999 -9999 -9999 -9999 -9999 -9999 -9999 -9999 -9999 -9999 -9999 -9999 -9999 -9999 -9999 -9999 -9999 -9999 -9999 -9999 -9999 -9999 -9999 -9999 -9999 -9999 -9999
7 7 8 10 12 11 12 17 22 37 115 192 217 192 262 354 312 241 186 103 40 26 23 21 13 10 10 10 9 8 16 23 14 15 7 8 10 8 9 8 12 13 11 14 7 12 9 7 5 8 12 10 5 3 4 4 -9999 -9999 -9999 -9999 -9999 -9999 -9999 -9999 -9999 -9999 -9999 -9999 -9999 -9999 -9999 -9999 -9999 -9999 -9999 -9999 -9999 -9999 -9999 -9999 -9999 -9999 -9999 -9999 -9999 -9999 -9999 -9999
13 14 15 11 11 12 14 19 22 28 61 85 120 174 284 389 357 308 239 161 60 31 29 22 16 13 8 6 6 5 5 10 12 11 7 7 8 9 10 9 10 12 13 12 11 11 11 7 7 8 10 11 5 6 5 3 5 4 5 -9999 -9999 -9999 -9999 -9999 -9999 -9999 -9999 -9999 -9999 -9999 -9999 -9999 -9999 -9999 -9999 -9999 -9999 -9999 -9999 -9999 -9999 -9999 -9999 -9999 -9999 -9999 -9999 -9999
17 16 14 11 16 16 15 18 22 29 40 66 150 240 369 430 383 324 241 151 77 37 30 19 13 13 9 7 6 5 5 7 11 9 8 7 8 9 11 11 10 15 13 12 11 6 10 8 8 9 8 11 10 5 4 3 5 5 4 -9999 -9999 -9999 -9999 -9999 -9999 -9999 -9999 -9999 -9999 -9999 -9999 -9999 -9999 -9999 -9999 -9999 -9999 -9999 -9999 -9999 -9999 -9999 -9999 -9999 -9999 -9999 -9999 -9999
26 24 19 16 15 15 17 18 23 29 41 78 187 337 426 455 409 311 215 152 92 46 32 24 20 17 11 7 5 4 4 7 9 9 8 8 8 9 11 10 13 15 12 12 12 9 9 10 6 8 10 9 11 6 5 4 3 4 3 -9999 -9999 -9999 -9999 -9999 -9999 -9999 -9999 -9999 -9999 -9999 -9999 -9999 -9999 -9999 -9999 -9999 -9999 -9999 -9999 -9999 -9999 -9999 -9999 -9999 -9999 -9999 -9999 -9999
53 37 27 20 14 14 14 18 18 32 85 131 175 318 419 437 433 342 252 180 146 88 34 27 20 19 11 7 4 4 4 6 9 8 9 8 8 8 8 12 14 14 11 11 12 10 5 8 7 7 6 9 13 10 4 4 5 3 4 -9999 -9999 -9999 -9999 -9999 -9999 -9999 -9999 -9999 -9999 -9999 -9999 -9999 -9999 -9999 -9999 -9999 -9999 -9999 -9999 -9999 -9999 -9999 -9999 -9999 -9999 -9999 -9999 -9999
105 60 32 37 24 21 15 16 20 27 69 134 196 254 320 362 403 384 310 232 190 120 51 34 26 19 14 8 5 4 4 5 10 8 9 8 8 10 8 14 12 14 12 11 13 12 9 9 10 7 6 8 11 12 6 5 6 4 4 -9999 -9999 -9999 -9999 -9999 -9999 -9999 -9999 -9999 -9999 -9999 -9999 -9999 -9999 -9999 -9999 -9999 -9999 -9999 -9999 -9999 -9999 -9999 -9999 -9999 -9999 -9999 -9999 -9999
80 91 47 75 75 38 31 23 23 25 44 85 157 155 234 301 283 371 360 306 248 168 84 40 28 24 19 11 6 5 4 5 13 9 9 9 9 8 8 13 16 14 13 11 13 11 10 6 10 8 8 6 5 11 9 5 4 4 4 3 4 -9999 -9999 -9999 -9999 -9999 -9999 -9999 -9999 -9999 -9999 -9999 -9999 -9999 -9999 -9999 -9999 -9999 -9999 -9999 -9999 -9999 -9999 -9999 -9999 -9999 -9999 -9999
47 95 89 68 125 139 120 84 42 27 36 82 93 103 166 225 172 244 276 311 295 220 139 75 37 27 23 14 8 6 4 4 9 10 8 8 8 8 9 12 13 14 12 11 13 11 10 7 9 10 9 7 6 9 10 6 5 5 4 3 4 -9999 -9999 -9999 -9999 -9999 -9999 -9999 -9999 -9999 -9999 -9999 -9999 -9999 -9999 -9999 -9999 -9999 -9999 -9999 -9999 -9999 -9999 -9999 -9999 -9999 -9999 -9999
38 68 111 94 135 228 238 183 100 39 26 30 41 73 76 102 101 118 167 255 227 200 195 130 58 35 27 11 5 4 4 3 5 11 7 7 8 8 8 10 12 13 11 12 14 11 11 9 8 10 8 6 4 4 12 8 5 4 3 5 3 -9999 -9999 -9999 -9999 -9999 -9999 -9999 -9999 -9999 -9999 -9999 -9999 -9999 -9999 -9999 -9999 -9999 -9999 -9999 -9999 -9999 -9999 -9999 -9999 -9999 -9999 -9999
31 63 90 118 165 239 279 241 140 53 30 29 27 50 64 49 48 59 93 129 101 119 139 136 116 72 36 16 6 4 3 3 4 8 9 8 10 8 8 9 13 12 11 10 10 13 13 12 7 10 11 9 6 4 10 12 5 4 4 5 4 -9999 -9999 -9999 -9999 -9999 -9999 -9999 -9999 -9999 -9999 -9999 -9999 -9999 -9999 -9999 -9999 -9999 -9999 -9999 -9999 -9999 -9999 -9999 -9999 -9999 -9999 -9999
31 33 44 76 133 227 287 266 188 102 40 35 27 27 37 40 39 38 42 43 43 47 45 89 111 80 39 22 20 16 7 3 3 6 11 8 8 8 7 9 8 10 11 14 13 8 13 12 11 7 11 10 10 5 6 13 9 5 4 5 3 -9999 -9999 -9999 -9999 -9999 -9999 -9999 -9999 -9999 -9999 -9999 -9999 -9999 -9999 -9999 -9999 -9999 -9999 -9999 -9999 -9999 -9999 -9999 -9999 -9999 -9999 -9999
43 51 45 46 88 170 248 292 235 131 53 32 32 28 34 33 36 33 33 31 34 33 35 63 75 42 33 22 33 49 30 8 3 4 9 12 9 8 7 7 8 9 13 14 13 11 14 12 11 10 9 11 9 9 7 10 11 7 5 3 6 6 3 3 -9999 -9999 -9999 -9999 -9999 -9999 -9999 -9999 -9999 -9999 -9999 -9999 -9999 -9999 -9999 -9999 -9999 -9999 -9999 -9999 -9999 -9999 -9999 -9999
67 108 106 63 63 98 154 227 201 116 67 43 54 43 30 25 30 29 29 26 24 26 26 30 31 26 23 15 30 63 53 27 9 3 6 13 13 8 8 7 9 9 12 15 15 14 10 14 12 9 8 11 13 9 12 9 9 11 8 6 6 3 5 4 -9999 -9999 -9999 -9999 -9999 -9999 -9999 -9999 -9999 -9999 -9999 -9999 -9999 -9999 -9999 -9999 -9999 -9999 -9999 -9999 -9999 -9999 -9999 -9999
110 130 190 130 93 164 203 232 157 149 132 61 88 94 41 30 26 21 25 22 19 22 19 17 16 19 17 9 11 21 15 16 8 3 4 14 14 11 9 8 10 11 11 12 13 14 10 11 12 12 5 9 14 11 10 9 9 11 9 6 4 5 3 4 -9999 -9999 -9999 -9999 -9999 -9999 -9999 -9999 -9999 -9999 -9999 -9999 -9999 -9999 -9999 -9999 -9999 -9999 -9999 -9999 -9999 -9999 -9999 -9999
215 202 230 218 150 224 283 256 222 223 134 66 99 144 73 38 32 28 24 24 23 21 21 20 16 11 12 10 7 8 6 4 4 3 3 12 14 13 13 8 10 11 11 12 14 14 16 9 12 13 10 11 14 6 8 9 10 8 8 7 6 5 1 5 -9999 -9999 -9999 -9999 -9999 -9999 -9999 -9999 -9999 -9999 -9999 -9999 -9999 -9999 -9999 -9999 -9999 -9999 -9999 -9999 -9999 -9999 -9999 -9999
340 351 329 334 308 313 351 371 331 244 169 115 151 213 142 52 38 32 29 28 23 18 15 19 16 15 12 10 10 9 9 8 5 3 4 9 15 13 15 9 10 11 9 12 13 12 14 11 10 12 13 10 9 8 9 11 10 6 7 6 4 6 5 7 -9999 -9999 -9999 -9999 -9999 -9999 -9999 -9999 -9999 -9999 -9999 -9999 -9999 -9999 -9999 -9999 -9999 -9999 -9999 -9999 -9999 -9999 -9999 -9999
394 429 396 383 357 311 298 344 358 309 246 200 217 279 212 96 42 63 66 38 30 24 16 12 12 10 9 8 7 7 6 4 4 4 6 6 12 13 14 8 9 9 9 12 13 12 11 10 13 10 10 10 8 9 9 11 9 8 9 1 6 3 4 7 7 5 -9999 -9999 -9999 -9999 -9999 -9999 -9999 -9999 -9999 -9999 -9999 -9999 -9999 -9999 -9999 -9999 -9999 -9999 -9999 -9999 -9999 -9999
360 387 359 353 359 323 267 275 301 290 241 181 169 275 243 128 61 101 130 72 46 30 23 14 11 9 9 8 6 5 5 4 4 4 4 7 9 14 14 9 8 8 8 10 11 13 10 12 6 3 5 6 8 7 3 8 7 6 4 7 7 8 4 8 5 5 -9999 -9999 -9999 -9999 -9999 -9999 -9999 -9999 -9999 -9999 -9999 -9999 -9999 -9999 -9999 -9999 -9999 -9999 -9999 -9999 -9999 -9999
252 285 317 299 304 292 259 206 244 234 196 149 146 274 266 211 202 185 154 110 74 38 26 22 18 16 13 7 6 5 5 4 4 7 5 5 6 15 12 11 8 8 8 11 12 13 5 9 9 5 6 12 9 10 9 10 9 9 9 6 6 7 7 7 8 5 -9999 -9999 -9999 -9999 -9999 -9999 -9999 -9999 -9999 -9999 -9999 -9999 -9999 -9999 -9999 -9999 -9999 -9999 -9999 -9999 -9999 -9999
226 302 288 230 216 207 182 147 196 174 118 109 112 226 296 313 321 267 207 175 146 68 31 24 22 20 16 10 6 4 5 4 7 9 4 7 6 10 13 12 8 8 9 12 13 15 12 11 15 6 8 9 6 18 10 9 8 9 12 7 6 7 7 9 11 8 -9999 -9999 -9999 -9999 -9999 -9999 -9999 -9999 -9999 -9999 -9999 -9999 -9999 -9999 -9999 -9999 -9999 -9999 -9999 -9999 -9999 -9999
240 275 244 155 140 130 124 127 164 168 94 70 80 141 251 319 348 345 289 231 188 99 36 27 21 17 16 10 5 4 5 5 9 5 4 9 8 6 12 11 9 9 9 11 12 12 8 10 14 11 9 7 7 26 42 12 7 4 9 10 6 6 8 6 7 5 -9999 -9999 -9999 -9999 -9999 -9999 -9999 -9999 -9999 -9999 -9999 -9999 -9999 -9999 -9999 -9999 -9999 -9999 -9999 -9999 -9999 -9999
