DEM/DEM6.asc
ncols 800
nrows 800
xllcenter 240150.000000
yllcenter 2000150.000000
cellsize 300.000000
nodata_value -9999
[rows 432 to 467 of 800, columns 567 to 647 of 800]
1102 1099 1055 968 955 980 992 1040 1035 1091 1096 1106 1130 1090 1137 1163 1122 1067 1117 1117 1166 1267 1268 1261 1268 1253 1251 1258 1261 1302 1341 1333 1223 1162 1118 1125 1126 1099 1121 1147 1166 1103 1074 1062 1095 1053 1032 1040 1046 1041 1026 1010 1016 1020 1012 977 989 998 1023 1002 979 972 974 991 1009 1013 996 1006 995 1012 1040 1046 1039 1070 1065 1068 1105 1147 1173 1189 1186
1200 1175 1106 1054 997 1009 973 1017 986 1006 1062 1055 1115 1084 1080 1108 1068 1067 1134 1187 1251 1235 1274 1244 1220 1215 1233 1260 1270 1252 1271 1329 1228 1153 1120 1121 1105 1095 1119 1170 1124 1075 1052 1048 1087 1077 1031 1022 1037 1028 1021 1000 1014 1030 1012 976 963 986 1005 990 977 1010 1009 982 992 995 983 989 1000 1020 1039 1067 1045 1085 1109 1110 1150 1193 1177 1220 1189
1235 1134 1072 1032 1051 1070 1052 1098 1034 988 1036 1057 1082 1051 1042 1051 1062 1098 1110 1217 1219 1224 1236 1210 1208 1248 1256 1229 1253 1220 1268 1333 1256 1167 1135 1164 1129 1092 1077 1089 1101 1069 1040 1026 1056 1046 1048 1009 1042 1035 1041 1023 987 1001 999 972 960 990 992 975 982 1006 1020 1016 984 981 1003 1015 1016 1035 1043 1060 1090 1075 1116 1159 1198 1188 1191 1232 1216
1128 1173 1106 1056 1105 1088 1122 1150 1069 1005 1005 1058 1088 1041 1027 1069 1075 1129 1137 1171 1217 1202 1186 1209 1236 1277 1242 1225 1209 1203 1260 1313 1294 1185 1183 1176 1124 1095 1063 1041 1051 1096 1050 1009 1006 1040 1038 1001 1002 1023 1012 1011 977 975 990 967 961 974 969 977 990 1004 1012 1018 1002 1001 1007 1028 1047 1072 1082 1086 1118 1107 1128 1179 1213 1183 1206 1226 1209
1048 1150 1152 1101 1095 1131 1148 1096 1036 1060 1038 1004 1014 1023 1058 1120 1132 1140 1111 1174 1228 1159 1155 1189 1238 1243 1232 1231 1211 1178 1211 1290 1300 1258 1252 1166 1128 1167 1140 1072 1015 1061 1033 1001 991 998 1018 989 987 1015 1010 996 972 959 970 963 959 980 991 1006 1015 1012 1033 1032 1029 1029 1018 1046 1080 1110 1122 1128 1143 1145 1179 1210 1216 1203 1210 1224 1202
1058 1076 1160 1179 1143 1189 1168 1085 1047 1093 1073 1061 1017 1039 1089 1082 1111 1128 1102 1170 1160 1134 1123 1188 1211 1196 1225 1251 1235 1195 1197 1258 1260 1330 1295 1201 1201 1237 1155 1075 1028 1009 1002 1006 1031 1001 993 998 984 993 995 983 966 960 956 964 998 1009 1018 1040 1027 1036 1046 1047 1044 1048 1035 1057 1077 1109 1143 1161 1145 1151 1158 1200 1233 1212 1225 1231 1223
1122 1059 1090 1173 1223 1238 1145 1074 1089 1113 1113 1072 1040 1049 1049 1055 1078 1072 1076 1127 1174 1141 1161 1230 1206 1182 1226 1250 1266 1242 1192 1199 1236 1298 1315 1313 1327 1252 1149 1087 1062 1046 1037 1026 1017 1008 982 977 968 976 987 977 960 953 964 995 1012 1036 1036 1036 1035 1045 1036 1031 1043 1039 1043 1054 1075 1119 1120 1153 1126 1116 1143 1196 1229 1235 1230 1228 1211
1134 1113 1140 1156 1240 1280 1195 1098 1125 1111 1071 1060 1117 1077 1034 1052 1048 1055 1084 1155 1169 1194 1225 1231 1206 1207 1200 1225 1248 1236 1236 1162 1206 1225 1289 1365 1402 1307 1208 1147 1119 1068 1041 1026 1012 999 996 997 974 960 972 977 961 950 967 989 1010 1011 1027 1029 1032 1032 1017 1025 1031 1049 1061 1064 1093 1102 1131 1137 1130 1110 1164 1192 1218 1230 1223 1226 1227
1169 1178 1210 1229 1255 1297 1245 1157 1163 1142 1085 1077 1133 1064 1038 1103 1119 1084 1116 1162 1149 1189 1204 1220 1200 1216 1185 1173 1169 1199 1236 1215 1157 1168 1220 1295 1360 1254 1170 1113 1091 1071 1048 1028 1010 996 984 994 991 973 956 968 964 949 970 1001 993 999 1030 1037 1018 1014 1039 1043 1033 1050 1044 1059 1092 1100 1102 1121 1129 1103 1139 1166 1204 1191 1203 1229 1258
1267 1273 1299 1287 1275 1266 1248 1168 1123 1095 1067 1105 1170 1114 1069 1079 1143 1148 1117 1148 1203 1217 1188 1218 1205 1243 1186 1143 1146 1183 1226 1219 1136 1156 1261 1290 1242 1251 1185 1142 1106 1063 1047 1028 1011 998 979 991 991 989 975 963 954 955 971 978 992 1019 1045 1040 1016 1028 1037 1033 1040 1040 1053 1071 1086 1082 1093 1095 1091 1096 1117 1142 1170 1148 1174 1213 1224
1275 1377 1322 1269 1273 1262 1257 1215 1152 1115 1086 1158 1167 1089 1060 1104 1171 1144 1149 1139 1168 1239 1200 1174 1196 1200 1160 1141 1130 1130 1186 1200 1157 1153 1211 1196 1147 1179 1187 1135 1097 1051 1032 1023 1007 989 976 982 990 992 994 987 946 962 986 1001 1007 1026 1040 1037 1025 1017 1034 1018 1023 1030 1057 1064 1064 1080 1081 1072 1065 1075 1089 1119 1120 1171 1182 1132 1167
1337 1380 1318 1288 1265 1242 1253 1206 1135 1107 1093 1155 1144 1081 1077 1142 1210 1151 1173 1157 1169 1205 1224 1173 1148 1160 1190 1172 1149 1116 1119 1150 1178 1132 1143 1146 1111 1153 1173 1092 1053 1041 1018 1020 1010 987 975 966 990 992 993 978 950 967 1004 1016 1019 1037 1040 1027 1018 1012 1012 1029 1046 1051 1060 1051 1044 1066 1064 1044 1048 1055 1074 1095 1091 1132 1147 1100 1134
1281 1335 1328 1286 1263 1253 1247 1219 1165 1138 1113 1164 1162 1117 1134 1129 1186 1190 1183 1247 1232 1197 1156 1140 1118 1168 1218 1197 1178 1169 1127 1115 1125 1101 1086 1108 1106 1099 1120 1074 1037 1020 997 1000 1000 989 983 977 980 993 985 965 956 989 1001 1010 1039 1044 1043 1035 1039 1003 1029 1041 1044 1056 1051 1047 1040 1064 1057 1030 1042 1070 1091 1100 1068 1080 1086 1083 1105
1233 1290 1364 1306 1268 1251 1246 1261 1231 1156 1179 1214 1168 1177 1179 1149 1235 1270 1240 1296 1271 1242 1153 1143 1124 1139 1166 1171 1172 1206 1177 1142 1181 1104 1048 1067 1131 1086 1073 1066 1034 1015 1000 981 978 980 988 990 980 970 974 955 986 1001 986 1005 1040 1041 1032 1038 1050 1009 1021 1044 1037 1066 1041 1033 1035 1059 1064 1032 1053 1071 1073 1072 1064 1046 1070 1079 1069
1227 1284 1374 1356 1311 1275 1247 1253 1255 1231 1248 1281 1268 1280 1258 1214 1292 1330 1276 1261 1214 1251 1197 1232 1191 1130 1113 1126 1133 1149 1179 1170 1197 1145 1048 1045 1100 1092 1083 1064 1031 1041 1026 1007 994 985 974 973 986 978 968 954 969 970 994 1014 1040 1044 1019 1034 1044 1007 1021 1039 1034 1042 1037 1035 1054 1061 1059 1033 1040 1057 1064 1069 1077 1055 1075 1059 1053
1224 1285 1369 1364 1285 1273 1297 1237 1234 1274 1223 1272 1250 1244 1258 1293 1272 1248 1207 1239 1209 1197 1242 1264 1221 1145 1118 1101 1137 1142 1189 1212 1197 1215 1141 1090 1051 1074 1085 1083 1065 1056 1037 1026 1012 1000 998 986 961 965 963 953 976 988 985 1002 1026 1050 1016 1015 1013 1000 1009 1025 1031 1027 1021 1027 1033 1035 1028 1042 1054 1057 1073 1066 1041 1053 1055 1059 1080
1253 1315 1397 1376 1294 1265 1263 1258 1200 1215 1213 1233 1241 1230 1261 1313 1270 1233 1185 1215 1241 1181 1201 1248 1220 1174 1168 1104 1153 1218 1211 1175 1149 1221 1257 1169 1099 1029 1047 1081 1049 1032 1023 1019 1016 1010 987 981 980 981 953 959 993 1015 1025 1023 1029 1028 1031 1015 1014 1032 1009 1005 1014 1029 1047 1050 1048 1042 1055 1061 1057 1061 1052 1043 1044 1064 1091 1091 1123
1221 1303 1337 1337 1352 1313 1279 1221 1206 1224 1291 1281 1280 1283 1266 1306 1254 1200 1180 1197 1235 1183 1204 1249 1232 1162 1114 1091 1135 1170 1134 1161 1101 1212 1276 1185 1113 1058 1013 1055 1073 1058 1019 999 1002 993 974 969 966 958 942 974 1007 1026 1011 1039 1042 1022 1020 1026 1016 1034 1033 1030 1037 1056 1052 1070 1065 1060 1053 1045 1048 1035 1033 1054 1062 1077 1092 1111 1128
1256 1282 1286 1257 1297 1337 1262 1217 1251 1266 1314 1324 1311 1336 1302 1307 1263 1230 1246 1192 1170 1155 1152 1162 1179 1156 1130 1105 1068 1105 1062 1077 1061 1142 1212 1158 1085 1048 1025 1012 1042 1056 1051 1024 1009 1009 995 993 978 941 964 989 983 989 1005 1021 1039 1038 1016 1004 1015 1037 1042 1044 1058 1075 1066 1066 1055 1056 1057 1037 1036 1053 1069 1079 1075 1071 1068 1091 1114
1218 1212 1261 1215 1284 1281 1256 1217 1244 1243 1263 1300 1357 1392 1323 1313 1334 1315 1274 1227 1206 1154 1090 1082 1083 1108 1065 1066 1070 1059 1077 1085 1051 1044 1060 1073 1053 1067 1072 1026 997 1018 1040 1028 1022 1013 1016 988 967 938 954 965 989 1014 1030 1049 1064 1039 1017 1006 1035 1052 1021 1048 1073 1070 1079 1055 1040 1046 1034 1039 1061 1067 1069 1067 1045 1077 1087 1112 1115
1142 1178 1232 1210 1255 1228 1203 1216 1283 1279 1285 1313 1380 1361 1344 1298 1270 1264 1229 1218 1154 1123 1159 1173 1112 1147 1115 1114 1155 1144 1156 1158 1148 1120 1104 1013 999 1021 1079 1050 1013 1004 1013 1035 1021 1002 982 981 980 936 960 990 1009 1031 1040 1041 1050 1035 1003 998 1027 1015 1032 1057 1053 1066 1048 1031 1030 1024 1025 1059 1048 1050 1062 1046 1065 1103 1124 1156 1167
1171 1164 1168 1183 1192 1235 1225 1286 1245 1282 1319 1344 1378 1447 1420 1318 1279 1295 1220 1185 1156 1165 1243 1244 1207 1241 1207 1162 1137 1121 1124 1168 1182 1176 1113 1083 1025 1005 1068 1069 1071 1041 997 1042 1041 1030 1014 982 967 936 957 984 1022 1037 1026 1026 1013 1013 1003 1009 1010 1010 1006 1019 1048 1027 1021 1019 1018 1023 1022 1026 1037 1047 1045 1060 1062 1091 1136 1180 1207
1252 1234 1199 1241 1248 1312 1233 1265 1285 1300 1307 1307 1352 1479 1447 1373 1341 1255 1237 1300 1248 1222 1251 1304 1301 1268 1185 1176 1192 1152 1113 1088 1089 1109 1112 1062 1027 989 1050 1033 1080 1054 991 999 1010 1007 1022 1013 990 948 963 988 1017 1013 1026 999 993 984 1005 1015 1032 1039 1032 1023 1008 1021 1019 1045 1046 1056 1066 1063 1081 1089 1084 1101 1100 1085 1132 1172 1191
1292 1240 1187 1279 1341 1301 1248 1273 1271 1293 1355 1369 1368 1485 1445 1366 1316 1237 1297 1370 1285 1308 1309 1321 1274 1244 1231 1197 1210 1244 1228 1180 1120 1059 1086 1097 1089 1002 996 1029 1034 1005 978 964 968 975 998 1018 992 950 944 976 1000 1015 1011 988 1004 1026 1036 1022 1042 1051 1067 1062 1043 1051 1036 1032 1050 1034 1037 1049 1059 1091 1118 1133 1137 1103 1111 1165 1188
1305 1259 1238 1226 1335 1353 1270 1318 1326 1337 1365 1412 1428 1494 1449 1402 1322 1243 1322 1393 1383 1341 1255 1250 1248 1284 1207 1140 1188 1185 1191 1249 1176 1086 1035 1032 1080 1045 981 1024 1076 1047 1006 971 954 954 978 1009 985 950 943 973 1002 1001 987 987 992 1013 1041 1040 1042 1067 1093 1094 1094 1085 1080 1057 1078 1094 1048 1077 1070 1080 1094 1125 1169 1136 1134 1130 1142
1280 1328 1269 1237 1295 1365 1288 1335 1335 1357 1440 1451 1518 1532 1461 1388 1295 1250 1303 1384 1393 1300 1246 1200 1184 1229 1225 1142 1136 1167 1135 1217 1233 1151 1064 1026 1034 1079 1030 1029 1114 1088 1009 993 976 963 956 978 983 940 946 980 983 981 1016 1026 1036 998 1001 1013 1020 1059 1093 1108 1124 1106 1121 1099 1108 1114 1081 1098 1119 1104 1127 1129 1174 1169 1191 1221 1198
1278 1356 1309 1263 1286 1359 1346 1317 1377 1394 1467 1530 1577 1554 1474 1381 1269 1258 1299 1355 1409 1362 1324 1299 1219 1151 1193 1122 1098 1098 1119 1127 1179 1159 1085 1077 1028 1011 1006 1022 1064 1076 1011 983 967 965 966 975 969 946 952 982 987 993 1018 1053 1054 1027 1022 1061 1029 1018 1031 1082 1125 1110 1140 1139 1131 1107 1084 1079 1131 1131 1135 1160 1164 1197 1214 1252 1259
1259 1324 1307 1279 1319 1349 1429 1413 1433 1462 1524 1615 1577 1494 1464 1392 1296 1288 1324 1370 1345 1341 1315 1280 1247 1177 1134 1114 1157 1126 1081 1088 1128 1111 1121 1079 1033 1025 982 1012 1014 1032 1021 997 1007 1006 1026 1010 995 971 947 990 1016 1020 1028 1069 1055 1049 1056 1066 1068 1066 1048 1036 1078 1140 1156 1144 1130 1137 1125 1114 1130 1182 1174 1199 1194 1203 1247 1274 1273
1314 1373 1328 1290 1343 1372 1478 1516 1493 1558 1642 1649 1549 1448 1426 1401 1310 1293 1324 1331 1293 1245 1232 1221 1178 1139 1181 1193 1246 1222 1140 1086 1051 1029 1061 1094 1086 1096 1045 979 966 1023 1012 1013 1045 1018 1031 1019 1037 1013 939 953 988 1032 1020 1023 1014 1037 1067 1081 1093 1105 1094 1060 1048 1099 1142 1164 1179 1186 1186 1150 1130 1195 1212 1208 1224 1246 1266 1285 1306
1303 1382 1341 1294 1360 1409 1457 1590 1595 1653 1594 1575 1516 1460 1367 1332 1332 1358 1384 1352 1287 1258 1224 1177 1140 1163 1224 1261 1224 1188 1123 1087 1073 1037 1015 1031 1039 1101 1083 1012 946 945 954 986 987 985 1023 1051 1052 1005 993 934 951 973 993 1017 1057 1060 1070 1084 1114 1122 1090 1055 1046 1071 1106 1149 1175 1201 1214 1187 1150 1145 1152 1186 1225 1274 1285 1296 1324
1373 1407 1373 1326 1341 1433 1493 1613 1676 1623 1498 1464 1444 1416 1354 1352 1405 1417 1416 1372 1313 1247 1232 1200 1158 1244 1305 1270 1180 1144 1151 1131 1100 1105 1086 1032 995 1011 1032 1086 1056 971 923 928 953 963 1013 1026 991 1019 1011 947 940 975 1031 1017 1079 1093 1088 1105 1119 1155 1128 1112 1090 1067 1068 1090 1127 1150 1187 1215 1206 1181 1166 1218 1275 1290 1307 1292 1294
1480 1484 1457 1397 1349 1383 1458 1558 1598 1562 1500 1429 1410 1373 1381 1414 1450 1411 1358 1340 1298 1259 1228 1193 1176 1234 1277 1276 1223 1158 1140 1087 1061 1070 1049 1022 984 973 978 1006 1045 1025 977 913 909 949 992 966 934 963 951 944 1000 992 1040 1052 1091 1118 1125 1129 1139 1166 1164 1155 1142 1118 1096 1087 1091 1108 1136 1176 1220 1238 1218 1250 1323 1338 1334 1307 1313
1554 1541 1524 1442 1368 1394 1444 1518 1523 1490 1446 1407 1434 1407 1436 1450 1446 1387 1338 1300 1278 1262 1258 1243 1235 1217 1187 1203 1213 1133 1079 1047 1041 1038 1051 1027 1011 1012 986 969 978 975 994 976 950 908 950 922 928 950 964 980 1066 1025 1054 1093 1080 1105 1149 1153 1168 1168 1191 1195 1193 1182 1160 1134 1128 1104 1130 1177 1228 1290 1269 1276 1324 1361 1340 1336 1321
1589 1587 1496 1438 1491 1537 1533 1548 1526 1497 1471 1488 1513 1504 1510 1529 1472 1416 1371 1344 1340 1315 1307 1326 1302 1243 1175 1149 1137 1103 1065 1127 1141 1152 1124 1082 1052 1026 1030 1004 969 970 939 941 916 898 952 962 919 977 1006 1033 1048 1092 1063 1087 1082 1109 1142 1166 1200 1193 1215 1222 1213 1215 1206 1157 1159 1134 1136 1157 1217 1278 1321 1316 1329 1340 1349 1339 1339
1572 1604 1504 1487 1559 1645 1666 1650 1614 1546 1564 1577 1614 1621 1591 1607 1505 1462 1443 1395 1380 1355 1351 1370 1319 1227 1183 1151 1137 1101 1096 1134 1145 1116 1076 1074 1118 1070 1035 997 1003 1010 929 944 1000 938 892 924 896 907 936 972 982 1057 1068 988 975 1003 1069 1108 1174 1200 1205 1212 1229 1238 1241 1208 1191 1162 1126 1163 1210 1258 1286 1344 1352 1351 1358 1346 1331
1528 1605 1556 1525 1548 1652 1735 1711 1606 1577 1640 1664 1721 1711 1683 1626 1537 1516 1457 1472 1419 1370 1383 1416 1354 1262 1233 1191 1156 1147 1141 1092 1097 1106 1179 1154 1164 1097 1031 1039 1007 990 964 974 1013 948 888 895 926 896 881 927 975 1015 977 930 989 1018 1025 1066 1144 1182 1184 1220 1247 1235 1246 1217 1172 1162 1171 1179 1216 1252 1273 1324 1339 1363 1342 1349 1343
