DEM/DEM6.asc
ncols 800
nrows 800
xllcenter 240150.000000
yllcenter 2000150.000000
cellsize 300.000000
nodata_value -9999
[rows 720 to 755 of 800, columns 405 to 485 of 800]
298 301 343 311 337 443 445 430 497 527 434 378 479 573 598 673 712 758 662 570 488 453 599 694 743 805 726 594 664 675 744 616 596 615 692 780 808 837 883 854 793 747 718 772 788 790 723 646 676 756 807 712 721 710 652 593 561 471 527 497 412 400 399 366 404 434 445 412 360 369 353 314 272 286 291 255 245 244 267 315 303
285 324 379 372 411 510 577 568 540 479 456 382 480 615 668 729 730 719 666 572 464 463 607 620 685 744 639 537 583 579 611 549 667 661 735 728 718 802 858 885 797 777 754 791 815 793 801 767 754 760 747 702 601 595 546 488 498 514 546 556 457 421 453 376 365 396 456 458 401 334 331 331 309 264 268 245 245 246 283 286 280
301 340 387 449 495 583 533 535 472 391 426 361 444 598 660 697 639 599 616 529 436 449 523 515 584 596 487 461 483 514 548 568 671 694 644 649 703 747 800 887 829 790 762 765 778 807 804 749 696 673 652 591 555 547 549 518 517 491 467 526 496 454 444 399 349 363 399 452 414 377 412 426 359 290 248 247 262 269 278 276 298
337 383 341 404 516 592 512 433 442 370 334 386 514 592 556 591 609 512 511 482 425 387 406 417 433 472 515 528 506 485 495 527 586 600 581 622 649 742 825 851 813 797 803 777 812 849 803 765 732 669 626 615 658 655 631 603 574 584 454 435 434 440 462 441 377 358 354 406 404 358 364 345 314 275 257 252 262 264 267 290 306
327 329 289 364 475 579 548 375 363 390 314 421 519 446 411 483 471 388 398 390 420 415 445 448 482 571 666 602 581 555 530 569 551 583 607 615 681 778 817 783 779 819 835 809 800 848 845 792 716 650 644 710 669 632 574 523 487 509 485 471 444 412 403 391 410 425 342 374 379 349 357 369 335 305 290 250 259 254 265 275 283
311 258 304 414 507 507 443 348 278 310 298 385 378 323 326 364 345 328 365 449 455 451 496 542 568 563 619 659 647 572 546 654 628 578 637 664 738 837 776 753 771 862 870 845 826 820 826 777 723 713 743 673 589 547 531 538 562 497 474 512 498 495 506 420 369 414 374 338 365 349 374 405 347 294 279 260 251 249 259 265 284
276 245 322 432 493 401 292 263 295 297 278 304 327 354 339 329 352 408 443 518 515 472 557 627 678 657 597 603 680 638 565 606 685 613 640 691 807 829 783 723 766 847 926 910 831 743 766 806 800 817 796 684 632 629 612 572 531 500 432 434 455 500 492 465 389 372 414 348 323 348 348 382 373 337 312 277 244 246 252 251 270
214 275 349 432 363 289 232 332 441 411 355 362 412 443 448 440 450 509 506 509 567 511 509 581 681 695 622 620 673 702 676 611 691 669 679 702 786 759 771 726 751 849 899 887 790 711 731 740 731 821 850 796 752 704 599 576 578 543 448 460 409 416 418 426 404 372 351 358 346 333 365 322 336 319 308 271 252 247 252 245 262
209 255 300 389 325 219 295 405 496 482 448 426 508 550 561 532 523 552 532 551 564 565 543 571 633 697 633 616 628 639 685 700 748 736 742 785 750 694 733 722 749 776 888 891 787 718 672 670 655 694 789 811 805 729 651 651 607 524 501 449 433 449 390 383 375 390 380 377 352 323 362 335 305 307 286 280 256 262 269 248 256
178 196 224 276 253 204 318 475 497 437 493 559 587 644 701 669 634 594 571 625 609 626 625 702 731 738 708 673 687 691 682 742 768 692 702 763 772 679 652 691 684 747 872 864 763 686 646 609 604 630 679 715 794 752 747 632 561 541 520 461 478 477 431 424 376 364 400 421 399 329 332 342 325 320 283 280 285 306 310 270 244
223 201 191 189 217 214 263 361 354 367 479 560 501 561 654 700 684 653 633 659 681 692 736 833 855 840 788 755 686 654 603 641 707 666 685 705 776 718 627 654 643 766 845 862 786 780 717 633 563 580 593 660 723 805 790 738 638 584 563 530 536 543 496 432 376 356 362 376 399 371 311 363 346 334 290 282 328 309 311 288 258
272 304 198 228 248 304 231 233 251 345 445 443 466 569 641 664 637 593 569 568 582 675 745 813 792 760 755 727 635 583 587 563 630 670 618 699 728 726 633 589 652 707 772 876 845 765 674 606 602 558 567 620 664 716 764 737 617 548 501 522 511 534 572 502 420 364 361 339 356 364 317 321 333 320 294 285 319 297 286 283 253
357 292 215 287 283 391 389 319 283 253 336 343 423 533 604 594 551 518 479 486 577 611 629 649 632 672 748 661 610 602 551 525 575 656 596 615 693 657 578 637 662 755 808 876 888 800 747 694 664 566 540 570 615 613 654 743 670 565 511 468 449 434 453 454 432 421 430 380 369 341 342 308 310 308 288 295 307 300 301 287 255
357 235 238 319 320 426 506 450 433 306 250 347 462 516 487 521 474 443 414 489 516 495 535 524 573 696 752 638 553 551 558 513 591 685 626 587 692 581 574 634 712 723 849 915 934 865 774 690 601 578 551 518 548 556 601 601 647 570 501 478 469 458 499 497 400 395 399 407 401 333 328 296 296 305 310 314 336 328 296 278 276
318 238 264 358 321 392 497 461 417 301 273 311 372 401 455 482 424 385 432 485 449 419 462 516 618 718 723 655 604 546 497 530 608 677 622 558 581 539 642 725 735 810 870 908 924 856 772 692 641 662 600 558 494 523 573 528 578 585 572 557 529 511 533 533 489 440 394 389 380 366 312 294 289 305 320 328 344 341 325 328 291
250 225 240 311 360 420 476 399 344 345 334 275 278 321 399 437 409 370 435 423 383 432 547 573 607 668 688 636 640 581 503 520 556 618 666 594 567 523 642 739 726 848 948 990 890 813 741 722 646 587 557 524 520 486 495 486 502 549 558 513 502 514 470 458 456 441 421 506 518 466 353 299 283 293 305 334 351 330 318 333 283
238 277 251 262 377 459 486 387 392 428 400 340 336 290 285 342 360 350 412 355 389 462 554 531 587 597 676 648 606 568 481 515 582 648 662 671 596 508 560 653 720 825 964 979 909 859 785 752 626 583 546 599 597 514 503 479 465 459 512 469 459 500 521 492 536 480 450 545 614 524 367 315 284 286 298 325 337 324 294 284 269
256 276 270 251 349 432 454 414 451 488 406 358 372 354 313 297 311 322 348 355 412 454 492 498 560 540 640 643 581 493 454 525 604 595 600 647 555 501 557 650 723 816 937 887 927 932 890 771 676 620 583 661 612 563 582 520 532 465 446 431 430 465 528 561 579 563 488 531 621 539 407 342 298 277 292 311 325 303 297 267 257
285 272 279 251 309 389 452 502 523 466 440 453 393 400 410 344 311 302 315 333 372 370 400 438 534 504 566 532 568 478 459 559 576 501 536 581 598 496 521 600 707 827 830 778 856 956 945 824 781 700 688 749 668 622 569 567 554 521 464 429 426 411 455 529 589 562 518 501 540 454 399 387 333 279 280 297 301 287 284 263 253
294 280 311 266 300 331 411 507 576 522 553 493 413 380 441 393 359 357 363 314 329 331 349 422 460 447 478 560 548 458 452 482 497 458 491 555 543 489 513 626 704 788 720 743 877 995 1002 935 864 802 800 758 637 551 526 497 477 466 463 444 460 421 400 455 551 550 540 506 435 373 387 387 367 290 271 286 285 278 260 255 239
301 280 308 272 266 316 354 441 543 603 580 489 447 384 417 458 414 417 360 378 413 385 326 347 377 390 526 542 491 427 400 411 416 413 449 478 454 440 486 573 673 729 652 738 894 965 939 966 913 827 783 700 606 581 624 518 509 491 491 486 473 446 411 410 508 558 538 549 428 351 362 361 356 306 267 276 285 267 242 249 239
359 327 334 324 265 301 368 464 511 592 621 581 505 448 471 527 456 407 409 391 434 367 394 414 373 365 392 408 417 444 475 448 459 484 469 470 483 494 465 527 613 612 630 758 890 862 840 862 876 789 712 637 604 681 672 574 561 532 569 523 478 466 416 376 423 474 441 539 428 346 330 316 308 288 271 263 260 269 250 245 232
490 395 394 380 299 284 352 366 430 507 578 643 598 507 537 536 475 508 427 406 449 387 409 476 479 470 404 431 539 580 492 478 505 520 539 507 557 620 536 488 546 546 644 721 781 744 716 756 858 800 694 677 731 813 744 640 593 543 515 511 460 414 418 424 380 372 377 441 403 360 340 311 290 295 293 290 257 240 259 238 239
523 443 414 436 352 290 317 396 461 510 570 698 648 588 632 592 567 508 424 456 459 413 456 505 598 536 419 455 583 583 489 547 548 568 600 531 528 645 621 535 502 537 577 638 702 695 672 747 865 820 789 775 864 811 681 593 530 489 460 457 426 451 472 505 454 458 417 353 389 376 368 357 329 331 348 346 297 248 268 234 243
542 529 508 545 456 368 315 369 445 558 615 682 718 690 712 695 678 553 534 548 477 447 519 580 573 500 420 521 606 521 582 646 590 616 629 576 511 587 669 646 544 554 545 584 630 626 690 779 894 921 889 876 891 770 657 610 575 550 503 480 497 478 502 571 569 516 424 338 385 396 361 345 335 325 335 314 281 257 247 227 230
487 474 487 537 553 477 347 336 384 484 609 661 649 641 663 650 686 694 673 577 516 555 585 583 515 452 438 526 615 558 604 691 723 705 619 557 509 580 693 691 577 638 582 577 577 626 678 778 898 871 794 748 760 781 718 676 633 603 567 544 569 582 569 572 532 519 485 374 341 373 343 332 325 314 305 273 260 249 237 229 224
430 424 482 457 549 517 420 364 351 433 532 596 600 577 588 610 642 706 721 625 612 647 575 521 509 442 463 497 594 597 571 640 732 752 673 597 544 603 675 699 618 690 595 639 664 628 726 821 908 821 737 659 643 656 673 576 540 537 501 497 492 616 617 605 601 539 484 392 325 351 336 319 308 303 304 280 260 249 242 233 222
397 433 416 455 526 525 533 460 393 381 441 529 554 590 651 677 648 675 753 736 679 671 598 541 475 449 496 551 588 657 598 648 727 725 634 581 573 667 750 679 680 728 620 636 717 687 707 781 885 803 764 700 591 552 597 564 503 469 455 433 499 572 589 565 536 508 561 435 328 330 319 312 291 281 279 273 251 243 240 233 220
384 370 424 471 463 420 499 570 540 441 409 446 520 547 610 684 702 734 768 742 621 587 562 514 469 477 553 604 646 699 655 641 679 730 669 614 581 695 760 708 739 678 615 684 796 753 754 822 882 761 667 680 656 590 521 498 474 453 472 448 415 451 501 469 439 447 554 427 332 321 311 294 295 289 274 270 260 244 235 226 220
381 360 382 420 407 382 448 516 538 534 503 546 607 573 585 609 659 757 775 709 595 525 566 533 482 479 560 586 605 658 687 738 752 739 651 622 597 671 746 799 756 660 688 714 812 770 825 847 833 780 700 591 567 596 590 540 513 501 510 510 473 400 435 430 403 402 513 408 320 321 307 299 289 276 276 265 256 249 243 227 219
398 307 359 399 339 351 436 437 495 519 484 496 538 607 622 600 644 670 744 707 610 493 519 556 494 472 497 511 543 561 611 695 772 752 733 701 682 681 734 821 757 681 779 804 855 835 863 772 694 686 652 651 585 532 501 523 521 522 466 429 399 388 372 378 354 359 471 399 309 311 321 297 285 277 267 260 247 249 243 224 219
443 358 348 406 319 359 407 400 470 427 459 491 523 554 570 610 606 661 733 662 558 460 459 529 500 521 521 532 505 547 597 646 656 690 740 771 726 758 809 849 774 710 820 902 960 929 810 709 626 595 583 626 603 564 524 470 444 456 423 392 409 435 422 357 361 340 371 361 303 300 317 302 279 279 273 278 254 240 236 224 219
427 359 325 348 290 351 344 447 417 466 461 426 491 493 498 576 642 666 734 636 553 455 465 523 537 505 559 613 580 526 538 581 608 680 721 715 674 723 766 826 792 739 830 938 994 917 829 743 656 604 541 533 510 495 472 478 471 415 394 431 457 457 418 402 370 370 348 353 305 292 314 316 289 280 287 283 267 246 233 225 223
436 388 287 276 279 305 347 456 381 414 384 383 413 431 470 535 561 586 635 580 513 428 445 496 566 510 536 580 626 582 582 564 619 694 654 626 634 722 786 852 854 778 836 911 937 839 755 715 741 673 630 595 560 528 522 462 438 452 457 491 511 468 446 406 392 358 320 339 326 284 303 314 313 290 286 283 264 244 233 225 224
414 445 343 256 338 370 393 420 349 382 449 439 477 521 499 472 464 524 523 596 490 397 415 478 577 562 608 602 653 653 638 635 627 697 622 589 661 722 742 773 870 877 833 933 941 788 691 650 716 654 644 617 596 597 546 501 461 542 546 538 522 559 548 455 469 423 331 296 312 287 283 296 298 289 275 286 273 248 229 224 222
342 392 314 290 403 416 399 358 320 372 416 396 430 509 484 440 431 454 452 557 503 387 433 496 588 654 717 719 720 696 689 693 672 624 554 588 624 681 727 810 903 929 876 942 950 824 712 639 656 608 568 531 517 517 484 492 547 582 534 487 494 488 455 472 514 453 344 287 291 280 273 281 285 275 265 276 267 266 231 224 223
