DEM/DEM6.asc
ncols 800
nrows 800
xllcenter 240150.000000
yllcenter 2000150.000000
cellsize 300.000000
nodata_value -9999
[rows 720 to 755 of 800, columns 648 to 728 of 800]
537 574 565 552 513 566 618 643 673 727 795 835 833 784 741 797 868 929 888 809 953 1078 1153 1089 1072 1123 1177 1268 1325 1354 1257 1186 1148 1078 992 1011 951 968 956 921 899 891 908 905 918 897 925 1000 999 996 1024 999 958 912 913 949 1023 1127 1197 1167 1120 1071 1058 1068 995 929 875 875 879 778 669 625 603 499 402 375 346 335 324 318 312
482 482 481 467 491 562 586 651 703 760 837 808 777 735 741 814 869 912 841 786 914 1057 1123 1033 1039 1136 1209 1295 1400 1417 1333 1312 1204 1107 991 962 998 1048 1017 1002 918 889 887 887 900 880 917 969 961 966 1015 1000 954 902 871 945 1033 1093 1170 1155 1089 1063 1072 1032 1019 974 935 931 872 780 699 639 591 544 429 377 351 338 324 316 307
431 431 434 459 506 551 622 696 744 783 856 792 730 699 735 763 842 867 812 768 909 1042 1077 1004 1034 1161 1240 1354 1440 1436 1394 1339 1248 1143 1012 995 1059 1144 1112 1019 929 913 917 929 905 877 895 933 934 941 982 1008 962 909 856 901 976 1046 1120 1144 1076 1103 1063 1065 1098 1039 994 919 863 752 673 629 595 563 454 392 357 344 332 320 312
402 429 463 510 517 564 648 683 704 750 812 755 707 675 705 740 794 827 801 743 879 981 994 940 1014 1143 1260 1354 1415 1374 1313 1271 1260 1176 1079 1075 1160 1173 1122 1032 964 982 967 963 917 872 861 902 891 894 917 970 984 916 849 855 891 982 1080 1131 1104 1096 1057 1108 1051 1017 980 959 914 776 716 661 597 524 443 399 363 348 334 325 320
408 473 550 529 473 553 580 623 694 749 809 721 692 636 652 742 753 755 773 733 807 895 865 946 1075 1220 1272 1342 1405 1359 1319 1281 1266 1201 1173 1187 1175 1122 1070 994 964 973 939 938 937 906 870 852 850 859 866 937 986 919 857 818 843 918 1005 1035 1044 1094 1069 1081 1121 1109 1067 1014 947 821 719 655 557 483 441 407 379 358 345 337 322
393 452 537 504 443 495 549 625 701 762 757 734 669 634 601 690 694 694 708 697 786 832 888 1019 1124 1215 1246 1322 1391 1377 1343 1325 1314 1269 1254 1236 1168 1094 1046 937 915 925 931 919 923 923 876 852 836 838 852 910 954 912 849 809 822 871 918 931 1030 1039 1090 1052 1010 1074 1020 966 930 823 714 637 539 468 434 413 391 368 350 345 341
382 439 508 489 421 464 556 640 706 743 676 688 672 616 573 649 656 629 648 679 749 801 918 1071 1111 1166 1228 1303 1341 1407 1387 1329 1335 1303 1253 1215 1182 1124 1058 975 909 898 903 906 901 905 897 889 862 841 830 855 903 898 854 803 801 842 854 855 908 953 1107 1126 1052 1041 1065 1038 991 823 713 662 608 492 433 407 387 370 348 342 335
394 417 439 407 405 506 563 623 686 722 666 634 671 592 547 595 598 615 659 711 771 888 969 1012 1030 1121 1213 1244 1300 1401 1382 1364 1337 1297 1242 1201 1155 1119 1075 993 931 906 885 873 870 859 869 915 911 850 824 822 838 862 834 793 788 812 787 792 806 845 940 1068 1065 1035 1110 1097 1004 826 727 684 610 476 433 405 384 366 358 340 325
380 399 408 391 397 450 485 549 609 676 667 598 628 560 501 533 561 640 713 771 781 842 886 917 1008 1116 1177 1233 1338 1394 1370 1349 1307 1286 1257 1200 1145 1102 1095 1043 979 950 915 883 867 828 853 892 911 862 844 827 817 809 789 764 759 750 727 734 744 784 856 908 1019 1029 1038 1083 999 857 705 612 537 450 429 408 387 376 364 349 332
366 372 376 378 389 394 407 466 544 626 633 564 548 526 490 594 614 659 699 702 700 776 858 936 1032 1102 1165 1288 1347 1379 1317 1284 1241 1291 1254 1213 1181 1171 1130 1073 1015 962 934 891 859 808 791 851 897 921 892 862 847 826 805 782 742 678 651 651 684 720 766 807 846 926 1013 1035 949 784 628 549 493 455 432 403 385 371 366 355 344
378 360 367 380 388 376 394 446 491 533 536 487 454 463 493 591 650 622 630 658 710 820 941 998 1065 1127 1196 1296 1354 1343 1292 1254 1234 1264 1252 1250 1230 1203 1155 1120 1044 995 973 912 854 801 727 752 819 947 947 888 825 787 759 800 780 711 656 616 632 667 702 737 784 849 950 989 878 717 615 546 502 466 436 400 378 359 357 349 333
405 367 362 377 378 370 382 399 427 474 470 438 488 497 528 607 602 555 608 727 751 815 903 1013 1087 1112 1194 1279 1321 1297 1265 1229 1224 1240 1231 1223 1214 1193 1182 1146 1070 1051 1000 912 858 820 754 701 734 863 908 854 795 750 709 755 762 716 682 647 602 606 627 656 722 790 860 906 812 697 589 542 495 456 418 389 373 353 344 351 339
402 382 369 363 363 363 382 406 406 421 410 457 511 494 528 550 527 558 664 748 806 853 923 974 1101 1140 1214 1285 1302 1279 1263 1227 1219 1229 1212 1198 1199 1161 1152 1096 1031 982 914 876 869 819 758 693 671 723 789 830 780 721 664 693 765 747 747 704 639 549 520 555 624 700 764 786 741 630 603 546 496 440 405 375 364 349 334 341 339
415 402 384 375 368 360 394 447 412 388 398 436 443 420 438 464 499 592 662 716 796 888 958 977 1086 1187 1211 1261 1306 1266 1269 1235 1206 1230 1204 1176 1163 1137 1073 1012 957 896 839 805 797 764 746 706 640 633 651 673 656 659 617 638 722 738 811 855 722 587 521 507 564 604 674 704 654 562 588 548 453 396 387 361 345 331 325 327 331
430 433 397 398 370 360 376 432 412 382 387 392 396 413 436 468 528 584 673 772 823 871 970 1042 1069 1159 1167 1241 1305 1273 1243 1231 1196 1201 1193 1168 1135 1095 1032 968 897 850 790 757 753 732 708 712 662 619 612 602 598 600 589 611 674 712 800 935 896 697 565 489 512 542 589 633 581 498 480 421 396 371 365 350 330 321 316 311 320
461 452 426 424 382 375 366 411 399 420 436 440 432 433 426 427 474 510 648 740 851 816 849 886 982 1123 1154 1252 1313 1261 1239 1239 1214 1191 1176 1154 1125 1063 1006 933 863 820 779 751 731 703 674 673 654 640 614 601 590 586 581 614 650 698 790 934 1020 918 720 564 524 497 514 522 524 458 400 360 342 349 347 336 322 311 308 299 305
517 504 486 458 392 399 369 375 400 461 457 496 479 427 409 415 445 530 682 751 793 719 751 819 954 1104 1130 1186 1235 1206 1246 1254 1236 1217 1203 1149 1107 1080 1008 957 916 881 820 771 755 737 708 702 649 618 647 659 658 624 575 616 656 666 699 846 933 932 851 755 713 630 494 402 398 441 374 346 330 337 334 329 315 304 302 291 291
600 608 534 464 423 411 378 388 374 383 428 462 466 442 409 406 426 508 613 671 689 683 771 838 960 1074 1063 1095 1134 1159 1216 1253 1230 1219 1208 1162 1133 1082 1032 1015 969 935 891 831 802 804 789 755 673 610 618 680 658 629 567 595 628 640 676 775 844 937 973 903 872 829 689 562 414 378 346 332 322 324 323 320 306 297 291 286 282
610 617 552 532 475 430 450 468 450 433 399 375 385 429 424 400 408 485 531 581 621 698 804 907 977 1016 1009 1012 1054 1090 1152 1199 1214 1174 1201 1178 1157 1113 1066 1059 1012 965 966 909 924 902 862 820 737 647 606 587 573 572 556 576 592 609 645 734 777 874 960 983 918 896 753 618 509 415 348 321 310 307 307 307 293 287 284 282 279
553 584 536 533 522 472 549 573 550 529 482 388 366 394 426 401 394 437 460 550 647 742 895 1010 999 919 909 918 991 1028 1077 1142 1192 1138 1167 1161 1123 1067 1014 994 953 892 923 895 935 933 903 845 791 754 710 677 652 636 574 519 535 579 596 634 679 774 895 947 916 842 744 623 520 440 388 352 318 304 297 296 291 293 282 284 286
561 514 506 492 484 482 493 526 509 466 437 420 378 366 379 395 379 387 444 558 655 754 872 910 950 856 824 861 942 990 1050 1127 1164 1112 1115 1123 1051 985 942 897 881 844 819 803 805 821 839 845 815 797 787 729 699 657 606 541 478 548 575 592 639 713 798 913 935 831 680 558 505 461 399 361 325 312 307 296 291 293 290 299 305
545 514 519 509 493 485 484 486 560 534 503 510 441 409 370 361 371 373 411 504 572 659 739 851 919 853 754 813 865 919 996 1082 1103 1080 1059 1060 998 901 863 840 802 800 762 730 712 722 728 758 760 756 768 726 677 643 596 526 451 475 528 582 624 660 731 858 875 818 676 541 467 418 372 343 324 315 309 299 297 292 289 303 318
553 566 569 548 502 503 501 510 598 573 550 568 490 447 424 365 350 357 373 426 515 564 653 772 808 728 694 770 805 851 940 1033 1064 1022 993 945 927 856 798 770 751 725 692 647 619 652 667 662 659 640 634 603 523 555 545 507 481 437 447 499 571 653 728 819 782 728 644 559 490 443 381 352 324 322 318 304 298 296 293 298 307
602 596 609 562 532 530 521 544 617 644 648 611 515 462 447 391 358 344 366 400 466 513 635 677 718 614 665 769 790 840 928 993 1010 983 959 845 844 777 712 678 685 680 584 542 539 569 630 645 623 601 567 461 395 423 463 428 470 459 392 467 510 620 698 782 812 746 651 581 537 477 402 377 364 353 339 314 302 296 296 288 290
604 616 643 580 569 553 549 616 722 748 696 642 554 513 486 446 385 355 351 372 408 468 537 568 579 537 642 736 729 783 864 899 905 896 854 741 699 654 600 560 575 589 544 434 446 453 519 535 515 457 426 384 326 322 357 376 352 387 332 367 424 477 537 605 665 643 569 567 549 476 421 392 382 402 369 337 320 308 290 286 282
606 611 625 598 595 588 588 688 735 716 648 575 518 487 470 406 362 393 366 350 361 380 417 462 447 476 589 629 695 736 783 779 776 785 696 606 584 561 521 485 477 516 487 404 365 373 410 410 410 356 335 315 304 316 315 302 303 300 300 297 305 323 371 437 490 503 476 485 481 428 406 371 381 418 393 353 331 314 288 280 280
625 625 628 618 621 598 619 725 704 671 627 582 515 473 446 412 384 402 388 344 347 342 360 382 397 429 450 518 624 666 689 658 679 687 596 543 513 491 483 456 400 439 411 364 330 324 325 323 329 312 316 354 361 334 346 341 352 341 335 320 315 300 306 349 390 416 406 485 476 420 378 364 367 410 393 373 328 316 298 285 282
667 647 640 648 634 627 678 762 731 695 657 597 544 510 479 452 406 381 364 347 358 345 345 353 362 356 359 415 518 593 534 514 536 547 512 469 456 419 386 383 349 348 333 316 322 318 320 321 326 343 359 376 398 364 372 379 378 373 365 365 355 346 310 298 305 323 342 443 451 416 397 372 357 417 418 397 332 311 314 304 284
682 676 676 672 656 668 745 796 761 736 678 615 592 562 531 498 432 394 373 352 368 352 383 385 433 415 372 351 430 471 401 410 397 455 441 383 384 366 335 323 325 307 315 331 367 349 348 348 373 372 375 374 412 361 412 420 429 432 423 415 392 388 351 336 308 286 299 357 410 443 439 413 356 358 357 381 330 304 292 281 278
705 716 697 693 687 710 809 831 808 771 717 682 675 644 580 520 477 414 380 357 388 368 384 438 511 510 487 381 351 358 350 340 346 383 395 341 372 395 369 350 372 376 392 410 433 426 438 404 422 444 421 414 440 382 440 481 512 514 486 450 456 440 404 420 371 336 311 300 355 400 492 437 362 331 350 374 337 307 289 281 278
727 719 715 732 726 759 853 883 867 834 806 782 756 686 580 495 455 400 374 389 429 390 383 423 520 591 535 431 388 397 423 377 379 357 355 367 415 512 480 418 381 430 459 529 558 533 563 518 507 491 450 483 478 413 467 575 635 655 589 578 552 535 501 487 452 436 381 311 289 336 413 431 386 333 335 353 352 323 295 282 279
758 732 721 748 775 815 918 934 914 894 851 810 750 675 557 481 450 426 379 421 452 411 388 408 487 591 610 538 486 538 499 482 505 414 401 424 447 535 535 497 487 460 490 563 626 589 600 628 606 555 523 538 490 434 500 624 735 746 689 691 664 632 602 566 539 492 422 355 326 288 303 385 362 317 340 374 378 323 292 282 277
775 743 736 755 818 913 985 978 955 921 852 800 753 700 604 494 438 391 384 440 490 474 412 392 450 528 613 573 551 565 519 486 561 517 497 446 444 531 543 547 509 478 536 535 611 633 622 670 664 615 597 594 512 462 551 638 712 824 781 760 735 695 659 616 557 505 476 418 365 326 291 311 313 302 322 350 385 307 284 278 278
762 754 745 787 865 975 1015 1001 968 913 871 821 782 758 619 495 442 410 388 460 544 520 451 395 436 529 604 623 584 526 520 513 578 607 579 511 468 532 582 580 536 502 562 647 666 705 710 738 712 687 666 656 555 503 583 712 776 923 932 902 860 819 760 693 605 559 516 453 418 405 352 320 287 287 320 384 423 312 279 274 276
773 755 767 857 941 1003 1037 996 966 937 916 858 836 783 654 511 449 409 396 466 526 559 488 410 420 482 556 631 576 569 586 564 582 644 648 607 537 585 661 632 590 550 565 723 786 810 819 812 766 733 722 710 598 593 657 738 838 950 924 919 927 859 815 748 666 605 548 499 474 444 393 329 304 286 283 288 337 286 272 272 274
794 760 833 934 1000 1054 1052 1018 995 959 914 874 842 785 689 523 464 435 406 443 493 553 508 431 410 465 531 589 594 598 631 604 594 648 673 660 607 650 701 667 634 601 592 692 794 854 860 847 803 787 783 743 643 678 731 795 904 942 879 868 870 828 761 702 661 626 586 530 478 447 401 354 327 288 299 291 272 271 270 271 271
