DEM/DEM6.asc
ncols 800
nrows 800
xllcenter 240150.000000
yllcenter 2000150.000000
cellsize 300.000000
nodata_value -9999
[rows 180 to 215 of 800, columns 486 to 566 of 800]
-9999 -9999 -9999 -9999 -9999 -9999 -9999 -9999 -9999 -9999 -9999 -9999 -9999 -9999 -9999 -9999 -9999 -9999 -9999 -9999 -9999 -9999 -9999 -9999 -9999 -9999 -9999 -9999 -9999 -9999 -9999 -9999 -9999 -9999 -9999 -9999 -9999 -9999 -9999 -9999 -9999 1226 1298 1358 1377 1298 1328 1272 1135 1047 1011 968 978 979 954 885 802 879 868 824 785 901 826 844 1004 1161 1060 930 882 868 939 1003 1048 1058 1046 1102 1205 1224 1267 1163 1073
-9999 -9999 -9999 -9999 -9999 -9999 -9999 -9999 -9999 -9999 -9999 -9999 -9999 -9999 -9999 -9999 -9999 -9999 -9999 -9999 -9999 -9999 -9999 -9999 -9999 -9999 -9999 -9999 -9999 -9999 -9999 -9999 -9999 -9999 -9999 -9999 -9999 -9999 -9999 -9999 -9999 1238 1281 1302 1297 1229 1287 1209 1088 1076 1075 1010 964 946 892 848 766 809 800 764 756 887 788 881 1002 1046 1042 909 814 911 1000 1113 1117 1101 1048 1068 1129 1130 1214 1142 1037
-9999 -9999 -9999 -9999 -9999 -9999 -9999 -9999 -9999 -9999 -9999 -9999 -9999 -9999 -9999 -9999 -9999 -9999 -9999 -9999 -9999 -9999 -9999 -9999 -9999 -9999 -9999 -9999 -9999 -9999 -9999 -9999 -9999 -9999 -9999 -9999 -9999 -9999 -9999 -9999 -9999 1181 1228 1294 1223 1227 1303 1187 1100 1145 1154 1071 1060 1051 960 856 787 779 757 729 728 856 807 782 918 939 914 850 806 893 1008 1065 1035 980 973 1096 1069 1075 1166 1079 986
-9999 -9999 -9999 -9999 -9999 -9999 -9999 -9999 -9999 -9999 -9999 -9999 -9999 -9999 -9999 -9999 -9999 -9999 -9999 -9999 -9999 -9999 -9999 -9999 -9999 -9999 -9999 -9999 -9999 -9999 -9999 -9999 -9999 -9999 -9999 -9999 -9999 -9999 -9999 -9999 -9999 1208 1298 1278 1174 1156 1256 1162 1146 1232 1253 1196 1177 1182 1081 935 910 882 849 836 743 807 877 744 817 884 789 771 820 891 946 998 948 901 993 1068 1014 1041 1066 982 940
-9999 -9999 -9999 -9999 -9999 -9999 -9999 -9999 -9999 -9999 -9999 -9999 -9999 -9999 -9999 -9999 -9999 -9999 -9999 -9999 -9999 -9999 -9999 -9999 -9999 -9999 -9999 -9999 -9999 -9999 -9999 -9999 -9999 -9999 -9999 -9999 -9999 -9999 -9999 -9999 -9999 1252 1330 1250 1133 1143 1196 1184 1204 1324 1267 1162 1166 1076 1089 1016 1016 990 916 833 729 745 866 774 732 735 751 831 847 841 860 894 854 909 990 952 933 1017 973 907 994
-9999 -9999 -9999 -9999 -9999 -9999 -9999 -9999 -9999 -9999 -9999 -9999 -9999 -9999 -9999 -9999 -9999 -9999 -9999 -9999 -9999 -9999 -9999 -9999 -9999 -9999 -9999 -9999 -9999 -9999 -9999 -9999 -9999 -9999 -9999 -9999 -9999 -9999 -9999 -9999 -9999 1234 1284 1255 1140 1093 1122 1179 1288 1350 1240 1086 1032 995 983 923 945 946 848 796 718 685 785 771 676 718 787 778 749 729 787 818 849 875 896 882 984 1000 911 926 993
-9999 -9999 -9999 -9999 -9999 -9999 -9999 -9999 -9999 -9999 -9999 -9999 -9999 -9999 -9999 -9999 -9999 -9999 -9999 -9999 -9999 -9999 -9999 -9999 -9999 -9999 -9999 -9999 -9999 -9999 -9999 -9999 -9999 -9999 -9999 -9999 -9999 -9999 -9999 -9999 -9999 1190 1265 1267 1164 1093 1156 1225 1346 1270 1158 1062 1015 983 911 860 830 833 852 836 810 703 666 669 665 678 681 700 719 711 716 740 748 762 788 864 967 880 874 986 1087
-9999 -9999 -9999 -9999 -9999 -9999 -9999 -9999 -9999 -9999 -9999 -9999 -9999 -9999 -9999 -9999 -9999 -9999 -9999 -9999 -9999 -9999 -9999 -9999 -9999 -9999 -9999 -9999 -9999 -9999 -9999 -9999 -9999 -9999 -9999 -9999 -9999 -9999 -9999 -9999 -9999 1179 1262 1195 1118 1056 1108 1198 1328 1330 1179 1158 1144 1084 954 984 921 814 744 735 820 770 663 688 737 717 719 717 820 777 741 784 779 804 797 786 888 835 885 933 1029
-9999 -9999 -9999 -9999 -9999 -9999 -9999 -9999 -9999 -9999 -9999 -9999 -9999 -9999 -9999 -9999 -9999 -9999 -9999 -9999 -9999 -9999 -9999 -9999 -9999 -9999 -9999 -9999 -9999 -9999 -9999 -9999 -9999 -9999 -9999 -9999 -9999 -9999 -9999 -9999 -9999 1137 1192 1105 1073 1027 1114 1251 1317 1234 1227 1148 1116 1063 1011 964 889 822 762 710 744 758 637 664 791 822 804 762 802 859 822 877 853 868 893 811 783 804 807 865 957
-9999 -9999 -9999 -9999 -9999 -9999 -9999 -9999 -9999 -9999 -9999 -9999 -9999 -9999 -9999 -9999 -9999 -9999 -9999 -9999 -9999 -9999 -9999 -9999 -9999 -9999 -9999 -9999 -9999 -9999 -9999 -9999 -9999 -9999 -9999 -9999 -9999 -9999 -9999 -9999 -9999 1095 1158 1107 1070 1002 1064 1181 1244 1121 1105 1090 1026 1049 1092 1011 974 896 791 760 710 686 648 644 787 882 890 824 796 910 948 1004 935 905 1001 938 872 924 910 837 883
-9999 -9999 -9999 -9999 -9999 -9999 -9999 -9999 -9999 -9999 -9999 -9999 -9999 -9999 -9999 -9999 -9999 -9999 -9999 -9999 -9999 -9999 -9999 -9999 -9999 -9999 -9999 -9999 -9999 -9999 -9999 -9999 -9999 -9999 -9999 -9999 -9999 -9999 -9999 1119 1184 1189 1175 1117 1083 995 1025 1153 1234 1092 1015 1008 980 1081 1116 975 918 892 863 825 806 746 649 652 801 861 885 884 812 897 969 1040 1028 961 1035 1038 998 1033 1007 903 843
-9999 -9999 -9999 -9999 -9999 -9999 -9999 -9999 -9999 -9999 -9999 -9999 -9999 -9999 -9999 -9999 -9999 -9999 -9999 -9999 -9999 -9999 -9999 -9999 -9999 -9999 -9999 -9999 -9999 -9999 -9999 -9999 -9999 -9999 -9999 -9999 -9999 -9999 -9999 1138 1255 1269 1141 1047 1006 983 993 1110 1199 1088 1036 944 993 1034 1059 1010 890 812 785 761 738 708 615 642 799 780 803 888 845 876 927 1017 1088 1033 1060 1160 1142 1143 1018 910 946
-9999 -9999 -9999 -9999 -9999 -9999 -9999 -9999 -9999 -9999 -9999 -9999 -9999 -9999 -9999 -9999 -9999 -9999 -9999 -9999 -9999 -9999 -9999 -9999 -9999 -9999 -9999 -9999 -9999 -9999 -9999 -9999 -9999 -9999 -9999 -9999 -9999 -9999 -9999 1157 1210 1202 1170 1078 1017 949 976 1084 1104 1015 952 918 953 923 1010 976 975 908 789 716 732 719 627 646 766 734 745 862 944 978 1002 1060 1131 1098 1156 1232 1231 1123 1025 956 1037
-9999 -9999 -9999 -9999 -9999 -9999 -9999 -9999 -9999 -9999 -9999 -9999 -9999 -9999 -9999 -9999 -9999 -9999 -9999 -9999 -9999 -9999 -9999 -9999 -9999 -9999 -9999 -9999 -9999 -9999 -9999 -9999 -9999 -9999 -9999 -9999 -9999 -9999 -9999 1075 1103 1179 1122 1022 1008 930 999 1098 1126 1000 936 875 867 872 902 880 887 932 864 760 682 657 613 620 677 659 750 874 887 919 1033 1052 982 976 1052 1086 1213 1140 1073 1078 1051
-9999 -9999 -9999 -9999 -9999 -9999 -9999 -9999 -9999 -9999 -9999 -9999 -9999 -9999 -9999 -9999 -9999 -9999 -9999 -9999 -9999 -9999 -9999 -9999 -9999 -9999 -9999 -9999 -9999 -9999 -9999 -9999 -9999 -9999 -9999 -9999 -9999 -9999 -9999 1101 1094 1176 1135 1037 972 920 950 1048 1052 961 883 876 934 876 844 810 798 843 796 747 736 722 679 596 618 678 766 862 840 872 960 950 868 942 969 992 1139 1196 1133 1063 969
-9999 -9999 -9999 -9999 -9999 -9999 -9999 -9999 -9999 -9999 -9999 -9999 -9999 -9999 -9999 -9999 -9999 -9999 -9999 -9999 -9999 -9999 -9999 -9999 -9999 -9999 -9999 -9999 -9999 -9999 -9999 -9999 -9999 -9999 -9999 -9999 1036 1154 1171 1205 1190 1175 1136 1073 990 943 960 942 928 918 903 959 980 956 891 823 811 748 714 679 663 707 679 591 660 728 795 764 760 828 879 839 812 943 885 992 1135 1131 1039 968 962
-9999 -9999 -9999 -9999 -9999 -9999 -9999 -9999 -9999 -9999 -9999 -9999 -9999 -9999 -9999 -9999 -9999 -9999 -9999 -9999 -9999 -9999 -9999 -9999 -9999 -9999 -9999 -9999 -9999 -9999 -9999 -9999 -9999 -9999 -9999 -9999 1054 1134 1225 1223 1166 1121 1051 1025 998 979 1074 1062 977 964 991 990 1051 997 966 923 862 835 806 763 679 624 650 572 599 674 701 695 783 890 874 773 831 893 841 939 1087 1088 975 907 920
-9999 -9999 -9999 -9999 -9999 -9999 -9999 -9999 -9999 -9999 -9999 -9999 -9999 -9999 -9999 -9999 -9999 -9999 -9999 -9999 -9999 -9999 -9999 -9999 -9999 -9999 -9999 -9999 -9999 -9999 -9999 -9999 -9999 -9999 -9999 -9999 -9999 -9999 -9999 1121 1133 1047 1000 997 975 1000 1103 1077 1011 1008 1071 1092 1102 1054 1016 962 945 984 903 856 747 627 604 562 585 612 646 750 857 851 820 749 779 778 824 895 1025 1085 1016 932 879
-9999 -9999 -9999 -9999 -9999 -9999 -9999 -9999 -9999 -9999 -9999 -9999 -9999 -9999 -9999 -9999 -9999 -9999 -9999 -9999 -9999 -9999 -9999 -9999 -9999 -9999 -9999 -9999 -9999 -9999 -9999 -9999 -9999 -9999 -9999 -9999 -9999 -9999 -9999 1102 1083 1019 968 956 901 949 1033 1041 1035 1081 1176 1212 1096 1002 943 910 907 923 898 784 733 658 659 559 578 635 733 793 761 724 700 693 735 814 918 994 1082 1053 971 955 914
-9999 -9999 -9999 -9999 -9999 -9999 -9999 -9999 -9999 -9999 -9999 -9999 -9999 -9999 -9999 -9999 -9999 -9999 -9999 -9999 -9999 -9999 -9999 -9999 -9999 -9999 -9999 -9999 -9999 -9999 -9999 -9999 -9999 -9999 -9999 -9999 -9999 -9999 -9999 1113 1118 1047 966 913 887 928 985 917 957 1041 1080 1183 1155 1117 1031 936 840 828 923 812 728 742 692 591 552 649 756 737 665 648 697 752 825 896 989 1028 1099 1052 974 883 835
-9999 -9999 -9999 -9999 -9999 -9999 -9999 -9999 -9999 -9999 -9999 -9999 -9999 -9999 -9999 -9999 -9999 -9999 -9999 -9999 -9999 -9999 -9999 -9999 -9999 -9999 -9999 -9999 -9999 -9999 -9999 -9999 -9999 -9999 -9999 -9999 -9999 -9999 -9999 1146 1132 1077 998 956 872 907 955 874 903 951 1039 1192 1170 1076 979 921 898 824 875 854 788 734 660 586 538 634 736 687 623 673 697 717 816 913 902 990 1082 1033 952 918 858
-9999 -9999 -9999 -9999 -9999 -9999 -9999 -9999 -9999 -9999 -9999 -9999 -9999 -9999 -9999 -9999 -9999 -9999 -9999 -9999 -9999 -9999 -9999 -9999 -9999 -9999 -9999 -9999 -9999 -9999 -9999 -9999 -9999 -9999 -9999 -9999 -9999 -9999 -9999 1082 1068 1046 1002 946 875 885 917 836 885 1005 1074 1128 1070 1077 1015 977 862 771 792 832 783 709 604 546 559 636 695 618 610 685 740 773 830 837 894 984 1048 985 865 882 836
-9999 -9999 -9999 -9999 -9999 -9999 -9999 -9999 -9999 -9999 -9999 -9999 -9999 -9999 -9999 -9999 -9999 -9999 -9999 -9999 -9999 -9999 -9999 -9999 -9999 -9999 -9999 -9999 -9999 -9999 -9999 -9999 -9999 -9999 -9999 -9999 -9999 -9999 -9999 1030 1022 1059 1055 993 941 850 836 792 872 929 970 1037 926 906 928 959 835 728 719 764 729 732 619 568 532 570 571 602 645 727 774 741 818 882 949 948 1004 979 847 824 795
-9999 -9999 -9999 -9999 -9999 -9999 -9999 -9999 -9999 -9999 -9999 -9999 -9999 -9999 -9999 -9999 -9999 -9999 -9999 -9999 -9999 -9999 -9999 -9999 -9999 -9999 -9999 -9999 -9999 -9999 -9999 -9999 -9999 -9999 -9999 -9999 -9999 -9999 -9999 989 995 1036 1125 1063 971 870 804 777 827 832 876 963 930 875 828 902 851 728 666 681 686 743 673 628 580 530 615 695 716 743 692 748 855 859 871 919 935 897 824 779 737
-9999 -9999 -9999 -9999 -9999 -9999 -9999 -9999 -9999 -9999 -9999 -9999 -9999 -9999 -9999 -9999 -9999 -9999 -9999 -9999 -9999 -9999 -9999 -9999 -9999 -9999 -9999 -9999 -9999 -9999 -9999 -9999 -9999 -9999 -9999 -9999 -9999 -9999 -9999 989 1005 1058 1171 1127 1046 979 887 786 774 758 832 881 816 892 813 802 873 766 699 636 676 759 753 677 584 526 629 742 705 711 666 773 794 788 898 872 830 795 749 755 698
-9999 -9999 -9999 -9999 -9999 -9999 -9999 -9999 -9999 -9999 -9999 -9999 -9999 -9999 -9999 -9999 -9999 -9999 -9999 -9999 -9999 -9999 -9999 -9999 -9999 -9999 -9999 -9999 -9999 -9999 -9999 -9999 -9999 -9999 -9999 -9999 -9999 -9999 -9999 981 1029 1064 1125 1180 1110 1029 942 854 730 696 752 788 728 760 788 715 780 690 702 630 653 723 740 695 578 531 656 695 636 623 651 692 726 793 892 808 743 747 705 739 674
-9999 -9999 -9999 -9999 -9999 -9999 -9999 -9999 -9999 -9999 -9999 -9999 -9999 -9999 -9999 -9999 -9999 -9999 -9999 -9999 -9999 -9999 -9999 -9999 -9999 -9999 -9999 -9999 -9999 -9999 -9999 -9999 -9999 -9999 -9999 -9999 -9999 -9999 -9999 991 1029 1039 1074 1165 1074 940 917 881 720 660 740 741 643 626 657 675 785 660 684 641 616 658 677 665 565 524 572 588 595 672 746 717 804 849 878 802 727 692 668 660 689
-9999 -9999 -9999 -9999 -9999 -9999 -9999 -9999 -9999 -9999 -9999 -9999 -9999 -9999 -9999 -9999 -9999 -9999 -9999 -9999 -9999 -9999 -9999 -9999 -9999 -9999 -9999 -9999 -9999 -9999 -9999 -9999 -9999 -9999 -9999 -9999 -9999 -9999 -9999 998 998 1022 1035 1077 1005 911 816 761 686 700 697 681 702 692 630 634 662 613 628 645 600 613 677 628 529 527 635 659 694 675 784 818 850 798 758 775 707 652 637 718 748
-9999 -9999 -9999 -9999 -9999 -9999 -9999 -9999 -9999 -9999 -9999 -9999 -9999 -9999 -9999 -9999 -9999 -9999 -9999 -9999 -9999 -9999 -9999 -9999 -9999 -9999 -9999 -9999 -9999 -9999 -9999 -9999 -9999 -9999 -9999 -9999 -9999 -9999 -9999 1025 1016 1016 982 985 920 810 770 693 742 829 797 763 812 786 725 656 624 563 568 632 616 602 680 610 512 533 666 772 792 743 830 816 787 737 702 685 636 623 684 745 803
-9999 -9999 -9999 -9999 -9999 -9999 -9999 -9999 -9999 -9999 -9999 -9999 -9999 -9999 -9999 -9999 -9999 -9999 -9999 -9999 -9999 -9999 -9999 -9999 -9999 -9999 -9999 -9999 -9999 -9999 -9999 -9999 -9999 -9999 -9999 -9999 -9999 -9999 -9999 1007 1038 1030 988 968 904 773 723 705 819 951 869 856 931 860 795 771 683 588 539 577 577 589 671 600 503 518 671 727 794 808 818 768 699 665 646 620 605 684 736 737 766
-9999 -9999 -9999 -9999 -9999 -9999 -9999 -9999 -9999 -9999 -9999 -9999 -9999 -9999 -9999 -9999 -9999 -9999 -9999 -9999 -9999 -9999 -9999 -9999 -9999 -9999 -9999 -9999 -9999 -9999 -9999 -9999 -9999 -9999 -9999 -9999 -9999 -9999 -9999 -9999 -9999 1062 1021 974 911 823 738 760 874 1016 1008 966 1002 950 918 851 768 639 556 529 553 618 660 580 517 532 656 704 784 777 791 790 689 622 586 640 635 678 694 751 815
-9999 -9999 -9999 -9999 -9999 -9999 -9999 -9999 -9999 -9999 -9999 -9999 -9999 -9999 -9999 -9999 -9999 -9999 -9999 -9999 -9999 -9999 -9999 -9999 -9999 -9999 -9999 -9999 -9999 -9999 -9999 -9999 -9999 -9999 -9999 -9999 -9999 -9999 -9999 -9999 -9999 1057 1065 975 895 827 763 765 891 1032 1106 1007 943 989 957 796 727 640 602 539 554 614 622 535 489 558 685 752 739 744 809 812 726 615 589 688 655 678 728 765 822
-9999 -9999 -9999 -9999 -9999 -9999 -9999 -9999 -9999 -9999 -9999 -9999 -9999 -9999 -9999 -9999 -9999 -9999 -9999 -9999 -9999 -9999 -9999 -9999 -9999 -9999 -9999 -9999 -9999 -9999 -9999 -9999 -9999 -9999 -9999 -9999 -9999 -9999 -9999 -9999 -9999 1059 1142 1057 954 883 802 772 877 1030 1070 986 899 904 939 917 796 689 643 577 524 579 595 522 487 565 662 676 700 792 798 733 657 579 617 681 672 724 730 797 783
-9999 -9999 -9999 -9999 -9999 -9999 -9999 -9999 -9999 -9999 -9999 -9999 -9999 -9999 -9999 -9999 -9999 -9999 -9999 -9999 -9999 -9999 -9999 -9999 -9999 -9999 -9999 -9999 -9999 -9999 -9999 -9999 -9999 -9999 -9999 -9999 -9999 -9999 -9999 -9999 -9999 1145 1163 1070 974 887 836 805 902 1015 937 897 848 797 859 828 765 733 680 615 520 509 559 493 510 547 580 634 742 801 661 655 592 625 678 725 728 756 797 813 783
-9999 -9999 -9999 -9999 -9999 -9999 -9999 -9999 -9999 -9999 -9999 -9999 -9999 -9999 -9999 -9999 -9999 -9999 -9999 -9999 -9999 -9999 -9999 -9999 -9999 -9999 -9999 -9999 -9999 -9999 -9999 -9999 -9999 -9999 -9999 -9999 -9999 -9999 -9999 -9999 -9999 1147 1131 1039 1019 970 892 847 886 903 866 788 741 709 755 763 695 670 680 613 538 497 500 492 484 534 607 690 791 697 615 562 609 678 753 768 783 806 786 806 802
-9999 -9999 -9999 -9999 -9999 -9999 -9999 -9999 -9999 -9999 -9999 -9999 -9999 -9999 -9999 -9999 -9999 -9999 -9999 -9999 -9999 -9999 -9999 -9999 -9999 -9999 -9999 -9999 -9999 -9999 -9999 -9999 -9999 -9999 -9999 -9999 -9999 -9999 -9999 -9999 -9999 1110 1141 1099 1064 976 918 912 865 875 888 855 806 709 677 681 678 605 667 626 586 537 499 486 468 539 621 718 723 600 522 574 688 743 757 738 747 753 765 777 780
