DEM/DEM7.asc
ncols 800
nrows 800
xllcenter 480150.000000
yllcenter 2000150.000000
cellsize 300.000000
nodata_value -9999
[rows 533 to 573 of 800, columns 0 to 92 of 800]
701 682 629 628 647 627 611 611 652 740 845 850 769 773 841 739 857 979 906 857 818 854 952 1092 1159 1238 1329 1395 1460 1487 1438 1363 1331 1283 1212 1139 1073 1010 952 891 781 674 628 585 521 458 390 354 347 339 335 330 328 326 324 323 323 317 316 314 314 313 310 307 307 309 309 310 309 312 310 309 310 308 308 308 307 305 307 310 310 309 308 306 305 306 307 307 306 307 306 307 309
744 700 640 663 656 625 614 576 606 704 788 792 717 718 823 726 781 897 836 793 782 823 929 1030 1101 1207 1303 1309 1381 1420 1422 1349 1284 1231 1155 1094 1081 1049 998 952 824 716 673 615 542 457 386 352 341 339 333 330 327 326 323 321 321 318 317 316 316 316 311 310 307 308 310 311 310 309 310 310 309 309 308 307 307 306 305 305 309 307 308 307 305 305 304 305 306 309 308 308 309
782 732 695 663 708 661 581 538 582 668 716 727 671 691 768 725 731 818 788 740 757 809 918 1041 1115 1162 1203 1227 1311 1365 1381 1360 1279 1240 1165 1088 1061 1025 1029 960 819 717 674 606 532 443 387 356 344 334 331 329 327 325 323 323 322 319 318 317 315 314 312 308 307 308 309 310 310 309 309 310 308 306 307 306 306 305 303 302 304 306 306 306 306 305 305 307 308 308 307 307 309
742 789 775 676 683 654 583 528 548 634 690 654 648 657 724 694 665 750 739 720 743 787 904 1005 1059 1093 1138 1178 1244 1273 1321 1318 1280 1239 1177 1137 1080 1013 953 913 811 735 674 600 513 463 402 360 343 338 331 327 326 324 322 323 318 319 317 315 317 315 312 309 307 310 309 309 311 310 308 309 309 308 306 307 303 305 305 304 304 302 307 305 307 306 304 306 306 307 308 308 307
715 764 799 702 667 662 600 530 526 576 632 612 627 640 665 643 634 697 699 714 730 780 869 923 970 1033 1072 1153 1163 1157 1215 1247 1224 1200 1162 1121 1068 1008 943 873 801 733 659 580 530 476 395 351 341 338 333 330 327 324 325 323 321 319 317 315 314 315 312 310 308 310 309 310 311 311 310 309 308 307 306 307 305 304 303 303 303 304 306 304 306 307 308 307 305 305 306 307 307
700 745 817 746 672 650 596 531 508 531 565 588 626 627 635 619 620 636 663 687 715 744 792 788 825 939 1040 1091 1109 1061 1093 1127 1156 1141 1102 1068 1023 979 925 862 788 720 669 632 539 473 405 366 344 337 332 330 327 324 322 322 320 326 318 315 315 313 312 310 307 310 309 309 310 310 311 309 307 307 306 305 305 307 305 303 302 304 305 305 304 304 306 306 304 304 304 305 306
682 723 781 816 722 649 584 540 508 511 529 573 605 611 587 594 630 658 669 681 677 705 762 753 807 900 927 966 1045 1005 1002 1029 1067 1073 1074 1053 1039 980 903 852 797 733 703 625 536 488 406 366 347 340 334 330 326 323 322 320 318 323 317 316 315 316 314 313 310 310 311 310 309 309 308 309 310 308 307 307 308 308 305 303 303 304 304 303 303 306 306 305 305 303 304 304 304
668 684 715 794 819 700 637 563 529 502 511 532 556 568 557 553 622 669 674 668 637 679 701 727 793 819 842 908 956 961 967 947 972 976 994 998 973 922 859 805 766 729 699 634 562 495 414 371 352 345 338 331 325 323 322 321 319 320 316 315 314 314 313 312 310 311 311 309 308 307 306 308 310 308 307 307 307 302 304 304 305 303 305 304 305 304 304 306 305 304 305 306 304
737 689 695 756 821 757 685 640 549 514 500 513 519 530 536 539 600 630 638 637 622 671 666 699 760 759 811 883 869 861 890 895 899 890 883 913 936 875 846 816 746 687 662 636 570 521 446 396 363 346 342 330 323 320 320 318 317 317 316 317 315 314 312 311 313 313 312 308 308 308 308 307 308 308 307 307 306 306 306 305 304 305 305 306 305 304 304 306 305 303 305 307 306
727 763 756 766 771 746 740 701 607 542 518 497 501 510 517 516 562 566 580 581 604 643 668 640 687 704 755 800 821 797 821 836 838 821 800 804 843 838 824 769 686 637 620 625 559 489 427 389 361 345 335 328 321 317 318 315 314 311 313 313 314 314 311 311 309 309 308 309 309 307 307 308 307 307 306 307 307 308 305 305 303 306 303 305 305 306 304 303 305 305 305 305 305
752 804 875 861 785 729 712 689 644 624 537 516 513 501 493 491 520 524 537 546 544 596 638 596 630 663 697 746 782 752 766 766 776 754 734 734 748 734 739 695 673 670 617 527 498 475 408 365 352 344 332 325 318 316 314 313 311 310 311 311 311 311 311 309 309 310 311 309 307 308 308 307 306 306 308 309 306 307 306 306 306 305 304 305 305 305 305 304 306 304 304 304 304
798 832 891 860 829 825 761 695 667 645 617 571 507 476 479 484 461 471 504 509 515 569 589 544 547 598 686 743 777 742 719 710 713 695 671 627 696 694 651 613 606 603 542 463 421 414 391 358 338 331 329 324 317 312 313 312 309 309 311 311 310 309 309 308 308 307 309 310 308 308 306 306 305 305 306 306 306 304 305 306 306 305 304 304 305 305 305 306 305 304 304 304 304
736 748 855 891 834 849 839 753 671 613 604 613 517 466 457 460 439 437 463 467 490 516 535 539 505 559 660 728 758 727 676 631 633 635 598 558 624 608 574 540 560 556 498 430 400 373 369 341 335 328 324 323 317 313 311 310 309 308 308 309 309 307 308 307 307 307 306 308 308 307 307 307 305 306 305 305 304 304 303 305 305 304 304 303 305 306 305 303 303 304 303 302 302
683 713 819 844 822 832 850 836 749 661 578 540 511 475 446 444 433 417 421 431 442 468 479 535 489 531 622 705 703 673 647 568 546 553 505 505 531 504 490 480 503 499 457 399 371 357 350 335 329 323 321 320 316 312 310 309 308 307 307 308 307 307 306 306 306 308 308 308 307 309 307 305 306 305 304 303 302 303 303 302 304 305 305 303 304 303 305 305 304 303 301 303 304
569 665 713 802 804 807 823 875 804 698 649 590 499 446 451 447 435 395 399 399 419 433 445 464 446 493 571 648 582 596 631 567 504 479 441 431 479 468 416 409 416 438 407 374 352 343 337 330 325 321 318 318 313 308 309 307 307 306 306 306 305 304 304 305 306 306 307 307 308 311 306 305 303 304 303 302 303 301 300 300 301 304 303 302 303 302 303 303 304 305 304 304 305
570 585 655 724 740 822 785 848 847 747 655 625 572 482 479 512 477 426 396 382 391 412 413 420 433 481 570 627 522 512 564 535 473 438 409 410 453 419 407 370 362 366 362 348 340 338 332 327 324 319 316 314 312 309 306 309 305 306 307 303 305 304 304 304 304 307 306 308 307 306 305 303 302 304 303 304 304 304 303 301 301 305 304 303 302 303 300 301 304 302 304 305 306
479 534 626 601 688 770 726 726 780 788 650 591 576 568 569 577 521 434 413 379 376 400 393 433 493 520 559 597 542 456 475 465 421 402 387 394 435 397 380 362 353 349 347 340 335 335 328 324 320 317 314 312 311 309 307 307 304 305 305 304 306 305 303 304 305 308 308 309 306 305 305 302 301 304 304 305 304 304 302 301 302 304 305 303 301 303 301 301 303 303 301 303 306
503 472 574 554 667 666 681 694 691 719 700 639 630 628 651 598 545 499 458 414 375 374 391 456 508 515 449 498 574 506 424 397 383 373 373 427 442 397 386 357 349 343 341 335 333 332 324 321 317 314 312 310 307 306 305 304 305 304 303 303 303 300 304 305 306 306 305 308 306 306 305 301 301 303 303 303 304 301 302 301 301 304 304 303 302 303 299 301 302 302 299 302 305
521 464 504 535 627 575 619 688 674 611 703 714 669 651 657 656 630 605 488 426 384 363 395 446 495 469 427 450 510 530 489 412 371 362 381 410 370 363 378 352 346 339 340 335 328 327 323 319 316 314 312 309 307 305 304 304 305 303 303 302 301 302 303 305 306 305 307 307 307 305 304 301 301 303 303 302 304 303 302 301 300 303 303 301 303 303 300 301 303 302 301 301 301
553 477 466 451 498 472 540 590 637 587 610 594 611 646 670 703 635 531 467 397 382 403 381 366 426 440 397 432 475 481 424 381 366 361 364 376 422 437 364 341 338 335 340 336 328 327 321 315 314 311 309 311 307 305 306 306 305 302 301 301 302 301 304 304 304 306 306 305 305 304 303 303 301 301 303 302 301 300 301 301 300 300 303 304 303 302 300 301 301 300 299 300 301
535 556 573 503 444 430 464 525 611 562 542 561 608 604 568 588 530 466 451 397 428 472 418 367 398 391 373 401 454 467 422 377 371 385 432 472 473 404 360 344 335 336 335 335 330 325 317 315 312 310 309 309 305 301 305 305 304 302 301 301 302 301 305 304 304 305 305 303 303 303 303 303 302 301 302 301 301 301 299 301 298 299 302 304 303 303 300 299 301 301 300 300 300
543 568 550 531 473 411 460 517 567 602 548 521 531 574 546 520 471 430 436 400 425 464 450 409 381 368 363 386 440 444 399 383 405 443 468 467 458 392 357 345 337 333 333 330 325 324 315 313 311 312 310 308 307 306 306 306 303 302 301 302 301 303 304 304 303 304 304 303 302 303 302 302 302 301 299 299 301 302 300 301 298 297 300 303 302 301 299 300 301 300 300 302 303
588 600 605 553 465 403 433 463 526 616 596 556 529 524 514 526 493 470 450 437 469 481 479 466 406 354 352 361 407 438 434 418 461 459 409 393 373 357 344 336 331 330 327 328 325 321 318 314 313 311 311 310 306 307 305 305 304 302 300 301 303 304 306 303 303 304 304 303 303 304 302 300 302 301 300 300 301 302 301 301 299 298 301 303 302 299 300 300 299 299 300 301 301
656 648 651 557 446 397 459 501 535 611 658 588 557 574 551 500 498 490 478 496 514 471 429 416 384 358 345 349 386 455 470 482 516 439 376 367 356 346 346 339 329 327 327 325 325 322 318 315 314 312 313 311 307 307 304 304 303 302 301 301 302 303 305 304 302 302 303 301 301 303 304 302 300 302 302 301 300 303 300 299 300 298 301 301 301 300 300 298 298 299 300 300 299
757 709 666 551 464 397 447 530 530 568 674 646 606 557 534 479 464 467 468 544 565 496 450 424 378 374 357 350 374 448 485 507 511 430 374 364 363 348 340 338 333 327 327 324 323 321 318 315 314 314 312 311 309 306 303 303 302 302 300 300 302 303 303 303 303 301 299 299 298 300 305 304 303 301 300 299 298 299 301 299 299 300 302 300 302 298 298 298 298 300 300 298 299
711 668 618 535 420 410 489 518 487 548 654 716 646 586 569 497 436 429 445 527 586 517 426 395 372 365 357 347 394 437 416 449 480 427 380 363 355 348 345 337 331 325 324 322 319 319 316 316 315 312 310 310 307 305 304 303 303 301 300 302 303 301 303 302 303 301 299 298 299 300 303 304 302 302 300 299 300 299 300 299 299 301 299 298 302 301 299 300 298 299 298 299 299
594 618 537 553 444 389 440 463 506 577 682 652 605 591 581 497 446 415 439 520 572 475 408 375 365 355 355 355 419 367 352 425 447 392 381 370 358 349 344 334 327 324 321 319 317 318 316 314 313 310 312 310 307 304 303 303 301 301 302 302 303 304 302 301 301 302 299 299 299 300 303 304 303 302 301 298 301 301 298 299 298 302 298 298 301 301 299 298 300 299 298 299 298
498 505 492 583 490 386 388 430 482 538 647 559 533 519 502 442 425 406 452 522 540 468 394 376 360 354 341 356 370 390 372 345 371 360 365 369 356 343 334 329 323 322 319 318 316 313 314 313 313 312 311 308 308 305 304 302 302 301 302 301 305 304 302 301 301 302 301 299 298 299 300 305 302 300 303 301 299 299 298 298 298 301 298 300 298 300 299 297 299 299 297 297 297
431 416 480 530 492 403 424 447 507 593 657 583 533 469 444 423 408 399 425 441 416 398 386 366 354 347 342 363 408 468 455 357 332 340 366 361 346 337 329 325 319 319 317 315 314 313 311 309 308 311 309 307 305 304 304 303 302 301 302 300 302 305 304 300 302 299 300 299 299 299 300 303 305 302 302 301 299 298 299 299 299 301 300 301 298 297 301 299 296 297 298 297 298
402 398 437 504 525 442 385 407 462 565 662 569 520 456 435 421 408 410 439 423 382 377 377 363 354 348 346 392 464 488 432 349 332 335 357 349 339 332 322 322 320 317 317 315 313 313 310 310 310 310 309 307 305 304 304 305 303 302 301 301 302 307 301 299 301 302 300 298 298 300 300 300 303 306 302 299 299 298 297 298 301 299 300 300 298 296 299 301 298 298 297 298 298
442 399 424 476 503 460 421 369 438 538 611 538 495 460 428 414 409 423 472 473 414 376 364 361 354 351 358 412 484 421 400 339 328 331 342 335 330 326 324 320 319 317 316 315 313 312 311 310 310 310 308 307 305 304 303 304 303 301 300 299 302 306 303 300 298 301 302 299 298 297 300 300 302 302 303 299 299 298 298 298 298 299 299 300 299 297 296 298 301 297 296 295 299
452 416 379 437 527 517 454 384 460 510 567 529 457 435 417 408 401 442 478 445 423 401 369 363 359 359 381 444 455 391 369 354 335 329 330 332 328 327 326 323 321 318 317 316 313 313 312 311 310 309 308 307 305 303 302 302 300 300 299 300 299 303 301 300 298 300 301 298 298 299 297 297 298 299 304 302 299 299 298 298 298 298 299 299 297 296 296 298 300 298 297 298 297
469 445 386 371 445 525 445 377 450 526 531 469 428 420 406 404 400 467 462 460 443 413 381 371 363 357 374 399 424 409 376 360 341 330 325 326 324 326 325 324 321 320 317 315 314 313 312 310 308 308 308 306 305 305 304 304 300 301 299 298 300 301 300 297 297 298 300 300 300 298 296 297 298 297 303 304 299 298 297 297 298 297 297 300 297 296 297 299 296 297 298 296 296
489 452 414 368 402 445 385 398 414 448 502 435 417 405 397 394 397 438 460 446 434 405 379 367 360 358 364 404 432 416 389 371 344 331 325 324 322 323 322 321 321 317 317 316 316 313 312 311 308 308 306 305 305 305 302 301 300 300 299 300 300 300 299 296 296 296 298 299 297 296 296 296 298 298 303 304 299 297 297 297 297 297 297 298 299 296 298 297 296 297 299 299 297
465 447 424 376 374 383 391 464 519 510 458 434 419 410 386 386 392 410 416 426 445 417 377 367 372 373 381 401 405 405 393 363 340 330 323 323 322 325 321 320 318 318 316 315 314 314 312 310 309 308 307 305 304 304 303 299 298 299 298 298 300 299 300 297 297 297 297 300 297 296 297 297 297 299 299 302 302 298 297 296 298 297 296 298 301 299 299 297 297 297 299 300 297
475 459 398 351 370 410 434 469 551 502 493 434 407 394 383 390 396 393 394 412 427 405 378 378 413 422 406 403 385 378 380 355 329 328 325 321 323 324 320 318 317 316 316 317 315 315 313 310 309 307 305 305 303 300 300 300 298 298 298 298 300 301 300 297 295 297 297 299 295 296 296 297 296 298 298 301 301 300 301 299 298 298 297 299 297 299 297 296 297 296 296 297 296
475 426 409 355 360 433 476 491 528 501 507 424 399 387 375 389 380 386 382 384 396 391 393 408 410 424 431 419 397 378 357 340 327 323 321 321 320 322 321 318 316 316 315 315 315 314 313 309 307 307 304 304 303 299 299 299 298 297 297 301 299 299 300 297 296 296 297 297 296 295 296 296 296 298 298 298 297 300 299 301 299 299 297 298 297 297 297 299 296 295 297 297 296
459 405 370 356 349 396 451 517 516 505 494 432 390 382 377 374 382 376 374 370 375 372 379 405 418 411 407 411 388 363 343 332 327 322 320 321 319 319 319 316 316 316 314 313 313 312 310 310 308 308 305 304 303 302 301 299 297 297 298 301 300 299 299 297 296 296 296 297 297 295 294 296 297 298 296 297 295 298 297 299 301 298 298 296 295 295 298 299 297 296 297 296 298
420 390 337 343 361 393 427 493 506 505 448 408 393 429 422 403 376 371 369 361 360 362 370 396 425 425 391 385 376 347 329 326 320 319 319 319 318 316 318 316 315 315 314 312 312 309 309 309 307 306 305 305 305 302 299 297 298 297 298 299 299 299 298 299 297 299 297 297 296 295 295 295 296 297 298 296 295 296 296 299 301 298 296 297 297 294 298 299 297 297 296 295 297
384 375 339 349 392 436 474 509 529 519 460 409 412 423 412 411 372 372 369 363 354 359 370 402 419 405 381 367 355 338 328 324 318 314 315 318 317 316 315 314 314 314 313 313 309 309 308 307 306 304 304 303 305 302 300 299 298 296 297 301 300 299 298 299 298 297 297 296 295 296 295 295 295 296 297 295 298 296 295 298 301 296 297 296 296 295 298 298 296 300 297 296 297
405 352 347 384 421 409 447 499 579 570 480 446 429 391 378 371 366 362 362 373 353 362 379 402 405 384 364 356 343 330 325 320 314 313 317 316 316 314 314 313 313 313 312 311 309 309 306 306 305 303 303 302 302 302 300 299 299 297 296 299 300 299 300 300 299 297 296 295 295 296 295 295 295 296 297 296 296 294 295 297 298 301 298 296 296 295 297 297 294 297 297 296 295
