DEM/DEM7.asc
ncols 800
nrows 800
xllcenter 480150.000000
yllcenter 2000150.000000
cellsize 300.000000
nodata_value -9999
[rows 492 to 532 of 800, columns 0 to 92 of 800]
1145 1067 1076 1145 1153 1210 1260 1368 1391 1384 1360 1229 1149 1093 1037 986 926 895 880 831 821 787 729 696 670 604 555 527 477 457 435 420 379 353 341 354 361 361 350 345 348 349 343 341 331 324 321 320 319 317 317 318 317 317 315 314 317 317 315 313 315 317 317 321 322 321 323 315 329 330 333 337 335 338 343 346 343 341 343 348 359 367 378 378 378 368 356 356 368 363 365 361 356
1109 1102 1016 1030 1083 1145 1218 1293 1369 1345 1326 1244 1138 1052 1001 965 929 912 898 834 764 733 697 656 620 618 586 525 471 425 401 375 359 354 346 345 350 355 355 339 344 354 342 340 334 332 322 320 320 318 319 317 317 316 318 316 318 316 313 314 312 314 317 317 321 320 322 322 322 330 328 337 341 340 341 339 338 339 344 349 356 364 367 380 384 375 359 347 355 354 360 356 346
1004 1027 992 974 1023 1084 1136 1181 1261 1258 1228 1155 1128 1065 998 984 939 915 913 858 785 753 745 707 646 652 619 582 524 465 422 389 355 346 348 341 343 354 347 337 340 348 355 351 341 333 329 322 318 317 316 316 316 315 316 314 317 316 314 314 313 314 314 315 318 318 317 320 323 325 331 336 338 340 340 336 339 342 347 347 350 354 360 372 369 370 361 347 347 346 352 352 342
998 950 998 970 933 964 1022 1116 1144 1168 1163 1083 1045 991 947 940 914 890 895 846 819 782 740 721 686 680 635 606 542 503 452 394 359 344 342 339 338 340 339 334 334 337 344 345 343 338 331 323 318 316 315 315 315 315 315 315 315 316 315 313 313 314 312 314 315 316 317 318 322 323 332 338 337 335 334 335 339 341 340 341 345 347 352 356 355 361 357 344 343 344 348 344 341
988 951 965 1025 970 875 923 1011 1057 1055 1060 1010 966 900 869 870 832 814 852 850 826 810 777 741 717 656 589 556 536 512 477 409 363 346 341 339 339 338 334 333 333 333 331 330 335 338 331 329 323 316 314 315 314 316 314 315 314 317 316 312 311 312 312 313 315 316 317 315 318 318 329 331 332 332 333 336 338 336 334 334 338 343 344 345 342 348 345 340 338 338 338 337 340
1018 1018 919 956 928 826 855 955 959 920 893 898 887 825 799 804 775 772 815 820 807 763 699 660 651 628 565 522 491 448 431 397 365 352 344 344 345 342 341 338 340 343 335 329 330 333 331 330 325 319 314 317 315 314 313 315 314 316 317 312 312 312 312 311 313 315 317 316 318 318 324 332 329 329 334 335 334 338 335 332 334 338 335 336 338 339 339 336 335 334 334 334 335
1029 967 860 847 837 793 807 909 856 829 818 816 795 761 713 736 711 723 775 757 701 676 633 607 597 575 550 520 502 457 410 380 384 362 349 349 355 352 357 351 345 339 335 327 326 328 330 330 327 322 314 314 313 313 315 313 315 314 317 314 313 311 312 310 313 313 316 319 318 319 321 329 328 329 331 332 333 333 333 331 330 331 329 331 334 332 332 334 332 330 332 332 331
1020 947 857 804 778 774 779 853 810 786 798 760 750 750 690 704 687 693 699 696 653 632 594 583 556 553 535 546 533 488 442 401 377 363 353 355 356 364 363 356 348 354 342 332 324 324 326 327 325 323 319 318 315 315 314 314 314 314 316 314 314 311 311 311 311 312 312 317 319 322 321 325 325 330 332 332 329 329 330 329 325 327 326 327 327 328 330 329 329 329 330 330 331
1009 994 936 858 845 803 771 806 800 766 826 798 712 723 704 660 662 642 625 619 588 569 547 544 534 530 540 560 555 511 482 432 391 372 359 360 361 378 369 358 353 349 340 334 327 324 324 322 322 321 321 319 314 317 313 312 313 311 316 315 315 313 311 311 312 311 312 317 320 324 325 323 323 331 331 330 330 329 327 329 325 321 323 325 324 325 327 326 328 328 328 328 329
1050 1038 976 955 925 937 865 770 789 757 799 751 706 694 686 677 652 657 670 711 687 643 614 586 560 552 589 574 557 545 515 465 453 401 377 370 380 385 376 364 362 352 348 340 330 326 322 321 321 322 319 317 317 315 315 313 311 315 316 313 312 313 311 312 312 312 314 317 318 322 323 322 324 327 328 328 326 326 326 324 321 321 320 320 322 323 325 325 324 325 327 327 327
1068 1040 935 922 824 858 854 758 758 743 761 768 792 732 753 720 677 719 719 758 763 742 672 626 582 591 634 591 560 541 517 499 486 482 429 384 388 387 367 369 370 360 347 340 339 332 323 322 325 324 324 322 319 316 319 316 315 314 315 313 311 311 310 311 311 312 313 315 316 319 322 320 319 320 326 328 327 324 322 320 319 318 317 320 321 322 322 321 324 324 323 324 325
976 971 933 856 796 791 810 755 740 752 781 836 807 731 740 726 736 747 767 815 802 782 703 655 617 630 621 590 576 543 516 500 488 500 475 424 394 400 383 386 373 360 351 364 366 344 332 325 326 329 327 326 323 322 322 314 311 315 316 313 312 312 310 311 310 310 310 313 316 317 319 320 319 318 319 322 322 320 321 319 317 316 316 317 317 320 319 320 322 322 320 323 324
849 880 856 844 827 771 758 748 750 776 850 887 830 756 748 737 792 805 846 846 820 774 738 682 642 640 633 619 605 538 508 510 489 490 453 441 426 400 386 380 375 368 359 363 370 364 346 329 330 329 327 326 323 321 320 315 314 314 314 315 312 313 310 310 310 310 310 312 311 315 317 317 318 316 315 317 321 319 318 318 316 316 316 317 316 317 317 318 319 320 320 321 321
780 802 795 779 773 762 757 776 781 817 907 944 875 808 792 768 827 865 893 914 812 759 767 735 696 665 657 646 579 534 532 499 503 548 488 456 433 402 383 380 383 379 366 357 354 353 346 332 332 328 328 327 324 319 319 314 316 313 315 313 313 312 312 310 311 309 309 309 309 313 315 315 315 314 313 313 315 316 316 317 318 318 315 315 315 314 318 318 319 318 319 320 320
795 770 780 763 773 811 795 800 851 910 954 991 894 885 828 781 818 852 908 944 841 812 864 812 731 719 698 653 615 576 526 526 556 555 504 476 450 411 384 377 370 368 364 367 363 354 340 337 336 333 328 326 325 320 317 312 314 314 315 312 314 311 310 310 311 309 309 309 309 310 315 313 314 311 310 310 311 316 318 320 317 316 313 314 314 314 315 316 316 318 320 320 321
796 768 762 758 784 850 902 849 916 1018 1049 1043 931 888 836 798 851 862 948 982 915 892 969 883 789 783 749 703 631 575 586 585 572 550 542 491 446 427 400 377 371 371 363 354 359 345 345 352 352 344 334 327 323 321 318 315 314 314 314 316 312 311 310 308 311 311 311 309 309 310 313 314 313 312 310 310 310 314 318 318 315 313 311 312 314 314 314 318 318 319 320 318 322
832 777 766 768 800 866 952 915 934 1004 1106 1108 968 904 837 816 851 912 994 1010 941 959 1024 940 890 862 782 682 653 646 617 618 633 655 646 570 508 468 420 392 372 373 365 360 366 360 358 368 369 359 344 332 326 322 322 319 314 314 313 314 312 311 309 308 309 310 310 309 308 309 311 312 312 311 310 310 309 310 317 317 313 312 312 314 314 315 318 317 317 318 318 317 321
837 799 816 784 800 884 978 965 975 1038 1118 1143 1001 909 891 851 906 950 1062 1096 1034 1049 1046 922 857 800 732 705 685 629 642 680 692 716 672 646 585 556 494 447 388 367 359 357 362 366 359 363 362 353 344 334 325 324 320 317 314 311 315 313 312 309 309 309 309 308 309 310 309 309 310 312 312 311 310 309 309 310 312 313 311 312 313 317 317 317 317 316 316 317 318 318 319
870 853 895 823 790 849 938 1023 995 1065 1188 1174 1036 944 956 924 962 1054 1111 1170 1153 1103 1073 924 828 767 752 721 663 706 734 764 746 719 692 685 641 583 535 491 430 391 370 356 354 361 358 351 348 346 340 336 327 324 321 315 312 313 314 312 313 310 308 309 309 308 309 307 308 309 310 311 311 312 311 308 308 310 310 312 313 313 313 315 315 314 314 315 317 317 317 318 321
949 916 906 849 798 829 893 936 1049 1068 1212 1181 1082 1019 1002 996 1042 1076 1143 1213 1189 1149 1044 936 861 822 780 696 707 820 859 817 754 726 720 704 645 592 536 493 449 421 381 363 354 356 357 353 352 354 353 342 325 323 320 315 314 313 313 313 313 311 308 308 308 309 308 307 308 309 310 311 310 312 309 309 308 310 311 311 313 313 315 316 315 314 315 316 316 317 318 319 321
952 1000 907 862 819 808 853 907 1056 1108 1176 1199 1148 1081 1014 1022 1134 1144 1197 1278 1249 1234 1095 921 878 829 719 702 794 920 888 822 749 751 766 720 653 602 546 508 485 453 406 376 353 358 352 346 345 353 352 337 322 320 318 316 313 311 310 312 313 310 308 308 308 307 307 308 309 313 309 309 309 311 307 307 309 310 310 312 313 313 315 314 315 316 315 314 317 319 319 318 320
994 1036 954 895 877 823 836 907 1045 1181 1193 1243 1249 1148 1069 1062 1172 1260 1325 1369 1353 1273 1112 895 831 815 728 778 910 893 815 788 782 800 812 774 719 642 564 540 524 489 447 408 368 344 353 347 340 340 336 329 322 320 320 315 312 314 310 314 312 309 308 307 307 307 308 309 311 311 309 308 308 310 309 308 309 308 310 311 313 311 312 314 315 314 315 316 318 320 317 317 321
1105 1089 1034 995 908 856 848 903 981 1091 1238 1285 1273 1161 1111 1132 1196 1301 1382 1394 1306 1256 1111 925 828 782 736 814 909 893 856 870 891 920 892 894 851 734 637 621 580 544 511 469 418 371 347 344 341 335 334 328 324 322 319 313 312 310 312 312 312 310 308 308 307 307 307 307 308 308 306 308 308 309 308 309 308 310 309 311 311 311 312 315 317 315 319 318 319 316 317 316 319
1079 1145 1123 1047 982 896 865 896 1013 1096 1208 1316 1292 1204 1173 1192 1236 1315 1388 1382 1311 1262 1183 978 870 797 777 814 864 900 919 964 1007 1023 1010 942 850 769 709 721 700 653 608 530 492 420 362 338 338 338 334 331 331 324 321 315 313 310 307 309 311 309 309 308 307 306 306 308 307 306 307 309 308 308 307 310 315 314 311 310 311 312 312 316 318 319 315 316 316 316 317 317 317
1074 1127 1176 1106 1054 985 923 915 1003 1121 1248 1293 1282 1278 1294 1272 1295 1355 1430 1409 1345 1267 1185 1059 927 838 835 873 884 935 1032 1063 1051 1119 1116 959 887 816 797 786 713 662 625 583 529 460 385 346 335 343 340 344 334 323 322 318 317 311 309 309 310 312 309 309 308 307 307 307 307 307 308 307 307 308 310 310 309 311 312 313 313 312 315 317 316 313 314 315 315 317 318 316 317
1150 1166 1217 1185 1134 1048 987 955 1046 1172 1246 1235 1227 1231 1289 1311 1373 1454 1471 1376 1332 1280 1197 1038 909 849 901 966 1015 1018 1158 1229 1136 1119 1038 960 928 889 923 827 736 696 657 600 529 475 407 359 334 340 337 346 334 324 324 321 317 312 309 311 311 311 310 310 310 309 307 308 308 307 307 309 308 307 307 308 309 307 309 312 312 316 316 312 313 314 314 314 316 315 317 317 315
1175 1174 1195 1239 1237 1135 1074 1018 1027 1105 1121 1138 1186 1203 1267 1306 1393 1476 1432 1354 1278 1234 1179 979 882 906 1010 1104 1133 1170 1205 1245 1130 1123 1057 995 1020 988 987 868 817 753 681 607 527 473 418 358 336 332 330 335 329 322 322 318 315 315 311 309 310 309 311 311 309 309 309 309 309 308 308 309 308 308 308 309 309 311 311 312 314 316 314 312 312 315 316 315 314 314 314 314 315
1120 1055 1076 1138 1138 1152 1180 1105 1067 1028 1038 1082 1139 1187 1231 1253 1358 1420 1398 1319 1249 1166 1091 940 921 1030 1110 1151 1193 1225 1256 1240 1183 1242 1187 1099 1033 1050 985 923 868 791 737 664 592 542 463 388 352 338 328 326 324 322 318 317 316 314 311 310 311 311 308 309 308 309 309 308 310 309 309 309 310 312 312 312 313 312 312 314 314 314 314 314 314 314 314 314 313 314 314 314 315
1005 937 935 961 958 1017 1149 1169 1071 999 964 1061 1098 1138 1154 1214 1318 1381 1428 1314 1252 1168 1072 958 992 1098 1144 1204 1300 1387 1365 1276 1280 1324 1292 1166 1114 1101 1085 1000 918 841 804 748 659 582 482 399 362 354 338 329 324 324 321 322 318 313 312 309 309 311 308 309 308 308 308 310 312 309 308 308 312 309 308 310 310 310 309 312 314 315 313 313 313 313 312 313 313 313 317 315 314
1034 901 855 862 878 940 1058 1145 1063 983 934 1040 1106 1088 1148 1203 1261 1368 1467 1347 1237 1167 1061 996 1035 1116 1176 1254 1440 1442 1384 1328 1337 1343 1267 1160 1120 1067 1085 1032 937 863 846 760 672 601 532 424 369 350 345 330 329 326 326 323 321 315 311 309 309 311 311 308 306 306 307 308 310 308 308 308 310 310 308 308 308 308 308 313 313 316 313 312 312 311 311 314 313 313 315 313 315
1029 935 856 808 826 872 959 1088 1067 969 916 1000 1035 1052 1133 1168 1255 1318 1381 1437 1325 1210 1093 1111 1138 1185 1342 1446 1436 1382 1330 1345 1334 1309 1210 1124 1077 1029 1002 964 898 823 796 735 642 609 536 429 383 345 340 333 332 330 328 325 321 320 311 309 309 311 311 310 307 306 307 308 310 310 310 309 310 309 306 307 308 309 310 312 313 311 312 313 311 310 313 312 312 313 314 312 313
1032 998 867 786 782 843 904 993 1076 984 892 942 954 1009 1084 1170 1236 1211 1313 1450 1401 1239 1177 1248 1287 1394 1498 1564 1464 1378 1324 1319 1291 1230 1165 1113 1091 1055 997 923 883 853 798 754 682 646 557 456 397 360 333 332 333 329 328 325 319 317 314 310 308 310 310 312 307 306 308 309 309 308 310 309 310 307 307 307 308 309 310 309 311 313 312 312 311 311 313 312 311 314 312 314 312
954 1018 893 799 744 802 873 948 1047 983 898 894 940 1011 1077 1131 1175 1192 1319 1426 1384 1332 1289 1336 1378 1510 1603 1559 1462 1403 1358 1286 1254 1171 1113 1070 1076 1100 1067 936 840 803 787 745 710 633 535 445 392 359 343 338 330 328 326 324 318 320 315 310 309 310 310 310 309 307 307 308 308 309 310 307 309 308 306 306 308 308 309 310 311 312 311 312 311 311 311 311 313 313 312 311 314
951 1023 903 790 722 768 831 910 993 958 907 867 946 1021 1027 1057 1119 1168 1284 1401 1331 1311 1377 1458 1513 1590 1661 1591 1483 1443 1367 1302 1242 1160 1123 1068 1052 1047 1025 907 815 768 769 729 672 589 504 430 378 352 338 335 331 325 322 321 325 322 317 309 308 309 310 311 310 310 309 309 309 308 307 310 310 309 306 306 306 309 312 310 312 313 311 311 310 311 311 310 313 313 312 310 312
914 956 858 763 704 754 797 858 947 964 902 856 924 998 965 985 1028 1120 1294 1364 1282 1254 1339 1450 1498 1523 1617 1651 1578 1527 1450 1314 1247 1226 1202 1151 1068 965 958 924 823 795 788 716 629 557 473 416 375 342 334 334 329 325 328 325 323 321 318 308 306 308 310 311 312 310 308 309 309 309 309 311 311 309 306 306 308 309 308 309 311 313 309 310 312 313 309 311 310 312 310 311 309
850 852 872 773 697 730 772 816 909 981 887 840 906 951 915 963 1052 1140 1326 1320 1219 1181 1289 1367 1411 1463 1575 1617 1560 1482 1409 1283 1203 1164 1136 1151 1121 995 923 872 805 780 755 689 620 553 483 413 369 344 339 337 333 328 326 322 320 318 318 315 309 308 307 308 311 310 311 308 309 310 310 310 310 308 307 306 306 308 308 310 309 311 308 311 310 311 308 311 311 310 312 311 310
791 749 823 779 705 686 742 783 869 973 897 819 862 878 883 971 1067 1182 1261 1218 1111 1104 1218 1263 1340 1406 1516 1545 1492 1425 1374 1272 1181 1100 1050 1042 1054 1047 961 911 812 757 727 666 602 542 467 410 371 343 335 335 331 326 326 325 322 321 316 316 314 309 308 310 311 312 310 308 307 309 308 307 308 308 306 308 309 308 309 308 310 310 309 308 311 311 309 309 311 309 310 309 309
743 688 756 751 682 648 686 732 814 954 955 847 805 822 858 941 1041 1192 1209 1159 1035 1029 1118 1211 1262 1344 1416 1496 1502 1431 1391 1286 1213 1135 1079 1018 993 986 895 836 775 741 700 640 590 523 450 384 358 342 337 335 330 329 328 322 322 323 317 318 311 307 309 311 310 311 310 309 309 306 307 309 310 307 305 308 309 310 308 307 310 309 308 306 309 308 309 307 308 308 308 307 310
693 657 688 717 677 634 655 697 785 921 985 870 795 796 860 966 1039 1166 1168 1075 968 966 1053 1173 1234 1319 1423 1518 1531 1503 1448 1343 1240 1170 1089 1033 991 903 812 735 708 695 686 620 569 528 438 380 354 341 337 336 330 324 324 321 319 318 317 316 313 308 309 311 311 309 311 309 310 307 309 306 305 308 308 308 308 310 308 310 310 306 308 308 307 305 309 308 308 307 306 308 310
655 638 658 664 697 632 630 667 767 884 929 906 826 769 817 882 970 1070 1073 1010 918 910 1070 1205 1254 1325 1450 1534 1573 1538 1466 1415 1310 1272 1159 1066 998 912 835 754 697 646 611 547 526 500 419 371 350 336 334 332 329 325 324 322 320 317 315 316 313 310 308 309 310 310 309 310 311 310 310 309 309 309 308 308 309 309 306 308 308 306 307 308 307 308 309 307 307 307 309 311 309
663 643 638 641 688 634 628 643 725 814 889 888 820 811 779 804 894 1026 966 910 869 883 1024 1171 1225 1298 1409 1458 1516 1513 1424 1360 1324 1316 1253 1169 1071 990 936 848 748 668 631 566 506 474 404 363 343 336 333 329 329 325 324 321 321 319 318 316 314 312 312 309 307 310 310 310 309 309 310 309 309 307 308 308 308 308 308 309 310 306 308 308 305 306 307 307 306 308 307 309 308
