DEM/DEM7.asc
ncols 800
nrows 800
xllcenter 480150.000000
yllcenter 2000150.000000
cellsize 300.000000
nodata_value -9999
[rows 246 to 286 of 800, columns 651 to 743 of 800]
-9999 -9999 -9999 -9999 -9999 -9999 -9999 -9999 -9999 -9999 -9999 -9999 -9999 -9999 -9999 -9999 -9999 -9999 -9999 -9999 -9999 -9999 -9999 -9999 -9999 -9999 -9999 -9999 -9999 -9999 -9999 -9999 -9999 -9999 -9999 -9999 -9999 -9999 -9999 -9999 -9999 -9999 -9999 -9999 -9999 -9999 -9999 -9999 -9999 -9999 -9999 -9999 -9999 -9999 -9999 -9999 -9999 -9999 -9999 -9999 -9999 -9999 -9999 785 825 793 750 717 711 667 667 613 603 579 503 494 498 476 506 519 485 473 452 427 414 402 397 420 441 407 415 456 471
-9999 -9999 -9999 -9999 -9999 -9999 -9999 -9999 -9999 -9999 -9999 -9999 -9999 -9999 -9999 -9999 -9999 -9999 -9999 -9999 -9999 -9999 -9999 -9999 -9999 -9999 -9999 -9999 -9999 -9999 -9999 -9999 -9999 -9999 -9999 -9999 -9999 -9999 -9999 -9999 -9999 -9999 -9999 -9999 -9999 -9999 -9999 -9999 -9999 -9999 -9999 -9999 -9999 -9999 -9999 -9999 -9999 -9999 -9999 -9999 -9999 -9999 -9999 758 792 809 750 709 668 677 612 565 603 604 548 527 471 475 506 501 509 460 442 451 456 440 416 394 410 393 441 477 529
-9999 -9999 -9999 -9999 -9999 -9999 -9999 -9999 -9999 -9999 -9999 -9999 -9999 -9999 -9999 -9999 -9999 -9999 -9999 -9999 -9999 -9999 -9999 -9999 -9999 -9999 -9999 -9999 -9999 -9999 -9999 -9999 -9999 -9999 -9999 -9999 -9999 -9999 -9999 -9999 -9999 -9999 -9999 -9999 -9999 -9999 -9999 -9999 -9999 -9999 -9999 -9999 -9999 -9999 -9999 -9999 -9999 -9999 -9999 -9999 -9999 -9999 -9999 818 827 825 747 677 632 667 599 572 577 594 538 498 464 458 476 461 509 489 470 454 443 437 443 404 386 405 455 487 482
-9999 -9999 -9999 -9999 -9999 -9999 -9999 -9999 -9999 -9999 -9999 -9999 -9999 -9999 -9999 -9999 -9999 -9999 -9999 -9999 -9999 -9999 -9999 -9999 -9999 -9999 -9999 -9999 -9999 -9999 -9999 -9999 -9999 -9999 -9999 -9999 -9999 -9999 -9999 -9999 -9999 -9999 -9999 -9999 -9999 -9999 -9999 -9999 -9999 -9999 -9999 -9999 -9999 -9999 -9999 -9999 -9999 -9999 -9999 -9999 -9999 859 855 869 810 756 741 700 623 568 536 531 519 557 548 491 473 464 433 462 480 466 444 435 422 422 416 402 383 412 438 428 430
-9999 -9999 -9999 -9999 -9999 -9999 -9999 -9999 -9999 -9999 -9999 -9999 -9999 -9999 -9999 -9999 -9999 -9999 -9999 -9999 -9999 -9999 -9999 -9999 -9999 -9999 -9999 -9999 -9999 -9999 -9999 -9999 -9999 -9999 -9999 -9999 -9999 -9999 -9999 -9999 -9999 -9999 -9999 -9999 -9999 -9999 -9999 -9999 -9999 -9999 -9999 -9999 -9999 -9999 -9999 -9999 -9999 -9999 -9999 -9999 -9999 852 789 826 788 724 692 711 683 620 575 543 493 500 490 499 515 455 426 443 435 450 457 433 448 431 420 381 402 405 414 444 485
-9999 -9999 -9999 -9999 -9999 -9999 -9999 -9999 -9999 -9999 -9999 -9999 -9999 -9999 -9999 -9999 -9999 -9999 -9999 -9999 -9999 -9999 -9999 -9999 -9999 -9999 -9999 -9999 -9999 -9999 -9999 -9999 -9999 -9999 -9999 -9999 -9999 -9999 -9999 -9999 -9999 -9999 -9999 -9999 -9999 -9999 -9999 -9999 -9999 -9999 -9999 -9999 -9999 -9999 -9999 -9999 -9999 -9999 -9999 -9999 -9999 842 765 808 791 787 698 640 615 593 611 598 544 502 450 482 483 472 466 424 427 434 454 431 428 407 395 373 398 395 443 516 564
-9999 -9999 -9999 -9999 -9999 -9999 -9999 -9999 -9999 -9999 -9999 -9999 -9999 -9999 -9999 -9999 -9999 -9999 -9999 -9999 -9999 -9999 -9999 -9999 -9999 -9999 -9999 -9999 -9999 -9999 -9999 -9999 -9999 -9999 -9999 -9999 -9999 -9999 -9999 -9999 -9999 -9999 -9999 -9999 -9999 -9999 -9999 -9999 -9999 -9999 -9999 -9999 -9999 -9999 -9999 -9999 -9999 -9999 822 888 834 784 752 773 748 790 781 695 589 561 569 565 517 472 441 447 437 428 414 424 402 438 440 446 434 418 389 373 394 419 459 504 547
-9999 -9999 -9999 -9999 -9999 -9999 -9999 -9999 -9999 -9999 -9999 -9999 -9999 -9999 -9999 -9999 -9999 -9999 -9999 -9999 -9999 -9999 -9999 -9999 -9999 -9999 -9999 -9999 -9999 -9999 -9999 -9999 -9999 -9999 -9999 -9999 -9999 -9999 -9999 -9999 -9999 -9999 -9999 -9999 -9999 -9999 -9999 -9999 -9999 -9999 -9999 -9999 -9999 -9999 -9999 -9999 -9999 -9999 842 835 799 802 750 711 740 788 775 689 624 616 549 507 490 475 479 461 453 446 449 424 399 391 418 425 418 411 398 374 397 432 478 516 543
-9999 -9999 -9999 -9999 -9999 -9999 -9999 -9999 -9999 -9999 -9999 -9999 -9999 -9999 -9999 -9999 -9999 -9999 -9999 -9999 -9999 -9999 -9999 -9999 -9999 -9999 -9999 -9999 -9999 -9999 -9999 -9999 -9999 -9999 -9999 -9999 -9999 -9999 -9999 -9999 -9999 -9999 -9999 -9999 -9999 -9999 -9999 -9999 -9999 -9999 -9999 -9999 -9999 -9999 -9999 -9999 780 831 856 775 747 797 804 732 686 739 715 640 614 616 603 558 518 476 517 472 466 492 472 450 434 405 391 408 405 406 405 373 410 469 503 531 512
-9999 -9999 -9999 -9999 -9999 -9999 -9999 -9999 -9999 -9999 -9999 -9999 -9999 -9999 -9999 -9999 -9999 -9999 -9999 -9999 -9999 -9999 -9999 -9999 -9999 -9999 -9999 -9999 -9999 -9999 -9999 -9999 -9999 -9999 -9999 -9999 -9999 -9999 -9999 -9999 -9999 -9999 -9999 -9999 -9999 -9999 -9999 -9999 -9999 -9999 -9999 -9999 -9999 -9999 -9999 -9999 835 869 894 796 727 734 748 784 684 632 624 590 587 632 625 572 514 516 524 479 492 479 447 445 421 407 393 379 388 396 400 372 404 434 458 482 510
-9999 -9999 -9999 -9999 -9999 -9999 -9999 -9999 -9999 -9999 -9999 -9999 -9999 -9999 -9999 -9999 -9999 -9999 -9999 -9999 -9999 -9999 -9999 -9999 -9999 -9999 -9999 -9999 -9999 -9999 -9999 -9999 -9999 -9999 -9999 -9999 -9999 -9999 -9999 -9999 -9999 -9999 -9999 -9999 -9999 -9999 -9999 -9999 -9999 -9999 -9999 -9999 -9999 -9999 -9999 -9999 927 914 864 820 783 706 701 795 780 671 572 538 571 597 575 537 559 544 480 496 486 470 446 431 438 419 409 411 387 370 368 377 429 477 485 523 537
951 851 736 -9999 -9999 -9999 -9999 -9999 -9999 -9999 -9999 -9999 -9999 -9999 -9999 -9999 -9999 -9999 -9999 -9999 -9999 -9999 -9999 -9999 -9999 -9999 -9999 -9999 -9999 -9999 -9999 -9999 -9999 -9999 -9999 -9999 -9999 -9999 -9999 -9999 -9999 -9999 -9999 -9999 -9999 -9999 -9999 -9999 -9999 -9999 -9999 -9999 -9999 -9999 -9999 -9999 903 853 817 801 761 706 674 715 748 682 594 544 518 556 510 516 538 501 466 468 473 449 448 426 403 399 407 396 383 370 375 390 416 428 475 502 577
948 838 761 -9999 -9999 -9999 -9999 -9999 -9999 -9999 -9999 -9999 -9999 -9999 -9999 -9999 -9999 -9999 -9999 -9999 -9999 -9999 -9999 -9999 -9999 -9999 -9999 -9999 -9999 -9999 -9999 -9999 -9999 -9999 -9999 -9999 -9999 -9999 -9999 -9999 -9999 -9999 -9999 -9999 -9999 -9999 -9999 -9999 -9999 -9999 -9999 -9999 -9999 -9999 -9999 -9999 871 808 791 748 688 706 634 651 724 623 570 569 501 499 497 519 504 457 463 459 459 454 441 413 406 409 399 392 403 375 368 396 449 485 504 543 572
907 821 794 760 695 670 664 663 -9999 -9999 -9999 -9999 -9999 -9999 -9999 -9999 -9999 -9999 -9999 -9999 -9999 -9999 -9999 -9999 -9999 -9999 -9999 -9999 -9999 -9999 -9999 -9999 -9999 -9999 -9999 -9999 -9999 -9999 -9999 -9999 -9999 -9999 -9999 -9999 -9999 -9999 -9999 -9999 -9999 -9999 -9999 -9999 -9999 929 925 877 877 816 746 702 665 699 689 608 585 560 534 541 482 466 497 512 475 438 453 464 432 436 448 429 422 410 401 397 391 367 369 403 435 479 545 537 562
882 808 741 706 696 679 712 717 -9999 -9999 -9999 -9999 -9999 -9999 -9999 -9999 -9999 -9999 -9999 -9999 -9999 -9999 -9999 -9999 -9999 -9999 -9999 -9999 -9999 -9999 -9999 -9999 -9999 -9999 -9999 -9999 -9999 -9999 -9999 -9999 -9999 -9999 -9999 -9999 -9999 -9999 -9999 -9999 -9999 -9999 -9999 -9999 -9999 929 873 802 823 833 738 679 660 618 616 609 555 517 482 502 452 468 479 489 471 443 429 454 418 432 433 406 415 399 384 372 369 357 378 412 467 504 518 550 520
839 762 732 681 654 693 768 731 -9999 -9999 -9999 -9999 -9999 -9999 -9999 -9999 -9999 -9999 -9999 -9999 -9999 -9999 -9999 -9999 -9999 -9999 -9999 -9999 -9999 -9999 -9999 -9999 -9999 -9999 -9999 -9999 -9999 -9999 -9999 -9999 -9999 -9999 -9999 -9999 -9999 -9999 -9999 -9999 -9999 -9999 -9999 -9999 -9999 966 893 788 765 772 712 737 786 704 609 539 513 529 519 471 435 450 490 446 434 449 413 441 424 414 419 411 404 398 384 359 358 367 378 399 436 468 509 552 511
816 745 675 639 610 662 747 743 696 659 644 651 653 -9999 -9999 -9999 -9999 -9999 -9999 -9999 -9999 -9999 -9999 -9999 -9999 -9999 -9999 -9999 -9999 -9999 -9999 -9999 -9999 -9999 -9999 -9999 -9999 -9999 -9999 -9999 -9999 -9999 -9999 -9999 -9999 -9999 -9999 -9999 -9999 -9999 -9999 954 980 928 843 808 703 681 680 707 790 797 663 582 525 474 507 471 434 450 495 467 432 420 407 434 420 401 413 414 397 379 383 356 367 375 382 398 411 459 499 537 481
800 759 707 647 594 609 698 724 681 636 642 638 643 -9999 -9999 -9999 -9999 -9999 -9999 -9999 -9999 -9999 -9999 -9999 -9999 -9999 -9999 -9999 -9999 -9999 -9999 -9999 -9999 -9999 -9999 -9999 -9999 -9999 -9999 -9999 -9999 -9999 -9999 -9999 -9999 -9999 -9999 -9999 -9999 -9999 -9999 1021 957 917 861 786 730 639 640 718 792 805 696 587 535 463 477 463 425 471 462 465 457 432 407 406 428 409 401 403 408 399 367 360 373 368 381 385 394 435 485 489 443
785 817 745 665 592 570 633 631 631 572 596 586 623 640 657 635 628 653 642 634 640 654 651 -9999 -9999 -9999 -9999 -9999 -9999 -9999 -9999 -9999 -9999 -9999 -9999 -9999 -9999 -9999 -9999 -9999 -9999 -9999 -9999 -9999 -9999 -9999 -9999 -9999 861 927 994 985 914 847 836 766 685 651 596 667 725 765 658 585 561 491 448 422 439 470 446 461 433 416 414 387 417 400 381 397 397 389 359 374 370 367 386 387 374 402 464 459 419
719 799 771 686 589 551 596 602 598 547 542 548 565 587 632 671 673 672 680 665 680 663 672 -9999 -9999 -9999 -9999 -9999 -9999 -9999 -9999 -9999 -9999 -9999 -9999 -9999 -9999 -9999 -9999 -9999 -9999 -9999 -9999 -9999 -9999 -9999 -9999 -9999 845 924 986 944 872 832 749 733 686 647 568 594 671 707 615 558 513 472 443 431 419 429 437 443 429 409 395 382 408 403 386 393 393 388 370 352 351 358 375 358 359 372 409 395 419
687 779 743 680 572 519 540 563 564 549 517 551 587 587 598 631 685 662 668 672 683 667 691 -9999 -9999 -9999 -9999 -9999 -9999 -9999 -9999 -9999 -9999 -9999 -9999 -9999 -9999 -9999 -9999 -9999 -9999 -9999 -9999 -9999 -9999 -9999 -9999 -9999 889 911 931 880 862 772 767 680 685 682 623 542 553 586 526 542 529 483 473 453 407 423 435 411 407 403 399 387 414 403 390 384 384 378 363 350 350 354 356 349 352 370 415 427 458
628 726 719 630 568 512 493 550 525 551 518 533 549 602 628 659 681 615 596 623 634 677 704 713 696 700 -9999 -9999 -9999 -9999 -9999 -9999 -9999 -9999 -9999 -9999 -9999 -9999 -9999 -9999 -9999 -9999 -9999 -9999 -9999 -9999 -9999 -9999 935 828 811 807 784 768 726 707 661 621 621 606 529 486 485 516 504 484 489 465 397 414 427 404 398 387 374 404 401 398 385 378 369 368 353 344 349 354 357 349 354 378 417 461 489
611 711 708 649 572 506 472 530 515 541 497 537 596 620 592 599 667 622 570 583 619 667 706 732 703 721 -9999 -9999 -9999 -9999 -9999 -9999 -9999 -9999 -9999 -9999 -9999 -9999 -9999 -9999 -9999 -9999 -9999 -9999 -9999 -9999 -9999 -9999 866 765 683 719 699 698 733 678 677 680 638 535 556 511 477 453 451 459 472 443 386 422 406 402 420 399 381 398 384 384 379 371 358 363 347 349 365 354 349 349 351 370 424 443 468
660 681 712 676 590 491 467 524 490 479 493 541 556 578 561 600 645 605 595 565 591 618 663 716 729 742 768 812 -9999 -9999 -9999 -9999 -9999 -9999 -9999 -9999 -9999 -9999 -9999 -9999 -9999 -9999 -9999 1008 1024 990 931 856 826 714 643 667 685 686 687 699 655 630 620 519 489 478 500 438 424 459 475 422 383 416 415 400 408 389 368 399 370 369 365 367 349 343 345 364 373 353 347 348 356 364 361 384 400
597 644 672 636 577 490 456 501 501 481 486 529 554 540 538 555 557 549 604 603 549 584 640 683 737 757 766 795 -9999 -9999 -9999 -9999 -9999 -9999 -9999 -9999 -9999 -9999 -9999 -9999 -9999 -9999 -9999 1117 1081 1004 885 778 725 648 599 601 662 662 633 629 638 654 606 529 489 459 444 430 421 472 487 434 396 384 409 398 392 386 367 371 368 355 360 346 350 353 362 369 373 361 360 367 397 435 411 414 455
561 640 639 592 544 516 470 488 487 452 512 538 505 489 491 532 531 585 597 570 537 596 638 604 662 674 733 786 -9999 -9999 -9999 -9999 -9999 -9999 -9999 -9999 -9999 -9999 -9999 -9999 -9999 -9999 -9999 1072 1074 951 843 753 705 666 627 580 569 626 659 627 565 564 570 603 527 461 428 407 401 440 476 447 426 401 405 414 407 392 372 356 352 356 347 346 358 361 364 370 375 375 376 407 463 509 511 450 507
546 625 588 584 543 484 462 472 475 443 481 519 513 465 502 498 528 597 630 588 527 539 584 577 619 628 674 718 779 827 837 -9999 -9999 -9999 -9999 -9999 -9999 -9999 -9999 -9999 -9999 1089 1018 976 1039 972 886 822 783 741 725 677 576 561 605 630 608 526 498 529 512 478 463 443 416 394 416 417 406 399 390 398 398 387 361 345 338 346 356 362 375 370 376 378 375 389 406 408 481 495 556 526 533
584 562 543 545 494 461 461 444 476 457 447 480 458 459 472 503 561 547 547 539 524 506 532 575 609 645 675 708 779 850 856 -9999 -9999 -9999 -9999 -9999 -9999 -9999 -9999 -9999 -9999 1027 938 884 959 954 916 903 800 741 692 663 663 576 519 539 587 576 490 460 450 463 457 465 454 434 401 382 404 372 402 394 375 374 362 343 353 356 368 365 367 382 378 387 384 412 475 471 457 487 541 621 650
569 530 511 528 490 436 442 421 438 463 452 430 440 470 498 510 505 507 504 483 506 576 619 641 679 701 715 763 854 883 913 937 928 -9999 -9999 -9999 -9999 -9999 1147 1159 1108 983 888 796 855 843 802 858 790 677 634 593 597 608 525 483 532 555 479 424 421 456 433 438 448 428 395 383 413 374 398 374 366 361 339 341 370 374 366 374 369 380 378 394 401 448 499 498 541 548 534 560 644
548 538 505 499 490 458 422 418 430 463 430 479 470 460 463 447 454 459 468 520 541 540 584 613 691 783 809 820 900 910 940 971 1017 -9999 -9999 -9999 -9999 -9999 1215 1232 1112 962 848 745 745 745 731 824 838 753 693 604 535 505 501 464 489 526 483 426 414 440 423 453 431 399 397 366 378 357 396 375 357 357 335 362 379 384 380 383 374 374 384 397 427 499 550 543 597 644 611 598 636
495 523 508 485 466 445 440 419 436 452 448 461 433 434 457 471 465 472 495 566 637 621 639 676 659 684 773 804 791 816 913 1019 1062 -9999 -9999 -9999 -9999 -9999 1279 1212 1097 932 844 777 724 703 677 690 742 766 706 679 608 538 511 468 448 471 493 454 420 414 435 455 428 413 409 370 351 386 395 350 344 338 346 361 371 374 384 388 383 374 389 421 459 530 593 631 636 697 685 669 695
451 495 491 456 456 448 421 419 428 418 425 423 453 479 479 477 481 517 560 563 638 736 742 776 788 729 676 707 760 863 909 1051 1116 1064 1091 1119 1167 1273 1286 1157 1059 993 908 833 777 759 733 671 637 733 760 760 682 619 557 521 460 415 421 438 431 415 433 449 423 433 416 392 349 381 376 342 344 351 341 350 363 375 379 381 387 389 391 433 491 525 582 643 634 625 688 748 765
462 481 453 477 436 415 406 427 407 403 430 442 445 449 453 461 522 568 621 638 660 754 807 820 826 800 759 773 806 901 966 1059 1171 1119 1129 1210 1246 1293 1215 1082 958 957 951 891 825 809 823 756 659 618 750 792 769 661 584 531 496 445 409 424 424 407 405 424 417 433 425 413 365 343 354 335 355 376 367 359 355 352 358 367 372 377 394 459 439 450 490 537 548 591 639 664 698
435 453 441 434 457 417 395 423 400 434 417 448 451 446 447 468 524 565 633 690 672 681 769 747 730 805 864 885 894 914 974 1094 1220 1227 1246 1258 1215 1162 1072 1045 938 880 881 927 902 862 789 694 589 554 650 744 761 667 594 520 469 459 451 396 440 419 405 391 391 422 420 391 360 342 350 337 365 377 380 384 375 351 357 361 366 372 388 428 441 522 578 553 533 551 553 555 600
425 415 445 407 420 447 414 390 398 412 412 429 428 424 424 448 479 497 542 599 602 696 717 668 725 810 909 997 1014 987 987 1071 1224 1297 1340 1240 1151 1022 927 950 887 861 831 896 954 922 819 654 552 538 636 712 716 646 591 531 451 434 418 413 391 392 384 394 386 381 396 388 368 351 336 332 355 368 369 373 374 362 357 363 369 384 441 500 524 572 613 689 667 663 647 612 563
402 398 438 424 412 431 385 394 396 397 406 399 415 411 433 503 517 519 528 539 627 687 655 701 790 868 971 1074 1102 1078 1072 1152 1192 1240 1272 1197 1097 953 849 894 798 774 816 796 828 893 825 655 564 508 598 666 665 614 586 514 489 478 474 459 435 391 416 379 375 351 348 390 375 377 358 334 362 364 384 389 376 375 377 380 391 414 457 504 578 669 639 684 769 793 785 710 615
377 380 388 399 396 392 380 387 412 444 443 416 440 430 465 523 603 610 598 568 569 593 653 784 820 916 1019 1103 1182 1192 1206 1195 1117 1083 1154 1064 972 876 766 853 768 662 723 744 691 751 751 655 567 490 544 612 641 590 533 511 489 470 436 417 411 441 454 413 406 389 356 363 370 355 344 331 331 357 359 358 366 369 372 385 393 431 503 559 600 671 734 731 765 849 912 807 717
383 393 385 371 374 392 382 407 442 470 486 436 430 460 472 554 638 697 688 619 569 614 696 816 925 949 1017 1101 1173 1228 1181 1098 1002 958 995 954 889 807 719 792 756 601 635 726 666 588 621 637 571 484 525 599 612 533 497 479 478 444 452 484 464 489 448 442 425 402 393 351 348 345 336 352 354 368 372 349 352 361 366 383 397 438 502 568 614 723 796 831 875 902 960 956 831
395 392 421 396 373 382 398 420 447 494 491 458 436 496 493 529 638 692 704 598 595 662 750 801 889 1004 1091 1082 1178 1176 1079 1068 964 901 792 857 897 737 675 741 763 611 554 607 626 573 554 584 544 476 534 596 597 531 519 502 474 468 499 509 525 496 427 405 397 400 393 372 350 337 342 357 374 379 371 368 369 365 369 380 402 455 508 589 641 721 784 805 836 901 937 1001 941
436 413 432 414 390 373 401 432 459 492 506 461 447 505 600 587 583 672 693 611 676 740 832 892 891 994 1021 1023 1096 989 917 938 987 940 774 804 839 678 679 759 741 621 522 501 523 528 528 506 485 468 475 535 568 588 604 550 537 534 551 534 536 485 444 425 405 379 389 375 370 335 342 360 377 373 367 368 373 376 375 386 415 454 506 562 551 605 673 698 736 806 871 963 1021
508 471 448 430 400 371 399 438 475 515 515 472 482 554 607 681 628 687 702 636 708 780 894 1024 1034 1037 945 985 1007 921 802 901 952 824 707 738 769 644 681 706 652 597 519 488 494 467 476 506 546 506 441 489 534 565 634 594 564 591 604 562 533 447 408 392 378 382 374 367 368 365 334 351 359 351 364 368 374 384 380 391 406 439 476 527 581 647 696 737 814 847 891 929 1013
