DEM/DEM7.asc
ncols 800
nrows 800
xllcenter 480150.000000
yllcenter 2000150.000000
cellsize 300.000000
nodata_value -9999
[rows 123 to 163 of 800, columns 279 to 371 of 800]
1269 1205 1147 1180 1171 1104 1027 917 817 843 928 933 993 1063 1159 1152 1124 1053 974 916 894 912 934 843 768 690 624 603 633 693 742 698 625 605 570 543 608 633 571 515 513 557 623 592 554 494 444 439 416 436 420 404 402 406 410 403 403 404 400 397 398 400 431 438 404 394 394 394 398 395 394 393 393 394 395 395 396 395 395 391 392 392 395 395 392 393 392 393 390 390 391 390 390
1245 1205 1188 1192 1159 1086 1005 883 831 891 986 1006 1089 1168 1193 1203 1154 1028 969 915 909 913 931 850 763 713 658 621 650 664 740 735 636 589 565 577 610 590 553 523 524 577 613 594 547 479 448 438 423 436 413 405 403 400 404 400 400 401 396 396 396 398 424 401 397 399 396 397 401 410 395 395 395 396 398 396 396 391 396 396 394 395 396 396 394 395 394 392 390 390 391 390 390
1237 1218 1198 1145 1135 1040 942 896 898 910 1013 1077 1140 1230 1280 1252 1146 1051 995 969 938 900 933 870 806 782 696 651 681 671 724 743 671 609 573 605 608 576 566 585 535 552 600 564 540 492 453 431 424 449 422 405 401 406 418 405 404 417 410 395 395 395 397 397 396 398 398 397 400 426 400 396 395 399 409 402 394 395 396 395 395 396 396 396 394 396 393 391 391 390 392 392 392
1237 1235 1214 1155 1085 1017 1022 1022 995 984 1053 1145 1203 1212 1271 1269 1169 1072 1028 1032 966 929 927 891 887 834 742 703 728 698 739 693 636 598 613 640 659 626 624 576 570 538 565 542 482 492 465 442 433 446 421 404 407 415 418 410 415 410 403 396 396 397 399 400 398 397 397 399 404 429 403 402 399 398 408 405 399 398 398 397 396 396 395 395 394 395 393 391 391 392 391 392 392
1263 1229 1174 1130 1092 1068 1111 1114 1077 1079 1085 1168 1206 1162 1170 1213 1172 1127 1099 1035 965 984 957 928 917 854 817 751 724 720 746 706 641 635 684 709 747 706 638 611 642 557 557 567 533 516 450 437 448 424 406 407 415 414 419 412 410 400 400 409 400 400 401 400 399 397 411 402 401 403 402 415 417 399 403 400 400 399 398 398 397 394 395 394 395 392 392 393 393 393 393 391 389
1295 1261 1201 1151 1153 1119 1138 1169 1152 1119 1143 1176 1120 1092 1121 1181 1132 1082 1059 1011 927 959 940 932 941 894 834 745 732 756 750 754 695 688 737 774 755 697 676 709 668 585 602 577 577 510 447 439 444 421 405 419 422 418 421 409 399 400 403 417 401 399 399 400 400 398 403 401 401 404 407 411 412 398 398 398 398 401 398 397 396 397 395 393 393 393 393 393 393 393 394 390 390
1289 1237 1183 1183 1225 1180 1156 1180 1187 1146 1134 1095 1035 1024 1071 1101 1054 983 946 937 875 896 893 915 914 896 815 746 723 742 703 687 674 729 751 723 729 683 697 767 673 635 665 606 573 497 473 475 459 418 418 434 426 419 410 406 401 412 408 408 420 403 400 401 400 396 398 398 400 402 402 401 401 398 397 399 398 399 397 397 396 395 394 393 393 393 393 392 393 395 397 391 390
1282 1288 1221 1255 1248 1157 1094 1109 1125 1108 1087 1013 981 957 991 1003 987 944 859 847 842 823 835 868 897 855 788 711 694 741 692 641 605 684 731 626 668 713 758 800 674 702 677 618 588 610 615 510 429 415 417 418 419 411 411 406 414 417 406 402 406 401 397 397 396 397 397 398 398 401 402 401 400 400 398 398 398 396 396 396 397 393 392 392 394 392 392 392 402 403 393 390 390
1246 1247 1248 1260 1232 1126 1041 1040 1062 1006 1074 1016 955 910 926 956 934 896 818 801 794 795 818 851 884 869 769 685 665 695 653 619 604 705 695 612 640 722 762 797 703 719 689 642 600 640 655 507 422 417 418 415 412 415 420 415 420 410 400 400 399 395 395 395 397 396 396 398 396 402 399 399 398 398 397 397 398 398 396 397 397 394 393 395 392 393 392 397 414 399 390 391 391
1182 1255 1267 1272 1226 1118 1014 953 990 939 993 971 933 870 871 908 900 888 811 757 732 756 798 870 851 840 782 681 617 656 598 575 581 655 631 587 611 628 699 716 624 611 621 659 619 633 646 508 425 421 421 420 425 425 419 414 410 405 400 402 400 397 397 396 397 395 396 397 398 400 400 398 399 398 397 396 396 396 396 397 398 395 395 395 396 394 392 395 394 391 391 390 390
1135 1246 1213 1165 1126 1098 1014 909 863 871 930 863 884 854 806 850 891 897 832 778 725 696 758 818 764 760 739 649 579 608 594 553 573 630 626 565 574 585 644 637 581 545 558 627 623 707 674 472 427 425 421 426 425 420 415 412 405 405 401 410 399 397 397 396 398 397 398 398 401 401 404 395 399 402 397 394 397 397 396 397 395 394 394 395 394 392 391 393 393 393 394 391 390
1078 1170 1132 1050 1008 991 997 898 825 838 858 821 814 808 782 838 874 868 817 810 767 686 697 752 717 684 649 589 559 578 568 542 578 607 584 549 591 564 601 557 573 515 546 571 654 740 574 442 433 430 431 429 422 416 414 411 406 407 402 407 397 398 398 397 397 397 398 402 413 422 421 399 402 400 400 395 397 399 399 398 396 396 396 394 392 391 391 391 393 395 393 391 392
994 1064 1061 968 925 923 943 856 786 768 792 782 770 756 745 808 840 832 784 762 715 642 621 652 699 654 616 561 536 538 550 586 589 575 532 565 607 622 536 515 529 503 524 572 654 601 462 441 437 438 446 453 447 433 415 413 409 404 402 398 397 396 397 397 397 398 400 403 412 413 411 400 398 398 399 396 398 397 396 398 396 393 394 393 392 391 391 392 394 395 393 394 394
965 948 986 935 860 888 942 895 788 741 742 747 752 705 753 796 802 765 732 719 750 684 609 592 665 612 547 537 527 578 609 600 564 544 532 553 592 615 586 542 494 507 524 592 562 473 445 444 441 449 463 462 432 422 415 409 405 404 403 402 396 397 398 398 399 401 402 402 405 420 411 403 399 400 416 397 396 397 397 396 394 393 393 394 391 391 391 391 394 392 393 396 395
958 897 864 868 849 830 908 879 781 732 686 723 733 695 747 783 786 740 697 684 693 660 658 581 624 598 548 532 532 579 625 657 583 549 518 520 556 556 537 512 483 490 478 495 462 452 446 439 443 451 454 441 431 410 406 404 403 404 402 398 396 397 398 399 402 401 402 409 426 471 441 415 405 413 401 396 397 401 397 396 393 394 395 394 393 392 393 393 393 392 392 393 394
1044 957 833 780 794 766 813 861 810 745 662 691 708 659 692 749 782 725 663 659 667 633 629 590 570 564 537 518 550 624 680 629 592 557 534 501 497 513 523 502 485 470 466 461 455 451 443 437 448 447 436 439 418 415 415 415 408 406 402 399 400 403 402 402 403 403 400 408 421 466 429 424 412 404 397 395 396 400 398 397 396 395 394 394 394 392 392 393 393 392 392 393 394
1083 969 873 815 746 712 732 810 796 718 659 652 664 624 661 699 753 746 685 641 649 625 651 656 632 544 510 507 563 616 668 651 597 553 554 530 485 476 503 480 473 460 457 455 452 446 454 441 440 440 435 421 419 419 415 410 409 407 404 403 406 406 403 401 400 399 398 399 407 412 406 414 403 400 398 397 399 398 398 397 395 396 395 394 394 393 394 394 393 393 394 394 392
1092 1009 903 848 769 716 683 747 779 716 639 624 638 595 607 669 763 730 669 658 621 637 721 722 680 598 521 500 536 602 649 669 640 631 616 590 506 480 472 466 455 454 452 451 448 461 457 436 428 432 431 429 423 416 413 411 409 405 407 405 411 420 404 401 399 398 398 399 401 399 403 402 400 400 401 401 399 398 400 397 396 399 396 395 396 393 395 395 394 393 394 395 392
1132 1028 903 858 839 781 684 677 728 687 620 595 620 593 590 645 728 688 669 660 610 620 714 737 656 599 541 500 546 611 581 619 626 673 660 584 516 492 482 452 455 454 453 447 449 448 437 433 438 426 424 420 422 422 415 411 406 405 405 409 415 409 402 401 399 400 398 398 401 398 399 399 399 400 400 400 398 399 399 398 396 395 396 395 396 395 396 397 395 396 395 394 394
1136 1076 987 946 889 774 687 641 642 640 599 588 581 591 558 606 703 693 678 633 607 607 659 698 664 637 571 499 515 535 543 616 597 656 605 573 521 483 457 450 458 454 451 443 438 439 433 433 430 425 421 419 416 419 419 413 410 408 407 413 412 403 403 401 400 400 398 399 401 399 397 400 400 402 400 398 399 399 398 398 397 398 399 398 398 397 399 398 395 394 395 396 395
1084 1032 949 926 896 792 739 671 627 617 663 631 592 566 555 595 674 669 630 647 628 577 601 625 677 677 592 525 485 524 526 595 588 668 617 525 536 478 449 456 451 448 448 442 438 438 431 434 429 425 422 419 416 416 421 418 411 410 407 409 406 402 404 402 402 399 398 397 399 400 397 399 398 401 400 399 396 396 398 401 397 398 398 397 397 396 396 397 397 396 395 395 396
1069 978 881 824 808 818 796 695 672 672 711 658 597 564 547 583 619 641 587 593 586 545 584 619 676 636 586 555 510 486 503 562 603 639 588 507 491 468 449 449 440 446 443 437 435 433 433 436 429 432 424 422 414 411 414 411 406 405 406 408 406 403 403 405 403 400 399 399 399 399 400 400 400 402 400 399 396 396 397 399 398 398 399 398 396 396 397 397 397 397 396 396 396
1084 996 902 813 733 734 765 758 723 709 733 736 642 594 539 535 574 573 578 553 539 542 578 630 639 596 555 544 548 499 478 544 553 565 531 494 469 459 450 441 438 439 435 430 431 431 429 428 425 425 422 418 415 413 411 409 405 406 407 405 403 402 402 406 403 400 399 399 401 400 400 402 401 403 400 398 396 395 396 398 400 400 400 397 395 397 396 396 396 397 397 396 398
1088 1011 921 847 764 680 690 766 708 676 715 685 599 570 536 524 549 551 566 526 516 547 602 611 600 569 518 540 564 548 486 503 519 541 492 465 456 452 441 436 433 431 430 429 430 429 428 427 424 422 420 419 415 415 411 408 408 407 408 403 404 405 404 406 404 401 400 400 400 400 402 404 403 401 398 397 397 396 396 398 401 400 399 398 399 397 395 396 397 400 399 396 396
1081 1036 976 876 776 702 657 681 674 653 685 743 645 595 553 521 522 542 543 515 494 512 530 557 587 543 501 549 597 586 548 496 462 488 465 454 446 442 435 435 431 437 441 428 428 425 426 424 422 420 419 417 415 411 412 411 409 407 403 405 404 404 406 405 401 401 400 400 401 399 401 402 402 402 400 400 399 400 398 400 402 402 400 400 398 399 400 402 411 405 401 399 405
1048 991 963 898 833 743 676 629 624 646 648 739 705 616 575 543 520 502 511 492 487 510 541 561 530 505 503 551 593 567 507 473 446 448 446 441 441 435 428 433 430 445 441 421 424 423 425 423 420 417 414 415 412 411 410 408 409 405 404 405 404 402 404 403 402 402 402 401 401 400 403 402 399 400 403 401 399 398 401 400 400 400 403 404 400 401 406 410 407 406 399 400 412
995 984 926 903 859 778 726 651 598 603 627 708 649 578 551 537 532 501 497 480 481 517 537 554 542 510 495 550 535 554 560 526 456 437 436 436 435 432 427 431 431 432 430 423 423 421 425 424 421 418 415 413 411 410 409 412 408 408 407 404 404 403 404 402 403 403 402 403 402 403 404 402 398 400 404 401 401 400 402 401 401 404 407 402 400 403 409 420 409 407 409 405 427
908 920 917 839 827 796 764 691 625 583 626 666 670 599 579 538 530 514 506 495 480 501 583 604 568 505 490 490 491 501 528 494 446 435 434 432 433 427 427 426 427 424 423 420 420 420 418 419 420 419 416 413 413 412 409 409 407 407 405 404 406 404 403 403 402 402 402 404 404 401 400 401 402 402 401 401 401 401 401 403 408 408 410 401 408 413 412 414 415 413 412 414 417
815 845 841 806 791 749 757 732 672 612 585 634 678 576 538 517 514 489 486 493 480 535 578 544 505 497 539 516 477 480 467 456 441 431 430 430 429 430 426 424 424 424 422 420 418 418 417 415 416 416 417 413 412 410 410 406 404 404 404 405 407 404 402 404 403 404 404 403 402 401 403 404 403 401 400 400 401 402 407 409 414 414 410 409 413 417 429 425 418 415 411 408 402
732 773 761 750 754 772 727 738 695 625 575 618 667 585 560 561 520 509 489 481 473 512 516 488 478 504 557 563 492 459 444 443 436 436 434 430 428 427 424 424 425 422 421 420 418 416 416 415 414 414 413 414 415 410 412 406 408 409 404 405 407 404 404 404 404 407 405 402 399 400 403 402 399 400 404 403 409 403 407 415 420 418 406 405 406 408 421 414 411 410 405 408 404
703 690 671 675 679 732 718 701 700 633 572 564 619 599 570 553 562 553 529 509 485 477 468 464 460 492 519 533 475 449 439 437 442 437 434 430 426 426 425 427 430 422 420 419 420 416 415 414 414 413 413 414 413 412 411 410 407 404 404 404 411 407 407 411 406 404 401 400 401 403 402 402 401 402 404 411 416 419 406 413 416 408 404 401 408 408 408 408 412 416 406 403 404
781 733 676 639 610 660 690 663 698 640 575 547 587 600 574 572 596 581 529 504 516 517 493 491 473 465 509 471 457 442 438 437 435 435 432 430 425 425 424 428 430 427 421 420 423 420 415 413 413 411 411 411 410 412 408 407 407 406 404 403 410 414 418 415 407 406 404 401 402 404 404 404 404 409 411 411 417 418 408 412 408 403 401 403 414 411 413 410 412 412 408 407 406
806 748 698 674 626 610 662 630 670 620 562 545 548 557 549 544 582 551 510 524 565 564 541 530 471 456 470 460 445 442 438 438 433 432 431 431 432 437 435 433 437 444 427 424 421 417 415 414 411 412 411 411 409 410 409 409 407 406 405 405 411 419 417 413 405 404 403 405 403 403 405 404 407 412 413 417 416 419 416 412 406 402 406 413 416 413 415 415 412 414 415 414 415
795 767 764 736 666 614 612 596 630 619 560 553 549 518 520 528 583 547 523 537 558 575 571 524 470 452 457 446 445 447 447 444 457 456 441 431 441 450 446 437 442 437 429 432 426 415 415 412 411 411 410 408 409 409 409 409 405 406 406 407 405 405 415 409 404 404 402 403 405 405 409 411 411 419 416 419 420 422 417 409 404 404 408 420 414 418 416 414 417 424 435 464 477
862 844 809 762 709 668 614 583 600 595 598 611 583 541 510 511 579 573 548 575 590 617 586 523 469 467 446 442 447 448 440 463 459 458 462 438 441 453 441 434 429 432 427 429 427 416 416 411 411 411 410 408 408 409 408 407 411 409 408 409 408 406 409 407 405 403 405 405 404 406 411 414 418 416 418 421 424 420 410 405 407 414 416 423 418 415 419 420 427 457 511 563 545
852 838 820 786 730 672 639 602 567 598 624 654 586 551 526 523 555 536 546 593 649 609 568 519 475 464 444 445 457 456 453 460 458 449 447 431 438 444 433 434 422 416 419 422 418 418 418 412 410 409 407 408 408 409 409 407 410 409 410 407 407 407 406 407 406 406 404 407 412 413 415 408 418 425 422 421 417 409 408 407 408 411 417 422 418 416 424 440 465 512 605 631 534
857 795 782 767 757 699 663 628 570 555 576 621 601 579 538 519 511 531 619 607 561 580 522 480 463 455 450 457 456 455 463 462 456 450 433 429 435 434 433 420 416 412 412 420 414 411 413 413 410 409 408 407 406 409 409 410 408 406 406 406 406 406 406 406 407 408 412 417 414 411 413 420 421 425 425 426 411 409 415 419 415 411 413 413 418 424 438 486 573 612 645 610 489
873 805 738 696 714 676 654 623 606 597 564 574 616 568 552 564 524 535 615 541 496 516 472 463 456 452 451 456 463 458 451 449 443 455 434 429 424 428 430 422 415 414 414 414 411 411 412 412 411 409 407 407 409 410 408 410 409 407 406 406 406 408 408 407 409 412 420 421 415 417 420 423 427 426 424 411 413 422 421 419 420 412 413 414 421 432 478 581 668 682 689 563 458
848 781 715 671 656 629 615 625 599 577 557 553 602 605 556 545 551 521 551 518 480 480 461 454 451 452 452 457 472 472 449 446 439 438 437 440 428 421 420 419 418 418 416 415 414 413 412 411 411 410 408 408 411 409 408 408 408 407 406 408 407 409 408 409 416 418 417 419 424 422 422 422 433 428 413 412 425 451 439 430 432 418 422 418 420 445 502 617 691 722 676 531 452
918 865 776 766 702 641 617 596 584 562 547 537 561 584 541 532 548 531 506 476 474 483 459 450 447 446 447 445 462 460 441 442 443 438 436 435 428 430 426 420 417 418 416 415 412 411 410 409 409 410 409 408 410 411 410 409 407 406 408 408 407 407 412 414 417 419 416 420 429 423 432 420 430 418 412 415 429 444 442 432 449 420 423 428 448 521 617 659 698 727 629 505 441
987 937 895 848 727 662 639 591 586 568 566 522 548 565 525 516 546 584 565 483 460 460 455 456 451 446 443 442 448 443 433 434 431 433 431 430 435 425 422 421 424 425 419 414 411 411 409 410 410 410 409 411 411 410 409 407 408 407 406 406 407 410 413 412 418 414 416 427 428 429 439 428 430 423 415 420 434 429 442 444 438 429 433 441 478 609 725 747 752 698 577 488 431
