DEM/DEM8.asc
ncols 800
nrows 800
xllcenter 720150.000000
yllcenter 2000150.000000
cellsize 300.000000
nodata_value -9999
[rows 238 to 271 of 800, columns 0 to 77 of 800]
-9999 -9999 -9999 -9999 -9999 -9999 -9999 -9999 -9999 -9999 -9999 -9999 -9999 -9999 -9999 -9999 -9999 -9999 -9999 -9999 -9999 -9999 -9999 -9999 -9999 -9999 -9999 -9999 -9999 -9999 -9999 -9999 -9999 712 733 820 880 844 834 837 831 847 839 854 871 881 848 816 826 872 902 979 986 -9999 -9999 -9999 -9999 -9999 -9999 -9999 -9999 -9999 -9999 -9999 -9999 -9999 -9999 -9999 -9999 -9999 -9999 -9999 -9999 -9999 -9999 -9999 -9999 -9999
-9999 -9999 -9999 -9999 -9999 -9999 -9999 -9999 -9999 -9999 -9999 -9999 -9999 -9999 -9999 -9999 -9999 -9999 -9999 -9999 -9999 -9999 -9999 -9999 -9999 -9999 -9999 -9999 -9999 -9999 -9999 -9999 -9999 757 775 880 875 842 817 820 821 835 852 857 864 826 804 830 881 926 969 997 999 974 955 998 990 947 898 944 983 -9999 -9999 -9999 -9999 -9999 -9999 -9999 -9999 -9999 -9999 -9999 -9999 -9999 -9999 -9999 -9999 -9999
-9999 -9999 -9999 -9999 -9999 -9999 -9999 -9999 -9999 -9999 -9999 -9999 -9999 -9999 -9999 -9999 -9999 -9999 -9999 -9999 -9999 -9999 -9999 -9999 -9999 -9999 -9999 -9999 -9999 -9999 -9999 -9999 -9999 753 841 915 901 855 809 822 846 873 868 848 827 800 838 874 941 962 956 934 910 923 973 957 936 946 966 1017 1069 -9999 -9999 -9999 -9999 -9999 -9999 -9999 -9999 -9999 -9999 -9999 -9999 -9999 -9999 -9999 -9999 -9999
-9999 -9999 -9999 -9999 -9999 -9999 -9999 -9999 -9999 -9999 -9999 -9999 -9999 -9999 -9999 -9999 -9999 -9999 -9999 -9999 -9999 -9999 -9999 -9999 -9999 -9999 -9999 -9999 -9999 -9999 -9999 -9999 -9999 755 798 858 923 864 818 830 858 869 816 787 810 839 879 934 917 882 861 847 856 861 918 910 926 974 1027 1078 1136 -9999 -9999 -9999 -9999 -9999 -9999 -9999 -9999 -9999 -9999 -9999 -9999 -9999 -9999 -9999 -9999 -9999
650 652 694 756 823 848 -9999 -9999 -9999 -9999 -9999 -9999 -9999 -9999 -9999 -9999 -9999 -9999 -9999 -9999 -9999 -9999 -9999 935 984 897 818 783 -9999 -9999 -9999 -9999 -9999 765 851 900 882 840 817 811 839 838 784 809 851 880 923 902 869 826 825 837 837 879 878 903 936 962 1009 1075 1158 1240 1316 -9999 -9999 -9999 -9999 -9999 -9999 -9999 -9999 -9999 -9999 -9999 -9999 -9999 -9999 -9999
646 660 724 762 823 906 -9999 -9999 -9999 -9999 -9999 -9999 -9999 -9999 -9999 -9999 -9999 -9999 -9999 -9999 -9999 -9999 -9999 1013 963 908 862 817 -9999 -9999 -9999 -9999 -9999 831 899 925 873 868 839 797 823 789 800 796 802 845 849 828 819 808 848 896 915 872 910 950 1002 1011 1034 1093 1188 1284 1402 -9999 -9999 -9999 -9999 -9999 -9999 -9999 -9999 -9999 -9999 -9999 -9999 -9999 -9999 -9999
612 657 693 770 832 905 921 787 798 -9999 -9999 -9999 -9999 922 920 876 856 884 935 931 921 948 939 1048 956 877 888 844 837 866 830 840 840 909 976 939 844 852 852 833 786 803 868 877 802 797 799 806 814 837 885 951 976 920 922 947 1000 1061 1093 1140 1213 1312 1453 1500 1363 1274 -9999 -9999 -9999 -9999 -9999 -9999 -9999 -9999 -9999 -9999 -9999 -9999
634 671 728 838 925 958 908 790 856 -9999 -9999 -9999 -9999 933 953 972 952 867 822 837 858 867 862 995 975 905 863 868 926 888 837 888 928 971 996 883 811 823 824 797 782 830 873 871 838 816 823 818 845 842 898 994 1033 972 975 994 1055 1074 1114 1191 1285 1361 1399 1427 1321 1199 -9999 -9999 -9999 -9999 -9999 -9999 -9999 -9999 -9999 -9999 -9999 -9999
638 710 803 813 845 882 921 825 885 -9999 -9999 -9999 -9999 831 818 895 908 816 730 760 788 744 788 883 835 852 826 847 861 791 762 839 866 894 983 908 811 786 814 782 791 864 884 897 855 843 842 833 861 899 936 1030 1081 1047 1025 1048 1096 1158 1181 1227 1270 1279 1261 1292 1295 1218 -9999 -9999 -9999 -9999 -9999 -9999 -9999 -9999 -9999 -9999 -9999 -9999
607 660 739 704 735 812 879 929 979 933 880 864 781 728 734 823 772 777 692 668 722 687 786 788 774 784 842 835 751 712 739 769 797 870 944 930 813 742 731 760 810 867 886 898 864 839 860 859 928 946 1040 1100 1125 1125 1085 1121 1162 1190 1184 1152 1169 1173 1157 1199 1229 1263 1165 1079 -9999 -9999 -9999 -9999 -9999 -9999 -9999 -9999 -9999 -9999
654 640 654 668 706 760 823 911 930 854 789 764 754 675 690 721 709 690 643 621 645 691 750 673 715 761 827 754 681 678 706 721 719 738 816 901 819 760 718 751 791 800 819 856 827 825 826 871 966 1034 1061 1090 1096 1167 1127 1110 1167 1149 1121 1091 1115 1093 1086 1126 1161 1226 1179 1123 -9999 -9999 -9999 -9999 -9999 -9999 -9999 -9999 -9999 -9999
705 762 717 728 742 733 803 911 939 896 839 768 669 630 620 625 636 619 617 639 641 645 649 641 667 756 782 673 703 761 690 694 717 711 716 744 765 716 751 788 744 742 782 786 799 795 801 869 953 1048 1031 978 1009 1080 1062 1035 1096 1113 1053 1019 1031 1030 1032 1072 1139 1194 1149 1103 -9999 -9999 -9999 -9999 -9999 -9999 -9999 -9999 -9999 -9999
765 812 769 795 847 818 891 905 967 922 833 733 644 610 653 658 626 679 720 768 719 654 633 667 738 687 693 703 785 782 756 777 823 788 752 716 698 716 774 833 794 786 747 739 760 802 828 843 925 983 993 925 954 1016 981 1011 1064 1029 995 970 958 968 1014 1084 1150 1127 1104 1024 -9999 -9999 -9999 -9999 -9999 -9999 -9999 -9999 -9999 -9999
813 740 673 744 819 888 966 961 963 873 761 673 615 628 703 764 730 752 818 867 766 697 758 734 811 796 717 760 867 816 851 879 868 806 801 767 766 722 784 862 878 819 788 774 747 767 793 808 875 899 946 894 914 974 952 969 999 953 939 943 991 1018 1054 1122 1151 1080 1021 972 -9999 -9999 -9999 -9999 -9999 -9999 -9999 -9999 -9999 -9999
767 657 675 773 828 821 829 854 977 900 764 631 600 639 661 699 785 898 932 875 764 768 818 843 859 820 752 803 836 922 971 951 871 830 813 797 753 734 790 877 919 867 818 795 797 761 752 794 801 841 898 898 860 897 909 913 936 923 953 997 1038 1083 1117 1108 1072 1043 -9999 -9999 -9999 -9999 -9999 -9999 -9999 -9999 -9999 -9999 -9999 -9999
717 616 673 758 735 717 710 846 943 863 737 606 613 674 697 653 732 916 970 838 798 818 884 892 792 752 804 895 908 972 971 897 846 796 757 749 743 785 802 875 920 878 849 840 799 794 763 765 775 802 820 850 874 838 848 881 910 975 1031 1059 1104 1132 1140 1047 987 971 -9999 -9999 -9999 -9999 -9999 -9999 -9999 -9999 -9999 -9999 -9999 -9999
681 600 659 681 624 627 734 856 915 846 715 605 673 745 788 713 681 835 903 934 927 914 884 823 755 781 870 938 1023 1020 970 890 811 782 769 846 833 827 828 868 911 909 875 838 816 783 760 791 770 781 790 809 808 855 901 895 942 1023 1134 1148 1177 1210 1145 1080 1012 953 -9999 -9999 -9999 -9999 -9999 -9999 -9999 -9999 -9999 -9999 -9999 -9999
645 599 627 628 591 697 817 867 887 785 676 601 673 733 804 848 782 749 788 900 963 875 794 777 792 777 812 875 984 941 883 814 778 781 791 848 882 891 884 864 887 861 898 897 833 791 774 839 859 825 824 844 893 895 924 939 944 1032 1124 1222 1270 1301 1225 1135 1055 1009 -9999 -9999 -9999 -9999 -9999 -9999 -9999 -9999 -9999 -9999 -9999 -9999
658 607 581 600 599 690 816 882 852 739 618 584 646 678 749 861 930 842 741 850 912 851 786 836 853 815 849 917 991 926 804 770 825 871 817 823 869 906 915 888 865 821 851 848 814 783 794 875 918 920 900 902 942 995 1003 1008 1008 997 1107 1152 1211 1302 1261 1164 1123 1110 -9999 -9999 -9999 -9999 -9999 -9999 -9999 -9999 -9999 -9999 -9999 -9999
654 573 539 552 550 592 694 779 766 669 581 615 694 760 814 894 950 864 755 862 898 819 823 880 878 891 892 948 994 896 776 795 866 889 850 862 907 930 902 859 829 802 799 789 790 789 833 834 871 927 1019 1038 1049 1102 1106 1112 1144 1065 1057 1121 1246 1339 1347 1259 1222 1137 -9999 -9999 -9999 -9999 -9999 -9999 -9999 -9999 -9999 -9999 -9999 -9999
661 604 570 532 585 615 591 630 604 582 598 678 749 799 883 987 938 830 761 927 902 844 830 900 974 994 976 928 900 864 787 825 857 860 900 887 858 854 866 819 810 815 826 852 852 826 902 882 862 893 1026 1097 1080 1144 1192 1227 1213 1154 1155 1213 1244 1304 1397 1398 1293 1204 -9999 -9999 -9999 -9999 -9999 -9999 -9999 -9999 -9999 -9999 -9999 -9999
585 526 542 609 670 764 739 597 613 687 717 803 827 899 951 1009 932 802 824 950 953 865 847 922 1022 1109 1046 972 895 835 804 822 828 871 896 844 817 810 815 811 866 888 888 944 879 884 873 918 975 980 954 999 996 1068 1136 1175 1258 1277 1247 1379 1398 1414 1480 1515 1419 1352 1242 1161 -9999 -9999 -9999 -9999 -9999 -9999 -9999 -9999 -9999 -9999
607 535 548 672 746 843 816 693 617 730 836 931 961 1026 1058 1041 948 800 868 945 939 884 856 905 1007 1097 1057 954 894 863 812 824 863 886 868 828 853 847 859 833 872 941 950 964 900 922 913 910 963 1056 1029 974 1002 1046 1066 1165 1300 1330 1387 1431 1381 1410 1491 1562 1586 1485 1353 1267 -9999 -9999 -9999 -9999 -9999 -9999 -9999 -9999 -9999 -9999
515 527 599 690 799 897 862 779 682 704 819 956 1036 1130 1099 990 888 796 905 952 980 908 884 963 1052 1123 1095 1040 993 918 851 826 893 895 831 831 848 861 899 855 855 948 1005 955 929 928 956 963 1015 1056 1072 1053 1044 1063 1125 1191 1231 1352 1384 1383 1308 1349 1424 1479 1554 1532 1367 1259 -9999 -9999 -9999 -9999 -9999 -9999 -9999 -9999 -9999 -9999
516 560 671 701 777 888 946 856 757 811 839 955 1047 1140 1030 926 841 816 936 979 996 981 944 1010 1117 1212 1215 1153 1094 989 934 865 883 882 831 850 869 860 894 891 852 916 997 1031 1005 978 1027 1069 1126 1121 1073 1102 1169 1168 1156 1150 1224 1319 1309 1283 1248 1281 1396 1442 1526 1516 1376 1250 -9999 -9999 -9999 -9999 -9999 -9999 -9999 -9999 -9999 -9999
556 634 665 775 845 880 972 976 863 876 943 1030 1137 1177 1061 955 850 834 898 936 964 1030 1035 1129 1159 1159 1186 1116 1081 1025 953 885 875 868 837 862 878 890 931 919 937 957 984 1046 1075 1056 1069 1170 1183 1106 1136 1199 1208 1221 1140 1138 1245 1256 1243 1210 1209 1272 1380 1420 1482 1482 1371 1259 -9999 -9999 -9999 -9999 -9999 -9999 -9999 -9999 -9999 -9999
637 731 739 801 887 973 1090 1104 983 995 1108 1133 1137 1121 1061 962 839 880 953 978 1029 1096 1170 1123 1075 1068 1052 1012 978 934 879 872 914 896 870 857 891 912 936 939 949 971 1023 1012 1016 1053 1064 1150 1205 1139 1199 1228 1173 1177 1117 1155 1195 1231 1174 1156 1239 1310 1360 1373 1395 1375 1362 1248 -9999 -9999 -9999 -9999 -9999 -9999 -9999 -9999 -9999 -9999
651 789 819 907 939 1035 1154 1218 1158 1147 1195 1117 1061 1000 958 922 826 867 888 912 971 1051 1140 1112 1071 1022 1019 1032 1033 971 891 892 920 934 896 858 888 886 909 882 877 911 971 939 966 1005 1035 1119 1157 1101 1174 1217 1169 1113 1125 1114 1123 1196 1122 1179 1249 1235 1284 1352 1330 1239 1265 1204 -9999 -9999 -9999 -9999 -9999 -9999 -9999 -9999 -9999 -9999
652 793 869 940 931 1004 1066 1153 1272 1256 1203 1177 1131 1060 980 877 842 927 925 925 1007 1112 1179 1114 1065 1040 1098 1160 1120 1034 949 886 907 941 935 874 854 858 868 859 864 878 899 900 927 960 1001 1097 1122 1061 1106 1173 1217 1134 1101 1049 1069 1101 1115 1152 1202 1235 1305 1308 1270 1179 1174 1182 -9999 -9999 -9999 -9999 -9999 -9999 -9999 -9999 -9999 -9999
646 777 782 835 853 956 1098 1193 1212 1253 1229 1147 1069 1017 937 898 887 923 992 1034 1076 1160 1214 1125 1055 1067 1170 1144 1103 1032 959 920 902 934 975 958 913 894 900 902 914 915 910 904 896 914 959 1007 1069 1024 1064 1114 1112 1107 1071 1030 1087 1149 1233 1241 1273 1337 1336 1242 1208 1168 -9999 -9999 -9999 -9999 -9999 -9999 -9999 -9999 -9999 -9999 -9999 -9999
625 716 782 876 933 1004 1066 1110 1094 1181 1228 1114 1047 960 930 959 900 924 991 1054 1182 1262 1217 1131 1054 1122 1197 1131 1069 1006 1008 1008 916 916 956 965 982 969 990 993 993 964 961 946 927 916 922 938 1009 988 1053 1076 1040 1059 1020 1060 1107 1130 1244 1337 1365 1366 1352 1265 1184 1116 -9999 -9999 -9999 -9999 -9999 -9999 -9999 -9999 -9999 -9999 -9999 -9999
636 759 797 853 887 910 942 1020 1019 1127 1221 1183 1107 1036 990 987 960 942 977 1054 1175 1254 1188 1102 1090 1169 1218 1140 1073 1048 1094 1011 923 910 922 925 936 949 958 968 976 981 1009 1028 986 989 1020 1022 973 963 998 1016 983 1015 1011 1045 1099 1169 1235 1343 1363 1369 1308 1254 1228 1159 -9999 -9999 -9999 -9999 -9999 -9999 -9999 -9999 -9999 -9999 -9999 -9999
587 704 670 746 748 782 850 924 1009 1116 1237 1205 1156 1107 1094 1113 1074 1005 1037 1090 1202 1234 1193 1086 1126 1166 1234 1188 1171 1125 1056 994 971 965 935 942 947 950 945 955 960 971 988 1002 1035 1124 1155 1076 974 972 1032 1067 1082 1014 1030 1071 1109 1227 1252 1327 1309 1258 1259 1205 1187 1150 -9999 -9999 -9999 -9999 -9999 -9999 -9999 -9999 -9999 -9999 -9999 -9999
563 609 602 651 700 812 942 1006 1036 1128 1241 1160 1089 1060 1074 1160 1161 1142 1185 1247 1247 1182 1130 1090 1085 1130 1197 1217 1228 1129 1048 1001 1039 989 977 993 1015 999 975 983 997 1036 1062 1030 1031 1133 1172 1109 1038 1071 1202 1208 1094 1022 1087 1108 1135 1243 1287 1322 1273 1210 1238 1191 1137 1098 -9999 -9999 -9999 -9999 -9999 -9999 -9999 -9999 -9999 -9999 -9999 -9999
