DEM/DEM8.asc
ncols 800
nrows 800
xllcenter 720150.000000
yllcenter 2000150.000000
cellsize 300.000000
nodata_value -9999
[rows 340 to 373 of 800, columns 0 to 77 of 800]
1265 1350 1417 1504 1582 1704 1762 1766 1725 1659 1579 1458 1329 1281 1303 1327 1440 1443 1382 1381 1362 1333 1294 1206 1089 1039 964 950 973 1055 1123 1121 1165 1186 1161 1161 1297 1298 1273 1319 1305 1376 1452 1517 1587 1674 1806 1936 1945 1870 1746 1717 1711 -9999 -9999 -9999 -9999 -9999 -9999 -9999 -9999 -9999 -9999 -9999 -9999 -9999 -9999 -9999 -9999 -9999 -9999 -9999 -9999 -9999 -9999 -9999 -9999 -9999
1263 1375 1500 1616 1618 1722 1792 1753 1705 1629 1545 1467 1336 1252 1243 1274 1375 1433 1459 1450 1353 1282 1210 1134 1106 1094 977 950 994 1062 1190 1225 1233 1274 1260 1209 1289 1332 1230 1271 1350 1431 1512 1565 1657 1733 1848 1908 1833 1790 1697 -9999 -9999 -9999 -9999 -9999 -9999 -9999 -9999 -9999 -9999 -9999 -9999 -9999 -9999 -9999 -9999 -9999 -9999 -9999 -9999 -9999 -9999 -9999 -9999 -9999 -9999 -9999
1274 1404 1526 1595 1675 1750 1713 1654 1624 1594 1518 1418 1307 1236 1213 1238 1296 1389 1465 1434 1342 1252 1195 1177 1234 1127 992 959 995 1059 1184 1294 1326 1320 1306 1230 1232 1289 1196 1250 1397 1462 1480 1522 1629 1729 1815 1847 1749 1696 1649 -9999 -9999 -9999 -9999 -9999 -9999 -9999 -9999 -9999 -9999 -9999 -9999 -9999 -9999 -9999 -9999 -9999 -9999 -9999 -9999 -9999 -9999 -9999 -9999 -9999 -9999 -9999
1266 1381 1512 1590 1587 1692 1658 1570 1531 1500 1481 1412 1282 1200 1172 1211 1290 1375 1386 1381 1385 1300 1246 1304 1280 1197 1034 1015 1016 1060 1199 1303 1367 1295 1277 1281 1216 1262 1195 1228 1374 1405 1396 1442 1571 1735 1799 1717 1647 1606 1634 -9999 -9999 -9999 -9999 -9999 -9999 -9999 -9999 -9999 -9999 -9999 -9999 -9999 -9999 -9999 -9999 -9999 -9999 -9999 -9999 -9999 -9999 -9999 -9999 -9999 -9999 -9999
1310 1418 1504 1535 1555 1693 1661 1548 1463 1403 1376 1340 1312 1243 1168 1175 1236 1285 1321 1373 1440 1408 1364 1399 1313 1223 1096 1062 1098 1081 1186 1289 1373 1336 1323 1368 1255 1208 1173 1177 1274 1363 1459 1503 1587 1729 1744 1638 1545 1484 1576 -9999 -9999 -9999 -9999 -9999 -9999 -9999 -9999 -9999 -9999 -9999 -9999 -9999 -9999 -9999 -9999 -9999 -9999 -9999 -9999 -9999 -9999 -9999 -9999 -9999 -9999 -9999
1282 1345 1438 1520 1561 1651 1677 1640 1556 1475 1402 1344 1273 1208 1141 1140 1214 1317 1373 1410 1463 1514 1482 1430 1367 1283 1168 1061 1134 1152 1163 1227 1317 1370 1314 1320 1236 1167 1140 1176 1295 1383 1403 1434 1523 1663 1708 1590 1493 1417 1434 -9999 -9999 -9999 -9999 -9999 -9999 -9999 -9999 -9999 -9999 -9999 -9999 -9999 -9999 -9999 -9999 -9999 -9999 -9999 -9999 -9999 -9999 -9999 -9999 -9999 -9999 -9999
1160 1247 1385 1489 1553 1567 1509 1594 1524 1436 1407 1326 1258 1178 1110 1144 1196 1264 1341 1357 1390 1434 1421 1361 1308 1256 1141 1055 1136 1175 1096 1177 1239 1327 1237 1235 1229 1134 1125 1190 1258 1318 1323 1390 1496 1634 1724 1649 1516 1432 1341 -9999 -9999 -9999 -9999 -9999 -9999 -9999 -9999 -9999 -9999 -9999 -9999 -9999 -9999 -9999 -9999 -9999 -9999 -9999 -9999 -9999 -9999 -9999 -9999 -9999 -9999 -9999
1171 1290 1365 1498 1554 1486 1404 1517 1560 1434 1356 1299 1222 1157 1097 1169 1168 1250 1233 1258 1324 1371 1313 1285 1225 1227 1108 1018 1118 1181 1081 1123 1217 1287 1195 1149 1148 1106 1177 1289 1395 1452 1371 1410 1503 1653 1763 1689 1553 1517 1430 -9999 -9999 -9999 -9999 -9999 -9999 -9999 -9999 -9999 -9999 -9999 -9999 -9999 -9999 -9999 -9999 -9999 -9999 -9999 -9999 -9999 -9999 -9999 -9999 -9999 -9999 -9999
1169 1259 1342 1450 1492 1361 1297 1437 1532 1456 1366 1279 1203 1142 1079 1117 1116 1152 1151 1208 1292 1362 1309 1256 1169 1183 1084 992 1069 1130 1039 1068 1157 1244 1175 1068 1082 1062 1143 1315 1432 1509 1446 1457 1575 1671 1766 1756 1680 1628 1545 -9999 -9999 -9999 -9999 -9999 -9999 -9999 -9999 -9999 -9999 -9999 -9999 -9999 -9999 -9999 -9999 -9999 -9999 -9999 -9999 -9999 -9999 -9999 -9999 -9999 -9999 -9999
1059 1169 1307 1428 1443 1270 1211 1360 1452 1467 1387 1295 1210 1121 1069 1032 1057 1106 1174 1232 1252 1317 1366 1305 1199 1116 1094 978 1009 1061 982 1020 1128 1195 1175 1051 1011 1080 1193 1302 1455 1569 1534 1506 1527 1608 1713 1816 1749 1663 1558 -9999 -9999 -9999 -9999 -9999 -9999 -9999 -9999 -9999 -9999 -9999 -9999 -9999 -9999 -9999 -9999 -9999 -9999 -9999 -9999 -9999 -9999 -9999 -9999 -9999 -9999 -9999
1048 1141 1247 1296 1311 1190 1148 1285 1387 1462 1406 1329 1222 1161 1126 1032 1013 1075 1161 1200 1215 1306 1298 1217 1177 1072 1091 978 973 1032 956 1002 1105 1219 1151 1037 1002 1085 1205 1319 1447 1583 1518 1442 1497 1583 1638 1768 1762 1672 1577 -9999 -9999 -9999 -9999 -9999 -9999 -9999 -9999 -9999 -9999 -9999 -9999 -9999 -9999 -9999 -9999 -9999 -9999 -9999 -9999 -9999 -9999 -9999 -9999 -9999 -9999 -9999
1000 1077 1112 1201 1168 1087 1111 1226 1381 1412 1432 1373 1292 1272 1175 1081 1017 1038 1093 1115 1199 1293 1294 1221 1126 1056 1030 995 933 972 933 998 1107 1073 1058 991 1013 1086 1197 1318 1434 1440 1420 1369 1450 1510 1572 1684 1748 1751 1679 1629 1514 -9999 -9999 -9999 -9999 -9999 -9999 -9999 -9999 -9999 -9999 -9999 -9999 -9999 -9999 -9999 -9999 -9999 -9999 -9999 -9999 -9999 -9999 -9999 -9999 -9999
959 970 1005 1126 1079 1004 1105 1210 1269 1301 1369 1420 1325 1286 1199 1089 1005 1003 1036 1117 1214 1292 1327 1235 1128 1101 1033 973 924 899 911 974 990 1019 1003 1014 1077 1131 1228 1396 1395 1365 1266 1311 1415 1456 1498 1582 1673 1782 1773 1719 1626 -9999 -9999 -9999 -9999 -9999 -9999 -9999 -9999 -9999 -9999 -9999 -9999 -9999 -9999 -9999 -9999 -9999 -9999 -9999 -9999 -9999 -9999 -9999 -9999 -9999
927 910 960 1081 1042 973 1052 1116 1155 1273 1366 1392 1285 1202 1161 1077 991 984 1026 1108 1194 1273 1368 1291 1177 1176 1086 968 892 917 938 938 1020 1120 1116 1101 1122 1182 1319 1341 1304 1273 1209 1329 1378 1415 1452 1488 1580 1714 1801 1769 1696 -9999 -9999 -9999 -9999 -9999 -9999 -9999 -9999 -9999 -9999 -9999 -9999 -9999 -9999 -9999 -9999 -9999 -9999 -9999 -9999 -9999 -9999 -9999 -9999 -9999
833 872 980 1033 995 940 1012 1071 1173 1307 1404 1409 1281 1175 1092 1023 969 963 1017 1080 1161 1242 1328 1353 1249 1176 1055 960 892 953 1005 1014 1132 1179 1218 1143 1178 1199 1240 1208 1187 1177 1214 1352 1317 1349 1361 1442 1545 1684 1736 1713 1672 -9999 -9999 -9999 -9999 -9999 -9999 -9999 -9999 -9999 -9999 -9999 -9999 -9999 -9999 -9999 -9999 -9999 -9999 -9999 -9999 -9999 -9999 -9999 -9999 -9999
789 837 955 957 926 924 996 1025 1129 1248 1356 1370 1272 1185 1163 1056 966 977 1022 1079 1162 1171 1279 1319 1261 1180 1093 994 890 957 1043 1035 1073 1061 1114 1110 1074 1107 1157 1118 1102 1109 1200 1245 1227 1301 1376 1448 1542 1634 1679 1580 1545 -9999 -9999 -9999 -9999 -9999 -9999 -9999 -9999 -9999 -9999 -9999 -9999 -9999 -9999 -9999 -9999 -9999 -9999 -9999 -9999 -9999 -9999 -9999 -9999 -9999
805 802 881 907 862 899 960 1022 1124 1213 1319 1347 1280 1248 1221 1068 945 967 1023 1068 1130 1139 1237 1228 1201 1197 1097 991 884 899 975 975 1015 991 1074 1084 1040 1092 1067 1051 1079 1099 1113 1135 1204 1311 1393 1386 1445 1503 1632 1553 1478 -9999 -9999 -9999 -9999 -9999 -9999 -9999 -9999 -9999 -9999 -9999 -9999 -9999 -9999 -9999 -9999 -9999 -9999 -9999 -9999 -9999 -9999 -9999 -9999 -9999
793 772 826 838 871 935 1004 1077 1173 1256 1337 1404 1373 1301 1203 1049 943 939 982 1017 1059 1091 1181 1183 1117 1153 1095 1007 903 862 898 897 939 969 1005 1008 1000 1017 1049 1116 1179 1216 1217 1187 1181 1205 1273 1317 1379 1473 1617 1605 1504 -9999 -9999 -9999 -9999 -9999 -9999 -9999 -9999 -9999 -9999 -9999 -9999 -9999 -9999 -9999 -9999 -9999 -9999 -9999 -9999 -9999 -9999 -9999 -9999 -9999
766 793 822 882 933 997 1046 1099 1162 1217 1310 1397 1355 1303 1155 1041 986 943 921 965 992 1034 1100 1139 1073 1057 1051 974 895 860 885 904 952 1059 1044 1019 1019 1018 1104 1163 1236 1318 1314 1275 1309 1300 1266 1295 1385 1447 1579 1605 1509 -9999 -9999 -9999 -9999 -9999 -9999 -9999 -9999 -9999 -9999 -9999 -9999 -9999 -9999 -9999 -9999 -9999 -9999 -9999 -9999 -9999 -9999 -9999 -9999 -9999
763 789 858 891 922 967 999 1042 1114 1194 1265 1345 1319 1269 1148 1092 1063 1001 946 921 954 956 1023 1127 1047 1017 1000 947 870 905 970 991 972 1085 1145 1113 1069 1069 1140 1226 1293 1371 1400 1378 1430 1414 1407 1332 1356 1404 1501 1633 1572 -9999 -9999 -9999 -9999 -9999 -9999 -9999 -9999 -9999 -9999 -9999 -9999 -9999 -9999 -9999 -9999 -9999 -9999 -9999 -9999 -9999 -9999 -9999 -9999 -9999
763 788 811 825 866 914 1058 1097 1124 1180 1254 1328 1220 1164 1147 1130 1117 1008 958 916 898 899 935 1030 976 997 937 877 893 931 1004 1056 1010 1084 1185 1228 1127 1125 1213 1243 1224 1242 1274 1373 1456 1515 1507 1421 1412 1479 1578 1696 1670 -9999 -9999 -9999 -9999 -9999 -9999 -9999 -9999 -9999 -9999 -9999 -9999 -9999 -9999 -9999 -9999 -9999 -9999 -9999 -9999 -9999 -9999 -9999 -9999 -9999
764 770 811 875 941 987 1122 1210 1239 1281 1350 1330 1202 1122 1073 1041 1014 983 973 978 927 914 885 904 917 934 898 893 959 975 1035 1102 1087 1139 1244 1284 1181 1193 1209 1157 1101 1134 1240 1346 1341 1407 1543 1541 1485 1487 1615 1753 1817 -9999 -9999 -9999 -9999 -9999 -9999 -9999 -9999 -9999 -9999 -9999 -9999 -9999 -9999 -9999 -9999 -9999 -9999 -9999 -9999 -9999 -9999 -9999 -9999 -9999
737 762 866 926 927 999 1118 1198 1220 1301 1425 1343 1222 1207 1115 1088 1038 1041 1037 995 934 952 949 944 882 861 855 870 973 999 1092 1141 1100 1119 1182 1273 1191 1119 1129 1103 1057 1122 1215 1274 1271 1357 1486 1587 1602 1597 1665 1805 1899 -9999 -9999 -9999 -9999 -9999 -9999 -9999 -9999 -9999 -9999 -9999 -9999 -9999 -9999 -9999 -9999 -9999 -9999 -9999 -9999 -9999 -9999 -9999 -9999 -9999
736 771 870 956 955 1022 1070 1092 1147 1256 1382 1384 1305 1262 1144 1178 1147 1103 1049 1021 965 993 1036 1029 971 918 875 871 933 969 1089 1123 1033 1069 1163 1246 1208 1123 1050 1062 1023 1069 1121 1179 1240 1323 1385 1538 1614 1593 1689 1794 1875 -9999 -9999 -9999 -9999 -9999 -9999 -9999 -9999 -9999 -9999 -9999 -9999 -9999 -9999 -9999 -9999 -9999 -9999 -9999 -9999 -9999 -9999 -9999 -9999 -9999
757 833 830 853 898 995 1049 1128 1224 1356 1479 1492 1403 1315 1201 1237 1249 1169 1093 1034 1010 1044 1124 1113 1072 953 879 848 900 914 956 994 974 1041 1139 1218 1161 1068 1009 989 1018 1100 1182 1255 1298 1319 1415 1543 1520 1495 1586 1711 1847 1926 1833 1765 -9999 -9999 -9999 -9999 -9999 -9999 -9999 -9999 -9999 -9999 -9999 -9999 -9999 -9999 -9999 -9999 -9999 -9999 -9999 -9999 -9999 -9999
788 879 922 940 1022 1088 1142 1224 1284 1388 1461 1516 1490 1350 1301 1324 1306 1177 1082 1047 1058 1140 1193 1197 1128 1019 934 846 881 872 883 911 934 1001 1088 1182 1205 1082 1021 987 1049 1131 1226 1331 1395 1448 1549 1511 1432 1489 1623 1724 1814 1893 1801 1702 -9999 -9999 -9999 -9999 -9999 -9999 -9999 -9999 -9999 -9999 -9999 -9999 -9999 -9999 -9999 -9999 -9999 -9999 -9999 -9999 -9999 -9999
799 882 954 973 1063 1045 1028 1082 1158 1241 1353 1458 1439 1363 1348 1314 1217 1114 1040 987 1024 1107 1119 1099 1118 1069 942 839 891 919 959 975 1007 1027 1110 1185 1244 1090 1024 959 999 1064 1177 1261 1318 1413 1530 1452 1426 1493 1533 1594 1670 1811 1759 1664 -9999 -9999 -9999 -9999 -9999 -9999 -9999 -9999 -9999 -9999 -9999 -9999 -9999 -9999 -9999 -9999 -9999 -9999 -9999 -9999 -9999 -9999
853 874 878 869 943 948 1008 1099 1196 1314 1411 1480 1428 1329 1264 1183 1110 1065 992 965 969 1037 1076 1009 1014 992 954 843 867 924 1010 1080 1088 1078 1175 1250 1271 1125 1039 965 991 1052 1116 1176 1305 1403 1472 1386 1353 1380 1405 1529 1647 1787 1776 1694 -9999 -9999 -9999 -9999 -9999 -9999 -9999 -9999 -9999 -9999 -9999 -9999 -9999 -9999 -9999 -9999 -9999 -9999 -9999 -9999 -9999 -9999
799 785 795 817 859 965 1067 1167 1274 1362 1464 1535 1458 1392 1341 1234 1154 1058 981 946 931 978 1043 987 918 893 895 836 889 970 1024 1084 1061 1037 1116 1194 1269 1179 1040 972 940 1025 1153 1200 1264 1352 1403 1334 1301 1301 1386 1512 1609 1753 1812 1720 -9999 -9999 -9999 -9999 -9999 -9999 -9999 -9999 -9999 -9999 -9999 -9999 -9999 -9999 -9999 -9999 -9999 -9999 -9999 -9999 -9999 -9999
753 816 849 873 913 1025 1111 1189 1273 1364 1451 1549 1528 1475 1419 1310 1220 1118 1028 983 943 920 944 921 876 877 867 828 900 919 960 997 960 963 1043 1107 1191 1171 1031 951 926 1000 1093 1171 1263 1293 1247 1262 1230 1298 1418 1566 1671 1765 1823 1822 1741 1634 -9999 -9999 -9999 -9999 -9999 -9999 -9999 -9999 -9999 -9999 -9999 -9999 -9999 -9999 -9999 -9999 -9999 -9999 -9999 -9999
783 857 948 931 950 1009 1076 1104 1184 1285 1365 1479 1524 1421 1319 1241 1232 1115 1010 949 946 920 895 909 925 973 927 831 847 923 884 893 883 907 1012 1062 1144 1137 1016 927 907 987 1106 1152 1195 1208 1154 1212 1187 1276 1391 1465 1560 1654 1750 1844 1805 1692 -9999 -9999 -9999 -9999 -9999 -9999 -9999 -9999 -9999 -9999 -9999 -9999 -9999 -9999 -9999 -9999 -9999 -9999 -9999 -9999
839 800 887 985 1053 1124 1182 1193 1202 1248 1316 1434 1469 1418 1272 1165 1128 1056 962 934 923 933 999 1048 1038 1023 908 818 808 882 838 821 833 878 944 991 1123 1159 1040 927 894 923 1006 1108 1109 1101 1090 1127 1160 1213 1298 1418 1525 1632 1757 1844 1886 1842 1790 1668 1608 -9999 -9999 -9999 -9999 -9999 -9999 -9999 -9999 -9999 -9999 -9999 -9999 -9999 -9999 -9999 -9999 -9999
908 846 880 966 1062 1240 1309 1296 1300 1306 1368 1435 1377 1289 1209 1147 1085 997 988 970 990 1023 1085 1109 1065 1028 929 827 805 823 786 781 815 839 906 1020 1126 1204 1084 989 917 892 990 1093 1014 1016 1070 1130 1191 1246 1358 1505 1613 1707 1772 1843 1935 1972 1895 1826 1797 -9999 -9999 -9999 -9999 -9999 -9999 -9999 -9999 -9999 -9999 -9999 -9999 -9999 -9999 -9999 -9999 -9999
969 928 879 934 1052 1213 1319 1407 1403 1397 1465 1512 1454 1309 1206 1134 1070 1001 1042 1007 1083 1142 1140 1043 950 918 903 818 793 780 761 753 782 815 898 996 1068 1123 1124 991 926 872 979 1025 962 1063 1154 1127 1138 1190 1271 1396 1510 1613 1702 1777 1891 2008 1964 1849 1771 -9999 -9999 -9999 -9999 -9999 -9999 -9999 -9999 -9999 -9999 -9999 -9999 -9999 -9999 -9999 -9999 -9999
