DEM/DEM8.asc
ncols 800
nrows 800
xllcenter 720150.000000
yllcenter 2000150.000000
cellsize 300.000000
nodata_value -9999
[rows 510 to 543 of 800, columns 0 to 77 of 800]
816 666 604 448 533 681 826 832 766 664 657 710 759 816 893 978 1075 1177 1219 1133 1023 917 845 733 680 770 876 975 1064 1167 1193 1113 1118 1120 1166 1073 977 1018 1061 1157 1222 1231 1109 1095 1130 1199 1268 1363 1355 1353 1345 1394 1445 1498 1495 1553 1558 1561 1561 1531 1424 -9999 -9999 -9999 -9999 -9999 -9999 -9999 -9999 -9999 -9999 -9999 -9999 -9999 -9999 -9999 -9999 -9999
851 751 696 474 487 607 718 718 697 647 733 789 828 882 908 945 1023 1116 1158 1069 1007 918 863 771 682 745 848 949 1053 1128 1155 1019 980 991 1029 1026 936 951 989 1091 1138 1160 1040 1053 1113 1199 1287 1354 1370 1314 1365 1415 1470 1453 1456 1446 1518 1521 1498 1444 1387 -9999 -9999 -9999 -9999 -9999 -9999 -9999 -9999 -9999 -9999 -9999 -9999 -9999 -9999 -9999 -9999 -9999
833 773 703 508 441 571 637 577 666 701 737 842 906 890 830 858 954 1036 1040 966 878 810 811 753 673 776 878 916 997 1079 1105 1014 897 935 915 949 918 977 958 989 1073 1087 982 1042 1120 1210 1313 1357 1357 1300 1356 1428 1467 1432 1394 1445 1488 1463 1447 1371 1372 -9999 -9999 -9999 -9999 -9999 -9999 -9999 -9999 -9999 -9999 -9999 -9999 -9999 -9999 -9999 -9999 -9999
872 830 721 534 442 499 551 593 722 813 848 863 904 882 802 785 869 858 849 838 791 720 696 650 661 764 873 937 1031 1024 996 966 873 892 850 895 964 1030 1064 972 995 1031 982 1026 1073 1191 1273 1327 1326 1270 1354 1393 1437 1398 1381 1467 1480 1460 1371 1309 1357 -9999 -9999 -9999 -9999 -9999 -9999 -9999 -9999 -9999 -9999 -9999 -9999 -9999 -9999 -9999 -9999 -9999
829 785 689 595 477 488 606 664 759 770 773 785 858 828 744 684 688 645 663 728 706 657 619 599 662 709 831 950 1013 945 922 858 783 809 870 994 977 1034 1134 1116 990 963 1003 1079 1138 1198 1228 1256 1311 1266 1362 1396 1442 1390 1376 1447 1452 1463 1385 1278 1337 -9999 -9999 -9999 -9999 -9999 -9999 -9999 -9999 -9999 -9999 -9999 -9999 -9999 -9999 -9999 -9999 -9999
840 775 732 713 550 461 551 570 651 642 674 744 840 843 731 615 571 574 579 619 631 654 663 660 690 677 730 860 904 846 829 796 777 882 957 1084 1063 1057 1159 1222 1113 1012 1047 1085 1116 1137 1187 1258 1255 1257 1372 1429 1463 1413 1358 1396 1436 1418 1364 1264 1281 -9999 -9999 -9999 -9999 -9999 -9999 -9999 -9999 -9999 -9999 -9999 -9999 -9999 -9999 -9999 -9999 -9999
881 832 814 785 613 459 432 497 568 598 654 703 759 790 726 569 566 694 768 701 723 753 792 776 829 782 681 767 791 744 760 820 889 978 1061 1153 1165 1103 1178 1242 1248 1099 1083 1126 1143 1166 1231 1223 1212 1282 1383 1446 1417 1388 1329 1398 1418 1320 1264 1231 1262 -9999 -9999 -9999 -9999 -9999 -9999 -9999 -9999 -9999 -9999 -9999 -9999 -9999 -9999 -9999 -9999 -9999
965 945 914 852 682 512 402 451 514 548 588 639 669 658 699 587 552 665 829 895 870 841 873 852 911 788 720 706 721 831 795 845 962 1085 1173 1227 1240 1147 1230 1331 1308 1187 1151 1168 1183 1185 1167 1171 1202 1257 1380 1406 1355 1326 1334 1356 1338 1261 1197 1184 1241 -9999 -9999 -9999 -9999 -9999 -9999 -9999 -9999 -9999 -9999 -9999 -9999 -9999 -9999 -9999 -9999 -9999
968 936 878 854 727 560 416 447 480 476 537 578 585 600 679 563 555 686 802 985 1013 958 986 932 963 841 820 787 812 921 905 825 920 1030 1117 1183 1283 1253 1258 1342 1365 1261 1212 1237 1293 1299 1232 1181 1172 1255 1326 1323 1291 1297 1378 1272 1265 1337 -9999 -9999 -9999 -9999 -9999 -9999 -9999 -9999 -9999 -9999 -9999 -9999 -9999 -9999 -9999 -9999 -9999 -9999 -9999 -9999
917 853 785 655 593 478 408 426 414 438 447 481 503 584 651 530 613 743 859 1002 1013 938 1006 1057 1071 975 908 938 991 1042 1040 954 909 978 1052 1170 1275 1347 1409 1411 1419 1307 1284 1283 1352 1388 1346 1279 1191 1205 1237 1265 1290 1339 1372 1271 1184 1228 -9999 -9999 -9999 -9999 -9999 -9999 -9999 -9999 -9999 -9999 -9999 -9999 -9999 -9999 -9999 -9999 -9999 -9999 -9999 -9999
846 775 643 530 459 413 489 540 485 413 409 422 492 575 584 515 635 774 875 1010 983 916 1002 1028 1056 1051 995 992 1046 1142 1163 1064 1018 1033 1037 1132 1192 1292 1428 1467 1474 1349 1389 1345 1369 1452 1431 1332 1241 1258 1222 1283 1317 1328 1337 1280 -9999 -9999 -9999 -9999 -9999 -9999 -9999 -9999 -9999 -9999 -9999 -9999 -9999 -9999 -9999 -9999 -9999 -9999 -9999 -9999 -9999 -9999
776 705 545 443 400 492 600 630 551 457 407 447 463 514 503 607 655 730 831 939 940 888 947 946 1030 1107 1126 1111 1101 1152 1256 1149 1042 1097 1161 1167 1205 1286 1405 1493 1518 1432 1447 1415 1423 1484 1454 1369 1316 1308 1273 1246 1270 1300 1315 1259 -9999 -9999 -9999 -9999 -9999 -9999 -9999 -9999 -9999 -9999 -9999 -9999 -9999 -9999 -9999 -9999 -9999 -9999 -9999 -9999 -9999 -9999
764 620 458 398 469 598 729 742 632 516 450 500 547 542 539 644 773 833 847 841 860 863 890 973 1057 1113 1201 1257 1211 1231 1319 1212 1079 1084 1162 1253 1311 1381 1453 1519 1572 1561 1550 1458 1421 1459 1385 1381 1413 1383 1343 1339 1341 1339 1328 1330 -9999 -9999 -9999 -9999 -9999 -9999 -9999 -9999 -9999 -9999 -9999 -9999 -9999 -9999 -9999 -9999 -9999 -9999 -9999 -9999 -9999 -9999
734 536 412 476 559 703 815 786 644 523 480 552 588 630 674 741 836 960 1036 974 900 846 883 955 1043 1103 1203 1293 1315 1383 1401 1267 1147 1118 1150 1246 1251 1361 1510 1601 1581 1522 1508 1390 1303 1329 1289 1290 1350 1349 1323 1297 1400 1399 1354 1290 1194 1103 -9999 -9999 -9999 -9999 -9999 -9999 -9999 -9999 -9999 -9999 -9999 -9999 -9999 -9999 -9999 -9999 -9999 -9999 -9999 -9999
732 575 421 505 626 766 889 814 676 567 524 594 614 657 745 842 876 978 1093 1040 969 878 915 991 1027 1062 1130 1214 1288 1400 1426 1291 1213 1223 1164 1178 1218 1311 1464 1541 1484 1446 1415 1332 1234 1235 1218 1207 1296 1284 1236 1232 1317 1411 1335 1232 1141 1083 -9999 -9999 -9999 -9999 -9999 -9999 -9999 -9999 -9999 -9999 -9999 -9999 -9999 -9999 -9999 -9999 -9999 -9999 -9999 -9999
729 565 419 498 635 807 947 904 745 627 638 638 681 701 813 927 987 992 1117 1067 991 891 892 954 1048 1124 1178 1260 1310 1368 1431 1339 1313 1318 1320 1253 1233 1295 1432 1449 1371 1408 1334 1277 1163 1165 1171 1153 1251 1263 1175 1190 1280 1384 1332 1270 1178 1139 -9999 -9999 -9999 -9999 -9999 -9999 -9999 -9999 -9999 -9999 -9999 -9999 -9999 -9999 -9999 -9999 -9999 -9999 -9999 -9999
731 556 415 494 625 772 892 953 809 717 716 684 740 795 898 961 1042 1097 1156 1107 998 908 915 963 1001 1057 1109 1165 1223 1308 1415 1388 1392 1421 1468 1372 1288 1343 1442 1334 1282 1336 1287 1221 1130 1117 1106 1127 1175 1191 1126 1177 1209 1338 1336 1228 1231 1215 -9999 -9999 -9999 -9999 -9999 -9999 -9999 -9999 -9999 -9999 -9999 -9999 -9999 -9999 -9999 -9999 -9999 -9999 -9999 -9999
688 534 419 514 618 758 873 971 881 795 774 745 804 881 942 999 1086 1160 1154 1075 980 925 940 1034 990 1038 1145 1231 1291 1352 1434 1441 1476 1441 1521 1455 1358 1379 1383 1261 1215 1315 1283 1188 1130 1059 1053 1078 1123 1146 1109 1114 1164 1281 1303 1186 1172 1219 -9999 -9999 -9999 -9999 -9999 -9999 -9999 -9999 -9999 -9999 -9999 -9999 -9999 -9999 -9999 -9999 -9999 -9999 -9999 -9999
626 501 410 531 640 760 885 986 946 872 830 810 888 976 1025 1073 1146 1205 1183 1091 1012 955 979 1053 1027 1089 1157 1227 1275 1381 1487 1530 1561 1503 1563 1478 1382 1327 1254 1205 1177 1258 1258 1219 1124 1059 1017 1018 1067 1093 1063 1098 1155 1236 1251 1188 1124 1175 1199 1179 1150 -9999 -9999 -9999 -9999 -9999 -9999 -9999 -9999 -9999 -9999 -9999 -9999 -9999 -9999 -9999 -9999 -9999
654 510 420 558 679 779 833 905 1007 963 876 876 957 1044 1109 1164 1205 1256 1164 1070 1004 979 1015 1080 1099 1154 1224 1291 1334 1416 1518 1584 1649 1647 1588 1431 1320 1251 1186 1133 1134 1181 1180 1195 1162 1085 1002 979 1009 1036 1080 1154 1177 1155 1181 1149 1079 1134 1129 1117 1042 -9999 -9999 -9999 -9999 -9999 -9999 -9999 -9999 -9999 -9999 -9999 -9999 -9999 -9999 -9999 -9999 -9999
702 522 428 582 721 693 734 847 930 975 940 929 1009 1057 1081 1196 1249 1243 1141 1068 995 1033 1081 1079 1150 1171 1182 1233 1287 1384 1494 1560 1661 1678 1577 1468 1361 1308 1228 1153 1086 1102 1087 1127 1108 1020 987 951 977 1043 1084 1141 1102 1066 1112 1140 1067 1081 1072 1017 976 -9999 -9999 -9999 -9999 -9999 -9999 -9999 -9999 -9999 -9999 -9999 -9999 -9999 -9999 -9999 -9999 -9999
752 526 431 593 683 603 705 775 840 913 960 947 997 1035 1072 1145 1190 1246 1131 1073 1035 1072 1132 1153 1172 1252 1263 1300 1367 1452 1558 1642 1640 1542 1489 1457 1317 1251 1222 1171 1060 997 1015 1061 1033 1050 1008 942 977 1026 1099 1141 1046 1001 1032 1086 1037 1065 989 917 903 -9999 -9999 -9999 -9999 -9999 -9999 -9999 -9999 -9999 -9999 -9999 -9999 -9999 -9999 -9999 -9999 -9999
790 584 419 532 589 528 585 661 712 828 897 861 976 1009 1061 1050 1149 1240 1164 1107 1088 1128 1152 1220 1267 1249 1369 1405 1445 1518 1580 1616 1570 1432 1369 1371 1224 1203 1130 1107 1079 969 955 1035 985 978 947 976 978 1011 1082 1067 1029 963 974 997 1055 1049 962 894 847 -9999 -9999 -9999 -9999 -9999 -9999 -9999 -9999 -9999 -9999 -9999 -9999 -9999 -9999 -9999 -9999 -9999
822 683 418 384 466 457 525 603 690 822 834 829 958 1005 990 993 1089 1183 1233 1175 1144 1189 1226 1245 1310 1370 1382 1501 1532 1461 1478 1558 1549 1381 1327 1304 1223 1147 1075 1029 1029 973 936 993 966 928 928 1006 1054 1074 1057 998 996 961 937 961 1048 1055 973 885 866 -9999 -9999 -9999 -9999 -9999 -9999 -9999 -9999 -9999 -9999 -9999 -9999 -9999 -9999 -9999 -9999 -9999
826 657 464 350 379 427 530 575 698 774 703 768 839 896 885 936 1010 1105 1158 1153 1204 1283 1321 1375 1403 1480 1520 1528 1452 1383 1448 1515 1447 1311 1276 1233 1287 1231 1161 1106 1041 970 924 928 909 896 882 943 1003 1020 1016 977 936 938 933 983 1029 997 1008 926 884 -9999 -9999 -9999 -9999 -9999 -9999 -9999 -9999 -9999 -9999 -9999 -9999 -9999 -9999 -9999 -9999 -9999
843 653 498 354 377 410 457 532 583 589 615 700 786 842 822 901 985 1023 1011 1053 1144 1250 1335 1440 1535 1609 1593 1526 1388 1318 1364 1420 1373 1275 1191 1204 1269 1175 1136 1116 1108 1022 944 918 919 908 866 905 995 967 971 1000 919 912 959 1003 980 956 -9999 -9999 -9999 -9999 -9999 -9999 -9999 -9999 -9999 -9999 -9999 -9999 -9999 -9999 -9999 -9999 -9999 -9999 -9999 -9999
766 647 510 386 374 475 520 523 563 586 629 658 757 797 784 848 889 922 941 1001 1086 1202 1295 1396 1536 1601 1545 1489 1364 1283 1324 1352 1288 1224 1161 1178 1251 1217 1150 1078 1058 1052 977 914 889 869 866 926 975 938 976 960 910 923 990 1031 986 906 -9999 -9999 -9999 -9999 -9999 -9999 -9999 -9999 -9999 -9999 -9999 -9999 -9999 -9999 -9999 -9999 -9999 -9999 -9999 -9999
690 586 459 356 410 513 638 697 750 726 711 714 771 809 823 874 967 1006 999 1050 1167 1273 1357 1447 1565 1565 1498 1390 1334 1231 1264 1284 1208 1158 1114 1173 1205 1145 1123 1125 1065 993 927 924 879 849 868 911 922 930 992 930 893 931 977 964 996 936 -9999 -9999 -9999 -9999 -9999 -9999 -9999 -9999 -9999 -9999 -9999 -9999 -9999 -9999 -9999 -9999 -9999 -9999 -9999 -9999
601 498 442 363 422 547 672 813 921 899 797 808 821 861 939 954 1001 1095 1154 1148 1233 1335 1409 1497 1572 1542 1443 1318 1305 1186 1262 1291 1183 1086 1076 1160 1153 1072 1032 1066 1096 1065 1009 961 883 864 838 882 921 893 941 928 877 924 973 937 996 948 872 836 779 -9999 -9999 -9999 -9999 -9999 -9999 -9999 -9999 -9999 -9999 -9999 -9999 -9999 -9999 -9999 -9999 -9999
544 469 402 365 445 586 729 860 967 991 902 876 891 896 940 1054 1115 1129 1105 1136 1225 1355 1395 1457 1549 1535 1412 1249 1250 1164 1251 1247 1186 1079 1032 1123 1123 1032 994 1012 1033 1047 1006 939 890 861 837 872 926 869 901 906 867 913 935 967 980 899 843 809 822 -9999 -9999 -9999 -9999 -9999 -9999 -9999 -9999 -9999 -9999 -9999 -9999 -9999 -9999 -9999 -9999 -9999
521 480 377 433 499 640 824 928 992 1011 1022 979 974 977 996 1099 1215 1233 1196 1191 1250 1362 1353 1395 1473 1474 1402 1247 1161 1102 1200 1235 1132 1034 1003 1086 1096 1059 990 955 961 996 994 941 922 877 845 855 909 883 864 855 875 894 931 951 968 949 -9999 -9999 -9999 -9999 -9999 -9999 -9999 -9999 -9999 -9999 -9999 -9999 -9999 -9999 -9999 -9999 -9999 -9999 -9999 -9999
473 405 387 494 611 731 888 979 1005 1071 1091 1093 1090 1113 1129 1220 1298 1343 1326 1269 1305 1380 1309 1310 1354 1349 1358 1276 1138 1076 1159 1169 1087 993 1003 1044 1024 993 970 926 954 963 960 910 895 895 866 842 873 836 853 880 911 891 927 965 928 902 -9999 -9999 -9999 -9999 -9999 -9999 -9999 -9999 -9999 -9999 -9999 -9999 -9999 -9999 -9999 -9999 -9999 -9999 -9999 -9999
378 366 446 549 674 838 860 899 923 976 1009 1061 1151 1210 1271 1328 1376 1340 1273 1256 1279 1349 1284 1208 1265 1256 1267 1264 1138 1053 1112 1111 1025 955 943 1024 1017 962 931 902 911 924 951 901 865 851 862 838 845 839 869 884 949 938 907 915 926 894 -9999 -9999 -9999 -9999 -9999 -9999 -9999 -9999 -9999 -9999 -9999 -9999 -9999 -9999 -9999 -9999 -9999 -9999 -9999 -9999
445 465 522 628 780 942 978 944 893 908 947 1036 1151 1234 1284 1252 1282 1230 1182 1179 1196 1256 1254 1162 1177 1172 1190 1210 1104 1030 1102 1074 1012 933 933 997 1055 1035 978 907 867 881 916 883 863 832 824 858 881 889 928 942 936 949 949 901 900 904 865 838 752 -9999 -9999 -9999 -9999 -9999 -9999 -9999 -9999 -9999 -9999 -9999 -9999 -9999 -9999 -9999 -9999 -9999
