DEM/DEM8.asc
ncols 800
nrows 800
xllcenter 720150.000000
yllcenter 2000150.000000
cellsize 300.000000
nodata_value -9999
[rows 578 to 611 of 800, columns 0 to 77 of 800]
549 531 535 593 623 659 642 719 792 801 795 731 610 556 502 505 546 592 627 676 669 668 609 594 576 619 653 625 653 691 759 720 744 750 710 664 710 641 655 764 795 892 915 850 926 910 953 860 900 929 909 993 1027 1075 1066 1100 1117 1094 1084 1146 1148 1046 965 -9999 -9999 -9999 -9999 -9999 -9999 -9999 -9999 -9999 -9999 -9999 -9999 -9999 -9999 -9999
466 497 547 573 604 684 716 756 762 730 729 696 588 538 530 539 544 563 619 663 705 739 695 638 648 605 650 694 738 794 833 793 744 826 754 679 766 722 674 691 732 837 813 797 857 842 816 804 851 852 891 918 936 971 1003 1037 1048 1051 1075 1143 1116 1026 922 -9999 -9999 -9999 -9999 -9999 -9999 -9999 -9999 -9999 -9999 -9999 -9999 -9999 -9999 -9999
423 452 492 516 535 582 593 615 668 653 625 637 617 565 541 600 609 550 575 598 698 766 787 701 678 642 632 659 707 766 847 886 781 849 792 711 751 836 761 756 721 712 729 779 796 738 761 793 854 920 979 1037 1042 1038 1076 1109 1078 1102 1146 1214 1179 1080 1003 -9999 -9999 -9999 -9999 -9999 -9999 -9999 -9999 -9999 -9999 -9999 -9999 -9999 -9999 -9999
444 442 459 484 512 532 541 577 580 579 553 570 579 574 558 618 663 607 577 585 661 749 771 783 743 694 715 695 788 766 784 878 860 874 836 773 790 835 774 803 792 722 702 734 728 778 831 852 848 914 976 1021 1074 1116 1127 1152 1158 1155 1213 1194 1118 1053 1056 -9999 -9999 -9999 -9999 -9999 -9999 -9999 -9999 -9999 -9999 -9999 -9999 -9999 -9999 -9999
441 435 475 486 474 477 486 496 516 526 529 540 572 579 586 639 696 670 651 628 598 638 642 708 730 764 829 779 821 835 827 833 919 968 940 852 894 930 868 896 901 812 749 730 739 798 873 921 910 859 894 902 969 990 1021 1031 1061 1119 1126 1025 1038 993 955 -9999 -9999 -9999 -9999 -9999 -9999 -9999 -9999 -9999 -9999 -9999 -9999 -9999 -9999 -9999
472 447 432 448 478 505 521 514 543 555 563 562 588 598 621 687 752 703 728 697 598 594 624 617 632 678 766 866 921 938 929 859 888 1022 1009 901 936 1025 976 905 839 806 791 760 807 834 892 939 996 915 923 952 953 925 942 956 1006 1089 1006 935 941 -9999 -9999 -9999 -9999 -9999 -9999 -9999 -9999 -9999 -9999 -9999 -9999 -9999 -9999 -9999 -9999 -9999
488 479 457 461 463 475 539 558 584 581 605 586 620 640 664 677 779 760 779 718 633 645 696 688 650 669 684 765 891 1007 1007 935 920 1012 1039 971 986 1035 954 913 952 874 789 794 857 887 934 957 1027 994 984 1037 1028 977 965 984 1026 1048 946 898 876 -9999 -9999 -9999 -9999 -9999 -9999 -9999 -9999 -9999 -9999 -9999 -9999 -9999 -9999 -9999 -9999 -9999
464 476 492 522 509 489 561 570 578 575 590 610 636 697 733 727 736 817 807 762 669 656 739 748 683 749 712 703 805 955 1041 1012 947 1029 1112 1071 1075 1039 982 945 966 891 803 829 909 954 953 970 1031 1043 1085 1169 1150 1074 1021 1059 1052 970 -9999 -9999 -9999 -9999 -9999 -9999 -9999 -9999 -9999 -9999 -9999 -9999 -9999 -9999 -9999 -9999 -9999 -9999 -9999 -9999
473 522 544 585 538 497 526 518 559 589 581 592 634 706 774 816 765 822 866 782 699 677 768 808 729 773 784 717 765 847 944 1064 1098 1125 1138 1163 1136 1037 1047 991 1004 920 856 861 844 862 872 918 961 972 1064 1182 1217 1203 1098 998 911 835 -9999 -9999 -9999 -9999 -9999 -9999 -9999 -9999 -9999 -9999 -9999 -9999 -9999 -9999 -9999 -9999 -9999 -9999 -9999 -9999
525 549 588 631 558 530 562 544 588 650 627 652 692 713 847 895 856 840 860 789 741 743 820 856 760 803 844 775 735 767 880 1004 1078 1092 1112 1194 1148 1072 1092 1026 975 911 945 969 891 899 865 887 912 944 1016 1123 1161 1217 1147 1000 865 776 -9999 -9999 -9999 -9999 -9999 -9999 -9999 -9999 -9999 -9999 -9999 -9999 -9999 -9999 -9999 -9999 -9999 -9999 -9999 -9999
623 603 654 653 623 581 645 602 553 617 663 675 780 741 865 982 959 923 909 877 783 805 872 913 830 809 898 890 821 804 843 900 947 1000 1033 1168 1213 1204 1185 1052 985 987 1039 976 921 978 992 926 895 921 1015 1074 1118 1182 1186 1021 -9999 -9999 -9999 -9999 -9999 -9999 -9999 -9999 -9999 -9999 -9999 -9999 -9999 -9999 -9999 -9999 -9999 -9999 -9999 -9999 -9999 -9999
680 712 710 707 689 649 673 622 603 612 638 713 817 768 879 982 1046 1040 985 867 824 893 920 964 849 822 911 945 932 834 873 874 912 940 997 1106 1218 1304 1295 1142 1072 1027 1026 973 960 1036 1103 1004 914 925 1017 1072 1146 1201 1248 1113 -9999 -9999 -9999 -9999 -9999 -9999 -9999 -9999 -9999 -9999 -9999 -9999 -9999 -9999 -9999 -9999 -9999 -9999 -9999 -9999 -9999 -9999
607 627 612 616 651 675 690 671 631 695 724 750 862 817 834 934 1013 1112 1021 898 882 939 1004 1016 906 856 954 1004 948 833 895 963 1019 991 993 1073 1173 1268 1340 1209 1090 1084 1034 1023 994 1081 1128 1027 932 958 999 1053 1122 1208 1287 1181 -9999 -9999 -9999 -9999 -9999 -9999 -9999 -9999 -9999 -9999 -9999 -9999 -9999 -9999 -9999 -9999 -9999 -9999 -9999 -9999 -9999 -9999
575 556 551 577 589 608 685 737 700 731 813 865 941 925 826 901 982 1097 1110 980 968 990 1033 1055 946 899 971 1040 948 837 908 978 1077 1131 1099 1134 1226 1300 1380 1272 1242 1155 1105 1092 1053 1094 1150 1031 964 1016 1096 1119 1132 1226 1315 1227 -9999 -9999 -9999 -9999 -9999 -9999 -9999 -9999 -9999 -9999 -9999 -9999 -9999 -9999 -9999 -9999 -9999 -9999 -9999 -9999 -9999 -9999
627 630 599 577 608 641 636 730 792 735 768 860 956 985 864 851 916 1018 1110 1083 1090 1096 1095 1083 981 952 1030 1038 890 870 914 946 1002 1099 1159 1227 1269 1269 1355 1414 1362 1220 1204 1176 1145 1194 1194 1068 1006 1053 1133 1234 1215 1231 1169 1121 -9999 -9999 -9999 -9999 -9999 -9999 -9999 -9999 -9999 -9999 -9999 -9999 -9999 -9999 -9999 -9999 -9999 -9999 -9999 -9999 -9999 -9999
667 678 653 620 584 664 703 723 843 867 823 857 919 987 936 841 882 946 1025 1069 1151 1198 1189 1148 1038 1014 1096 1041 898 886 887 885 947 1038 1114 1160 1192 1216 1326 1324 1365 1304 1291 1256 1248 1259 1230 1122 1049 1066 1127 1220 1195 1107 990 967 -9999 -9999 -9999 -9999 -9999 -9999 -9999 -9999 -9999 -9999 -9999 -9999 -9999 -9999 -9999 -9999 -9999 -9999 -9999 -9999 -9999 -9999
746 754 732 697 640 665 770 728 830 966 975 965 980 1026 1000 928 987 931 971 1014 1126 1221 1285 1284 1172 1162 1179 1099 957 984 992 963 908 953 1033 1067 1088 1161 1249 1261 1331 1400 1422 1365 1405 1381 1274 1155 1147 1161 1179 1172 1110 1036 916 842 -9999 -9999 -9999 -9999 -9999 -9999 -9999 -9999 -9999 -9999 -9999 -9999 -9999 -9999 -9999 -9999 -9999 -9999 -9999 -9999 -9999 -9999
832 820 808 728 706 699 811 752 851 962 1065 1087 1092 1128 1081 991 1068 1054 983 1006 1109 1217 1294 1361 1368 1313 1250 1108 1024 1066 1082 975 977 941 999 1004 1059 1149 1179 1226 1277 1381 1421 1459 1452 1490 1388 1280 1297 1309 1214 1132 1059 -9999 -9999 -9999 -9999 -9999 -9999 -9999 -9999 -9999 -9999 -9999 -9999 -9999 -9999 -9999 -9999 -9999 -9999 -9999 -9999 -9999 -9999 -9999 -9999 -9999
887 894 866 778 737 730 830 774 845 943 1036 1122 1203 1235 1168 1077 1105 1150 1062 1016 1072 1169 1252 1329 1452 1438 1305 1141 1061 1101 1059 1000 1066 1001 1058 1037 1087 1206 1222 1235 1286 1327 1367 1403 1415 1481 1441 1328 1373 1334 1224 1138 1055 -9999 -9999 -9999 -9999 -9999 -9999 -9999 -9999 -9999 -9999 -9999 -9999 -9999 -9999 -9999 -9999 -9999 -9999 -9999 -9999 -9999 -9999 -9999 -9999 -9999
845 846 902 866 822 808 898 829 891 980 1051 1142 1243 1318 1295 1187 1212 1250 1158 1114 1142 1191 1242 1322 1409 1494 1364 1190 1174 1174 1051 1074 1164 1094 1097 1109 1103 1171 1284 1294 1314 1364 1349 1343 1386 1462 1439 1360 1403 1334 1217 -9999 -9999 -9999 -9999 -9999 -9999 -9999 -9999 -9999 -9999 -9999 -9999 -9999 -9999 -9999 -9999 -9999 -9999 -9999 -9999 -9999 -9999 -9999 -9999 -9999 -9999 -9999
759 823 870 937 896 897 965 871 894 978 1069 1116 1187 1300 1430 1357 1328 1302 1225 1277 1278 1297 1380 1423 1463 1538 1466 1292 1274 1217 1122 1130 1224 1206 1169 1175 1161 1208 1274 1392 1401 1411 1449 1388 1407 1402 1286 1269 1231 1253 1249 -9999 -9999 -9999 -9999 -9999 -9999 -9999 -9999 -9999 -9999 -9999 -9999 -9999 -9999 -9999 -9999 -9999 -9999 -9999 -9999 -9999 -9999 -9999 -9999 -9999 -9999 -9999
805 844 921 943 963 1001 1017 970 977 1027 1103 1178 1235 1319 1435 1484 1418 1324 1297 1327 1358 1413 1462 1512 1490 1559 1524 1407 1377 1268 1176 1202 1283 1282 1224 1202 1223 1260 1333 1421 1482 1457 1464 1415 1421 1294 1174 1114 1070 1125 1168 -9999 -9999 -9999 -9999 -9999 -9999 -9999 -9999 -9999 -9999 -9999 -9999 -9999 -9999 -9999 -9999 -9999 -9999 -9999 -9999 -9999 -9999 -9999 -9999 -9999 -9999 -9999
862 868 994 969 1002 1104 1126 1092 1084 1125 1161 1249 1330 1422 1425 1370 1336 1282 1235 1259 1281 1299 1339 1371 1398 1509 1489 1503 1421 1358 1252 1307 1390 1371 1269 1272 1288 1307 1356 1360 1310 1229 1265 1223 1312 1245 1097 978 -9999 -9999 -9999 -9999 -9999 -9999 -9999 -9999 -9999 -9999 -9999 -9999 -9999 -9999 -9999 -9999 -9999 -9999 -9999 -9999 -9999 -9999 -9999 -9999 -9999 -9999 -9999 -9999 -9999 -9999
907 932 1004 1046 1065 1146 1194 1147 1162 1216 1273 1332 1375 1362 1312 1242 1258 1285 1202 1167 1180 1197 1272 1260 1399 1517 1441 1384 1341 1363 1341 1382 1392 1397 1334 1274 1165 1169 1182 1204 1151 1095 1169 1092 1197 1251 1106 999 -9999 -9999 -9999 -9999 -9999 -9999 -9999 -9999 -9999 -9999 -9999 -9999 -9999 -9999 -9999 -9999 -9999 -9999 -9999 -9999 -9999 -9999 -9999 -9999 -9999 -9999 -9999 -9999 -9999 -9999
1000 1062 1062 1059 1066 1102 1089 1088 1160 1251 1322 1327 1299 1311 1257 1177 1222 1246 1214 1121 1096 1175 1177 1237 1365 1432 1406 1358 1298 1318 1311 1307 1338 1362 1266 1204 1060 1033 1041 1085 1102 -9999 -9999 -9999 -9999 -9999 -9999 -9999 -9999 -9999 -9999 -9999 -9999 -9999 -9999 -9999 -9999 -9999 -9999 -9999 -9999 -9999 -9999 -9999 -9999 -9999 -9999 -9999 -9999 -9999 -9999 -9999 -9999 -9999 -9999 -9999 -9999 -9999
1061 1005 966 914 910 960 979 1029 1104 1166 1219 1217 1188 1193 1205 1128 1144 1156 1155 1083 1053 1102 1156 1262 1350 1351 1342 1282 1254 1290 1271 1313 1351 1289 1221 1147 1043 967 981 1036 999 -9999 -9999 -9999 -9999 -9999 -9999 -9999 -9999 -9999 -9999 -9999 -9999 -9999 -9999 -9999 -9999 -9999 -9999 -9999 -9999 -9999 -9999 -9999 -9999 -9999 -9999 -9999 -9999 -9999 -9999 -9999 -9999 -9999 -9999 -9999 -9999 -9999
923 853 846 798 800 848 901 952 972 1058 1115 1114 1085 1090 1136 1057 1026 1063 1033 976 1018 1115 1186 1292 1371 1305 1300 1309 1219 1238 1290 1377 1377 1297 1239 1149 1037 974 927 929 959 -9999 -9999 -9999 -9999 -9999 -9999 -9999 -9999 -9999 -9999 -9999 -9999 -9999 -9999 -9999 -9999 -9999 -9999 -9999 -9999 -9999 -9999 -9999 -9999 -9999 -9999 -9999 -9999 -9999 -9999 -9999 -9999 -9999 -9999 -9999 -9999 -9999
837 759 741 712 736 801 822 879 981 1034 1014 1010 991 1037 1078 988 961 1007 939 931 1033 1160 1252 1338 1389 1323 1253 1245 1198 1233 1324 1354 1327 1333 1255 1148 -9999 -9999 -9999 -9999 -9999 -9999 -9999 -9999 -9999 -9999 -9999 -9999 -9999 -9999 -9999 -9999 -9999 -9999 -9999 -9999 -9999 -9999 -9999 -9999 -9999 -9999 -9999 -9999 -9999 -9999 -9999 -9999 -9999 -9999 -9999 -9999 -9999 -9999 -9999 -9999 -9999 -9999
734 691 640 634 677 718 793 856 888 905 890 904 924 959 990 936 923 961 890 960 1075 1179 1231 1286 1355 1312 1214 1149 1208 1262 1270 1240 1249 1328 1335 1234 -9999 -9999 -9999 -9999 -9999 -9999 -9999 -9999 -9999 -9999 -9999 -9999 -9999 -9999 -9999 -9999 -9999 -9999 -9999 -9999 -9999 -9999 -9999 -9999 -9999 -9999 -9999 -9999 -9999 -9999 -9999 -9999 -9999 -9999 -9999 -9999 -9999 -9999 -9999 -9999 -9999 -9999
634 634 633 677 672 656 689 731 783 807 800 844 857 878 912 863 884 879 914 983 1096 1143 1185 1232 1302 1270 1185 1119 1202 1242 1172 1175 1240 1288 1306 1242 -9999 -9999 -9999 -9999 -9999 -9999 -9999 -9999 -9999 -9999 -9999 -9999 -9999 -9999 -9999 -9999 -9999 -9999 -9999 -9999 -9999 -9999 -9999 -9999 -9999 -9999 -9999 -9999 -9999 -9999 -9999 -9999 -9999 -9999 -9999 -9999 -9999 -9999 -9999 -9999 -9999 -9999
569 589 699 802 834 737 725 680 724 730 751 780 793 815 837 813 837 910 991 1061 1109 1131 1215 1250 1277 1177 1081 1109 1174 1134 1149 1170 1233 1247 1228 1150 -9999 -9999 -9999 -9999 -9999 -9999 -9999 -9999 -9999 -9999 -9999 -9999 -9999 -9999 -9999 -9999 -9999 -9999 -9999 -9999 -9999 -9999 -9999 -9999 -9999 -9999 -9999 -9999 -9999 -9999 -9999 -9999 -9999 -9999 -9999 -9999 -9999 -9999 -9999 -9999 -9999 -9999
657 686 741 837 935 914 865 786 731 781 781 779 766 786 782 801 842 910 1011 1033 1052 1138 1202 1237 1180 1162 1059 1069 1087 1129 1202 1266 1283 1204 1118 1080 -9999 -9999 -9999 -9999 -9999 -9999 -9999 -9999 -9999 -9999 -9999 -9999 -9999 -9999 -9999 -9999 -9999 -9999 -9999 -9999 -9999 -9999 -9999 -9999 -9999 -9999 -9999 -9999 -9999 -9999 -9999 -9999 -9999 -9999 -9999 -9999 -9999 -9999 -9999 -9999 -9999 -9999
765 784 875 907 1020 1070 936 842 789 859 943 894 811 856 866 880 857 835 900 943 1031 1098 1159 1174 1087 1094 1036 1034 1080 1162 1260 1330 1366 1257 1147 1062 -9999 -9999 -9999 -9999 -9999 -9999 -9999 -9999 -9999 -9999 -9999 -9999 -9999 -9999 -9999 -9999 -9999 -9999 -9999 -9999 -9999 -9999 -9999 -9999 -9999 -9999 -9999 -9999 -9999 -9999 -9999 -9999 -9999 -9999 -9999 -9999 -9999 -9999 -9999 -9999 -9999 -9999
832 834 955 1029 1085 1120 961 851 828 879 1010 914 878 882 955 1000 966 878 866 930 988 1076 1078 1036 1031 1012 1016 1086 1107 1114 1200 1250 1317 1286 1228 1107 -9999 -9999 -9999 -9999 -9999 -9999 -9999 -9999 -9999 -9999 -9999 -9999 -9999 -9999 -9999 -9999 -9999 -9999 -9999 -9999 -9999 -9999 -9999 -9999 -9999 -9999 -9999 -9999 -9999 -9999 -9999 -9999 -9999 -9999 -9999 -9999 -9999 -9999 -9999 -9999 -9999 -9999
