DEM/DEM9.asc
ncols 800
nrows 800
xllcenter 960150.000000
yllcenter 2000150.000000
cellsize 300.000000
nodata_value -9999
[rows 680 to 713 of 800, columns 77 to 153 of 800]
168 165 176 173 171 170 163 162 165 167 167 165 160 159 157 156 157 155 156 164 164 157 156 156 157 155 153 153 155 158 155 156 157 153 157 156 155 153 153 152 155 152 152 151 -9999 -9999 -9999 -9999 -9999 -9999 -9999 -9999 -9999 -9999 -9999 -9999 -9999 -9999 -9999 -9999 -9999 -9999 -9999 -9999 -9999 -9999 -9999 -9999 -9999 -9999 -9999 -9999 -9999 -9999 -9999 -9999 -9999
167 164 165 165 165 166 169 166 164 162 162 162 161 160 157 157 157 157 155 161 162 156 157 154 153 153 152 152 153 153 157 154 156 156 156 158 156 154 152 154 156 154 154 154 -9999 -9999 -9999 -9999 -9999 -9999 -9999 -9999 -9999 -9999 -9999 -9999 -9999 -9999 -9999 -9999 -9999 -9999 -9999 -9999 -9999 -9999 -9999 -9999 -9999 -9999 -9999 -9999 -9999 -9999 -9999 -9999 -9999
171 173 171 165 164 166 171 177 168 163 164 165 162 160 159 156 155 157 157 156 163 154 154 158 153 152 153 152 152 152 153 158 157 156 156 155 157 156 153 152 147 154 164 155 155 156 -9999 -9999 -9999 -9999 -9999 -9999 -9999 -9999 -9999 -9999 -9999 -9999 -9999 -9999 -9999 -9999 -9999 -9999 -9999 -9999 -9999 -9999 -9999 -9999 -9999 -9999 -9999 -9999 -9999 -9999 -9999
176 179 175 167 167 168 184 176 174 167 170 172 168 161 160 157 155 154 156 158 162 155 153 156 157 155 154 153 152 150 152 153 156 156 156 156 156 157 155 154 154 149 152 151 154 153 -9999 -9999 -9999 -9999 -9999 -9999 -9999 -9999 -9999 -9999 -9999 -9999 -9999 -9999 -9999 -9999 -9999 -9999 -9999 -9999 -9999 -9999 -9999 -9999 -9999 -9999 -9999 -9999 -9999 -9999 -9999
180 177 171 171 180 175 189 181 180 171 176 174 168 162 158 157 156 156 155 155 157 154 155 156 156 158 159 156 153 152 152 152 154 154 157 158 158 159 160 158 154 149 144 152 152 152 151 151 152 153 153 153 153 153 153 151 151 152 153 153 155 153 147 151 -9999 -9999 -9999 -9999 -9999 154 153 154 155 155 156 155 155
179 170 171 180 185 181 192 193 182 176 182 175 171 164 162 158 160 161 154 154 154 154 158 158 156 156 158 160 161 154 152 152 151 152 153 154 161 165 159 158 157 157 156 153 148 148 148 151 151 153 153 149 153 152 155 158 153 155 156 158 155 156 156 156 -9999 -9999 -9999 -9999 -9999 158 162 163 163 158 159 156 154
182 174 179 187 195 194 200 193 183 182 187 175 172 166 161 160 160 157 155 154 154 155 155 154 153 155 160 164 165 157 151 153 151 152 152 154 154 162 160 159 161 158 159 160 158 159 157 156 155 155 156 155 156 157 156 157 156 157 157 157 155 156 158 158 -9999 -9999 -9999 -9999 -9999 166 166 172 168 165 163 158 153
183 181 180 186 190 192 195 191 186 190 190 175 172 167 165 162 160 156 155 155 155 155 154 153 153 154 158 162 162 160 158 155 152 152 152 152 154 160 159 156 155 155 157 157 156 157 158 157 155 155 155 155 157 156 155 156 154 155 156 156 155 158 161 161 165 168 168 175 176 176 173 171 171 168 159 154 152
183 187 186 184 185 185 198 198 192 191 186 171 172 172 169 166 161 158 156 156 156 156 154 153 153 153 158 165 165 163 165 156 153 154 150 150 153 160 160 155 154 154 153 154 155 155 154 154 153 154 153 154 155 155 155 154 154 157 156 157 158 167 172 175 176 175 183 183 182 181 179 170 168 169 157 154 154
181 182 190 191 189 191 198 203 200 189 189 175 181 177 171 165 162 158 158 159 158 156 155 153 152 152 155 158 159 157 159 155 155 162 156 153 152 154 155 157 156 153 155 160 157 153 153 153 153 153 154 154 154 156 155 155 154 155 157 156 160 167 171 174 171 174 176 178 180 179 181 174 168 167 159 153 156
173 176 176 180 194 201 201 199 192 189 185 179 185 183 180 173 166 162 159 159 158 156 154 154 153 152 151 153 152 152 153 155 160 155 153 152 153 152 152 154 157 157 162 164 158 154 153 154 153 152 156 154 153 154 155 155 155 153 155 160 157 160 163 172 170 167 167 169 175 178 175 168 163 167 161 154 155
169 174 179 182 182 192 188 189 197 195 188 179 182 180 180 177 168 161 159 161 159 156 156 153 153 152 151 151 152 152 153 154 153 152 150 152 151 151 152 153 156 158 159 165 166 161 161 158 162 159 159 154 153 154 155 154 153 154 155 160 159 162 165 175 170 169 171 164 166 170 177 175 164 164 165 153 154
176 183 178 188 192 186 180 193 199 189 180 174 172 174 171 170 164 162 165 163 159 157 157 153 154 154 153 152 151 151 151 155 154 152 153 153 150 145 152 153 154 155 155 160 170 168 164 163 162 165 160 152 152 152 153 154 154 155 154 160 165 167 172 180 180 170 174 170 165 162 164 172 164 158 157 154 154
181 179 184 183 179 178 186 195 196 191 182 180 178 173 173 174 165 168 173 166 162 160 159 156 156 156 154 151 150 150 151 151 152 152 152 156 154 153 155 153 154 153 154 152 158 164 165 165 162 167 162 154 155 154 153 154 154 154 154 160 166 167 166 173 180 177 175 176 170 168 163 161 160 158 157 154 157
178 172 179 172 172 185 187 189 194 195 194 189 184 183 186 177 169 170 173 168 165 164 161 157 157 155 154 152 151 150 150 157 151 152 151 151 154 154 154 153 153 152 152 152 152 154 162 156 160 164 160 153 153 153 154 153 155 154 155 157 161 161 170 172 176 181 182 176 166 175 165 162 160 167 158 155 160
167 167 170 167 171 173 180 181 193 191 189 193 192 197 190 181 175 171 177 173 168 166 161 162 158 157 154 153 151 149 148 145 150 152 152 150 150 151 152 153 152 151 152 152 155 152 154 154 158 167 162 153 153 153 153 154 154 154 154 155 157 167 175 172 179 186 178 170 173 180 175 173 171 167 162 157 157
182 176 172 177 182 184 183 187 191 186 189 189 194 196 184 176 170 175 176 172 165 163 164 168 164 159 156 154 152 152 152 150 145 153 152 152 157 153 153 152 153 147 151 152 154 159 160 154 155 161 157 152 153 153 153 154 153 154 156 156 159 162 166 170 174 184 181 176 178 175 170 175 171 165 159 159 157
179 180 182 180 191 191 185 188 185 181 189 184 187 187 182 173 175 178 171 167 163 167 173 173 168 163 158 155 154 153 152 151 150 151 152 153 153 152 151 149 153 153 153 150 153 153 154 153 151 156 155 152 150 152 153 150 151 155 155 156 157 163 166 170 171 183 184 176 182 176 171 166 163 164 162 166 157
168 172 181 189 186 181 178 178 178 178 177 183 187 180 183 187 182 179 171 170 164 168 176 175 171 166 162 158 155 155 154 154 150 150 150 150 151 151 150 151 151 157 155 152 150 151 154 150 151 152 155 152 152 153 154 154 151 153 155 155 157 161 167 167 172 179 178 174 178 176 170 165 169 166 166 167 157
171 179 181 185 179 174 172 172 174 172 175 180 182 183 188 194 183 177 177 177 174 169 177 177 173 167 170 167 158 163 161 151 151 150 150 149 150 151 150 150 150 153 154 152 153 152 157 155 152 153 154 151 153 152 154 155 154 153 153 155 156 157 167 174 173 173 178 173 170 168 167 168 173 167 168 169 163
176 189 185 180 178 173 172 171 169 171 172 177 177 178 181 183 188 187 186 183 176 175 178 180 171 174 175 171 160 167 166 154 144 151 148 148 150 150 151 150 149 152 151 152 157 155 164 168 157 156 152 149 154 152 152 154 155 156 155 156 157 159 166 177 178 172 171 170 169 169 177 179 176 168 169 173 168
178 186 181 177 175 175 174 175 168 169 173 174 174 174 176 180 187 187 183 180 178 180 180 182 177 177 176 175 163 169 168 160 150 152 152 152 150 150 150 151 150 151 151 153 153 156 162 167 167 157 151 155 159 161 154 154 154 155 156 157 157 158 165 180 185 172 170 171 174 175 174 173 174 167 170 173 171
190 188 177 174 174 178 180 177 171 168 174 180 177 171 171 175 178 179 176 182 185 185 183 179 175 172 170 165 163 172 172 170 165 155 154 154 151 152 152 151 151 152 150 154 151 164 162 163 163 163 158 160 165 168 157 154 155 156 158 159 159 160 165 179 187 177 170 175 180 180 175 173 171 167 173 176 175
189 182 175 171 175 177 173 169 165 165 169 177 177 172 169 169 170 174 172 182 182 183 181 180 176 172 166 167 165 170 173 167 161 157 157 158 155 153 153 152 152 152 151 146 150 156 164 162 162 161 165 160 169 168 155 157 157 157 157 158 159 163 168 182 185 177 171 175 180 181 172 170 166 167 173 178 178
185 177 172 170 169 168 166 162 163 165 164 166 168 166 167 166 167 169 169 174 180 181 179 179 180 180 174 169 168 175 169 162 168 168 166 160 157 156 155 154 153 153 152 150 149 152 165 166 165 158 162 172 165 161 156 158 162 160 159 159 161 164 168 175 181 177 173 170 178 180 174 170 166 170 171 177 182
179 176 173 172 165 165 163 164 164 164 164 163 163 163 163 163 165 166 167 170 175 177 176 173 178 180 176 171 174 179 175 171 180 183 167 163 165 160 157 157 156 155 153 151 151 152 160 161 161 162 158 157 161 165 164 164 164 166 164 160 165 167 167 176 180 175 174 169 173 181 174 169 166 174 177 180 180
179 176 169 166 165 166 169 171 170 170 170 168 168 164 162 161 164 165 165 166 170 171 171 172 178 179 181 177 174 177 169 177 185 179 169 173 171 164 160 158 156 155 153 151 151 150 153 154 154 157 157 152 157 163 167 168 166 169 169 169 166 166 170 177 175 172 173 168 170 177 173 170 168 170 174 179 174
175 172 168 165 171 171 173 173 173 174 171 168 168 165 165 162 161 163 164 164 165 168 168 168 175 178 175 178 181 181 173 168 188 179 171 177 174 167 161 159 159 157 153 151 150 151 151 151 151 153 156 155 154 156 162 163 165 168 166 168 169 163 167 171 168 173 170 167 167 176 178 175 170 168 172 173 173
171 167 169 170 174 176 171 166 166 166 164 165 164 163 165 164 162 161 162 163 163 165 166 166 172 174 176 176 179 185 183 177 174 176 175 178 180 166 167 166 162 157 154 152 152 152 151 153 157 154 153 153 154 154 155 156 157 161 160 160 162 160 161 163 166 170 169 167 165 171 179 181 176 171 171 174 177
169 170 174 174 173 167 164 162 163 164 166 167 168 165 164 161 161 160 161 161 161 164 163 165 168 179 186 187 178 191 199 189 184 190 184 181 168 173 176 170 163 156 155 155 157 157 152 152 159 156 153 152 153 154 152 154 155 156 158 159 159 164 166 168 170 179 176 169 167 168 180 180 182 176 178 176 173
168 176 175 171 167 163 165 168 167 169 167 167 171 169 167 166 162 161 161 160 162 161 162 164 166 172 174 180 183 183 192 202 200 190 179 170 170 181 176 171 160 159 157 162 157 156 155 153 155 159 154 154 155 151 152 152 155 156 156 159 159 159 166 167 170 175 178 172 169 166 175 178 178 183 183 178 178
178 178 169 167 167 167 171 172 172 168 165 165 168 165 164 165 165 163 162 162 161 160 162 165 168 171 181 190 191 190 192 202 207 188 181 176 180 184 177 166 162 170 166 163 158 155 154 153 154 160 160 162 157 155 154 149 152 153 155 156 159 166 160 163 168 169 169 174 169 167 171 176 178 179 181 188 185
181 173 166 165 164 166 171 170 171 169 166 165 163 161 162 164 166 165 165 162 160 161 163 165 166 169 176 183 189 196 190 187 194 193 195 182 180 175 167 162 161 171 171 165 157 155 155 158 154 158 163 163 164 158 158 155 152 155 154 153 156 164 165 160 163 165 167 174 168 166 172 173 175 182 184 187 185
180 171 164 164 164 166 169 166 164 167 164 165 161 160 159 161 165 164 165 160 160 160 161 163 165 168 174 183 195 201 186 177 192 187 189 190 190 188 174 171 161 167 172 166 160 155 157 163 157 155 162 165 166 162 159 158 153 156 162 156 154 157 167 167 161 171 173 176 167 165 168 176 180 180 181 181 183
